SDPA start at [Tue Sep 07 12:42:26 2021]
param  is ./param.sdpa 
data   is G:\Research\PhysarumSDPSolver\SDPA\testSet\large2\large2-100-11.dat-s  : sparse
""Large randomly generated tests with n = 100 and m in [5,2]""
out    is G:\Research\PhysarumSDPSolver\SDPA\testSet\large2\large2-100-11.dat-s.res
NumThreads  is set as 1
Schur computation : DENSE 
   mu      thetaP  thetaD  objP      objD      alphaP  alphaD  beta 
 0 1.0e+004 1.0e+000 1.0e+000 -0.00e+000 -5.69e+004 9.1e-001 1.0e+000 2.00e-001
 1 1.8e+003 9.3e-002 1.5e-015 +9.31e-001 -7.10e+004 9.8e-001 1.6e+000 2.00e-001
 2 3.0e+002 1.4e-003 3.4e-015 +9.46e-001 -2.84e+004 1.0e+000 1.1e+000 2.00e-001
 3 4.7e+001 9.3e-018 1.2e-015 +8.83e-001 -4.69e+003 5.5e+001 9.8e-001 1.00e-001
 4 5.5e+000 9.3e-018 3.0e-016 -4.56e+000 -5.59e+002 9.8e-001 9.8e-001 1.00e-001
 5 6.5e-001 1.9e-017 2.7e-017 -4.41e+000 -6.91e+001 8.6e-001 9.5e-001 1.00e-001
 6 9.7e-002 1.9e-017 7.1e-018 -5.29e+000 -1.50e+001 1.1e+000 7.6e-001 1.00e-001
 7 3.0e-002 1.9e-017 5.3e-018 -5.50e+000 -8.49e+000 1.0e+000 9.4e-001 1.00e-001
 8 4.5e-003 2.8e-017 2.0e-017 -5.54e+000 -5.98e+000 1.0e+000 9.9e-001 1.00e-001
 9 5.1e-004 2.8e-017 1.6e-017 -5.54e+000 -5.59e+000 1.0e+000 9.9e-001 1.00e-001
10 5.3e-005 2.8e-017 2.1e-017 -5.54e+000 -5.55e+000 1.0e+000 1.0e+000 1.00e-001
11 5.4e-006 2.8e-017 1.8e-017 -5.54e+000 -5.54e+000 1.0e+000 1.0e+000 1.00e-001
12 5.5e-007 2.8e-017 5.0e-017 -5.54e+000 -5.54e+000 1.0e+000 1.0e+000 1.00e-001
13 5.5e-008 2.8e-017 7.0e-017 -5.54e+000 -5.54e+000 1.0e+000 1.0e+000 1.00e-001
14 5.5e-009 2.8e-017 2.3e-016 -5.54e+000 -5.54e+000 1.0e+000 1.0e+000 1.00e-001

phase.value  = pdOPT     
   Iteration = 14
          mu = +5.4545023497887257e-009
relative gap = +9.8418182216624746e-008
        gap  = +5.4545027605712448e-007
     digits  = +7.0069246606449553e+000
objValPrimal = -5.5421695151353347e+000
objValDual   = -5.5421700605856108e+000
p.feas.error = +2.6645352591003757e-015
d.feas.error = +7.2475359047530219e-012
total time   = 0.523166
** Paramters **
maxIteration = 100
epsilonStar  = +9.9999999999999995e-008
lambdaStar   = +1.0000000000000000e+002
omegaStar    = +2.0000000000000000e+000
lowerBound   = -1.0000000000000000e+005
upperBound   = +1.0000000000000000e+005
betaStar     = +1.0000000000000001e-001
betaBar      = +2.0000000000000001e-001
gammaStar    = +9.0000000000000002e-001
epsilonDash  = +9.9999999999999995e-008
xPrint       = %+8.3e 
XPrint       = %+8.3e 
YPrint       = %+8.3e 
infPrint     = %+10.16e 

                         Time(sec)  Ratio(% : MainLoop) 
 Predictor time  =       0.080361,  24.129099
 Corrector time  =       0.057270,  17.195823
 Make bMat time  =       0.017179,  5.158146
 Make bDia time  =       0.000000,  0.000000
 Make bF1  time  =       0.001136,  0.341094
 Make bF2  time  =       0.000000,  0.000000
 Make bF3  time  =       0.000000,  0.000000
 Make bPRE time  =       0.001136,  0.341094
 Make rMat time  =       0.000000,  0.000000
 Make gVec Mul   =       0.006517,  1.956787
 Make gVec time  =       0.014490,  4.350750
 Cholesky bMat   =       0.000000,  0.000000
 Ste Pre time    =       0.000000,  0.000000
 Ste Cor time    =       0.163473,  49.084211
 solve           =       0.000000,  0.000000
 sumDz           =       0.007999,  2.401770
 makedX          =       0.008073,  2.423989
 symmetriseDx    =       0.081917,  24.596302
 makedXdZ        =       0.105962,  31.816025
 xMatTime        =       0.008000,  2.402071
 zMatTime        =       0.023942,  7.188797
 invzMatTime     =       0.000000,  0.000000
 xMatzMatTime    =       0.000000,  0.000000
 EigxMatTime     =       0.081425,  24.448575
 EigzMatTime     =       0.082048,  24.635636
 EigxMatzMatTime =       0.000000,  0.000000
 updateRes       =       0.000000,  0.000000
 EigTime         =       0.163473,  49.084211
 sub_total_bMat  =       0.315867,  94.841854
 Main Loop       =       0.333046,  100.000000
 File Check      =       0.000000,  0.000000
 File Change     =       0.000000,  0.000000
 File Read       =       0.190120,  57.085207
 Total           =       0.523166,  157.085207

xVec = 
{+7.277e-003,-6.440e-004,-2.668e-003,-8.497e-004,+3.344e-004,+3.800e-003,-8.770e-004,-4.155e-003,+3.701e-004,+2.003e-003,+1.676e-003,-2.711e-003,-3.427e-003,+1.601e-003}
xMat = 
{
{ {+4.829e+000,-2.459e-001,-1.336e-001,-3.814e-001,+1.320e-001,+2.383e-001,-3.364e-001,+3.142e-001,+6.697e-003,-1.080e-001,-2.804e-001,-4.267e-001,+3.731e-001,-5.743e-004,+4.131e-001,-3.239e-001,-4.818e-001,+5.787e-001,-3.474e-005,+9.324e-002,+1.525e-001,-4.263e-003,+2.402e-002,-8.117e-002,-4.092e-001,-1.335e-001,+4.077e-002,+3.369e-001,+1.412e-001,-1.030e-001,+2.723e-001,-2.164e-001,-9.520e-002,+1.248e-001,+1.035e-001,-7.228e-001,+2.519e-001,+2.193e-002,+1.766e-001,+1.960e-001,+6.505e-002,-2.515e-001,-1.659e-003,+1.152e-001,-1.738e-001,+7.021e-003,+4.779e-001,-1.181e-001,-3.225e-001,-3.261e-001,+1.945e-001,+3.749e-001,+2.283e-001,-2.687e-001,-3.338e-002,+3.786e-001,+3.024e-001,+7.895e-002,-2.848e-001,+1.442e-001,-3.630e-001,+1.516e-001,+4.960e-002,+3.449e-002,+7.977e-001,+3.106e-001,+3.468e-001,+2.143e-001,+2.714e-001,-3.771e-001,-2.713e-001,-1.036e-001,+1.880e-001,-5.458e-001,-1.991e-001,+5.310e-002,-1.314e-001,+3.720e-001,-2.230e-002,-6.772e-001,+1.770e-001,-1.993e-001,-1.870e-001,-7.183e-002,+1.959e-001,-2.331e-001,+1.508e-001,+1.150e-001,+3.586e-001,+4.742e-002,-5.165e-002,-7.817e-001,-4.857e-002,-4.510e-002,+3.512e-001,+5.075e-001,+2.072e-001,-3.510e-003,+3.246e-001,+3.595e-001 },
  {-2.459e-001,+6.023e+000,+1.947e-001,+3.679e-001,-4.476e-001,-6.094e-001,+1.699e-001,+2.878e-001,+2.786e-001,-1.004e-001,+3.173e-001,-4.531e-001,-3.066e-001,-3.467e-002,-8.619e-002,-2.607e-001,-2.185e-001,+3.417e-001,-1.872e-001,-7.755e-002,-4.006e-001,+6.237e-001,+1.768e-001,-1.934e-001,-9.724e-002,-1.752e-001,+2.180e-002,-3.409e-001,+2.569e-001,-2.624e-001,-6.085e-001,+7.005e-001,+7.285e-001,-1.885e-001,+1.217e-001,+3.473e-001,+1.389e-001,+2.913e-001,-2.812e-002,-1.623e-001,+5.767e-001,-8.408e-003,-5.629e-001,-2.399e-001,+1.711e-001,+4.361e-001,+3.462e-001,-1.920e-002,-5.165e-001,-3.691e-001,+9.154e-002,+1.606e-001,-1.569e-001,+3.325e-001,+3.142e-002,-2.443e-001,+1.854e-001,-4.486e-001,+4.767e-001,-1.183e-001,-1.348e-001,-4.038e-001,-2.662e-001,-1.848e-001,-2.567e-001,-4.320e-001,+2.250e-001,-4.094e-001,+3.468e-001,-1.841e-001,+3.388e-001,+2.758e-001,+2.082e-001,-4.995e-001,+2.760e-001,-1.727e-001,-1.135e-001,-1.029e-001,-5.802e-001,+9.809e-002,-1.311e-001,-3.437e-001,+3.905e-002,-1.638e-003,+1.986e-001,+4.484e-001,-2.458e-002,-1.022e-001,-2.035e-002,+2.953e-001,+4.548e-001,+2.483e-002,+7.146e-003,+3.157e-001,-1.155e-001,+1.241e-001,-1.838e-001,-2.337e-001,-1.006e-001,-1.590e-001 },
  {-1.336e-001,+1.947e-001,+5.677e+000,-1.966e-001,+6.594e-002,+8.489e-002,+4.077e-001,-7.265e-001,+2.488e-001,-3.426e-001,-3.270e-002,-1.566e-001,-2.294e-001,+4.816e-002,-4.613e-003,+3.576e-001,-6.229e-001,-1.721e-001,+3.444e-001,+4.921e-001,+4.661e-001,+4.689e-001,-1.863e-001,-9.587e-002,-2.596e-002,-7.367e-001,+4.569e-001,-1.939e-001,+3.616e-001,+1.002e-001,-1.253e-002,-1.063e-001,+1.135e-001,+2.889e-001,-3.866e-001,+1.488e-001,+1.090e-001,+9.174e-002,+5.416e-001,+4.493e-001,-4.363e-001,-2.588e-001,-3.441e-001,+2.814e-001,+4.371e-001,-3.786e-001,-6.946e-001,-2.774e-001,+1.547e-001,-2.768e-001,-3.180e-002,-1.192e-001,+1.596e-001,+6.707e-001,-6.847e-002,-2.079e-001,+4.002e-001,-3.665e-001,-5.296e-002,-1.796e-001,-1.397e-001,-2.610e-001,+4.396e-001,+7.608e-001,-3.932e-001,-6.288e-002,+1.336e-001,-2.293e-001,-7.295e-001,-2.888e-001,+5.151e-001,+3.098e-001,+3.664e-001,-1.140e-001,+5.325e-002,+7.708e-002,+1.477e-001,-7.913e-002,+2.463e-001,+1.294e-001,-8.296e-004,+2.626e-002,+1.535e-002,-3.433e-001,+1.375e-001,+1.306e-001,+1.818e-001,-1.031e-001,+2.309e-001,+3.921e-001,-3.915e-002,+1.640e-001,-7.129e-002,+3.761e-001,-2.227e-001,-4.402e-001,-2.701e-002,+3.824e-001,-1.298e-002,+1.418e-001 },
  {-3.814e-001,+3.679e-001,-1.966e-001,+5.836e+000,+3.098e-001,+3.963e-001,-5.017e-001,+5.966e-002,-3.702e-001,+4.410e-001,+1.514e-001,+1.557e-001,+8.644e-002,-2.271e-001,-4.871e-002,-9.782e-002,+5.082e-001,-2.653e-001,+7.266e-001,+3.495e-001,+1.609e-001,-2.194e-001,-3.045e-001,+3.361e-001,+1.125e-001,+4.793e-002,+6.926e-002,-3.221e-001,-1.137e-001,-6.912e-001,-2.978e-003,+8.470e-001,-5.356e-001,+2.566e-001,-5.138e-002,+4.355e-001,-1.668e-001,+3.799e-001,+2.925e-001,+2.994e-001,-3.333e-001,+3.472e-001,+1.300e-001,+2.610e-001,-8.863e-002,+5.937e-003,+2.730e-001,-9.522e-002,-3.678e-001,-1.677e-001,-2.372e-001,-2.370e-001,+3.107e-001,+3.910e-001,-8.086e-001,+2.355e-001,+2.944e-002,+2.544e-001,-6.505e-001,-2.945e-001,-3.631e-001,+4.307e-001,+3.693e-001,-2.130e-001,+2.441e-001,-4.420e-002,+2.871e-001,-2.549e-002,+1.304e-001,-2.495e-001,+2.083e-001,+1.421e-001,+5.788e-001,+5.686e-002,-2.272e-001,-2.535e-001,-2.710e-001,-5.847e-001,+8.346e-002,+2.034e-001,-1.603e-002,+7.891e-002,+4.458e-002,+1.041e-001,+6.851e-002,+1.595e-001,+2.084e-001,+1.668e-001,+1.701e-001,-1.932e-001,-2.774e-001,-3.446e-001,+1.937e-001,+1.506e-001,-1.098e-001,+5.006e-002,-6.576e-002,-3.572e-001,-3.992e-002,+2.147e-001 },
  {+1.320e-001,-4.476e-001,+6.594e-002,+3.098e-001,+6.390e+000,-4.839e-002,+4.196e-001,-8.863e-002,+2.846e-001,+9.827e-002,+6.871e-001,-1.676e-001,+1.219e-001,-1.244e-001,-1.997e-001,+8.869e-001,-5.489e-002,+2.768e-001,-3.868e-001,-1.401e-001,-1.515e-001,+9.756e-002,-3.190e-001,-2.457e-001,+1.749e-001,+3.176e-001,-3.927e-001,-5.166e-001,-1.014e-001,+7.723e-002,-6.966e-002,+1.771e-001,+3.722e-001,+2.574e-001,+2.787e-001,-5.704e-002,-3.168e-001,-1.936e-001,-4.321e-001,+6.342e-002,+3.610e-001,+6.304e-002,-3.005e-001,+5.499e-002,-4.586e-001,-1.086e-001,+2.384e-001,+7.448e-002,+1.451e-002,-1.672e-001,+5.742e-001,-3.175e-001,+1.063e-003,+1.400e-001,-4.852e-001,+4.044e-001,-2.231e-001,+3.291e-001,-4.156e-001,-1.093e-001,+9.502e-002,-3.164e-001,-5.085e-001,-6.831e-001,+5.178e-001,-5.758e-001,-7.618e-001,-2.455e-001,+2.741e-001,-2.165e-001,+6.076e-001,-1.115e-001,+5.372e-001,+5.925e-001,+1.838e-001,+8.317e-001,+2.424e-001,+9.637e-002,-1.177e-001,-1.610e-001,-2.509e-001,-1.670e-002,-5.221e-001,+1.263e-001,-7.759e-002,-1.231e-001,-7.045e-001,-1.296e-001,+3.098e-001,-3.842e-001,-2.793e-001,-2.485e-001,+2.426e-001,-6.739e-002,-9.833e-002,+1.204e-002,-4.003e-002,-4.964e-001,-8.700e-002,-2.000e-001 },
  {+2.383e-001,-6.094e-001,+8.489e-002,+3.963e-001,-4.839e-002,+6.196e+000,-4.923e-002,-2.724e-001,+5.236e-001,-3.552e-001,-9.175e-002,-4.169e-001,+2.596e-001,+1.433e-001,+1.504e-001,+3.513e-001,-1.716e-001,+2.704e-001,+9.620e-001,+1.036e-001,-2.475e-001,+3.279e-002,-1.303e-001,+3.749e-001,-4.408e-001,+2.933e-001,-8.274e-002,+1.700e-001,+5.974e-002,+2.634e-001,-1.617e-001,+2.429e-001,-8.894e-001,-6.266e-002,-3.440e-001,-8.163e-002,-2.202e-001,-4.922e-001,-2.087e-001,-2.265e-001,+1.237e-001,-2.134e-001,+8.144e-002,-3.351e-001,+7.070e-002,+5.159e-001,-2.859e-001,-5.582e-002,-7.172e-002,-2.765e-001,-2.558e-001,-4.927e-001,+1.972e-001,-2.378e-001,+6.276e-001,-6.535e-001,-9.989e-002,+2.027e-001,+4.599e-001,-1.189e-001,-1.736e-001,-8.975e-002,-3.172e-001,+3.181e-001,+3.422e-001,-1.372e-001,+3.785e-002,+4.725e-001,-4.155e-001,-3.242e-001,+3.300e-001,+3.628e-001,+9.895e-002,+7.155e-001,+1.943e-001,+1.737e-001,-9.945e-002,+4.615e-001,+4.339e-001,+4.085e-001,+2.993e-001,-3.589e-003,+3.403e-001,-5.836e-001,-4.069e-001,-7.017e-001,+1.428e-001,+7.497e-001,-3.625e-001,+7.493e-002,+4.689e-001,-1.949e-002,+3.601e-001,-3.511e-001,+1.104e-001,+2.086e-001,-1.990e-001,+4.557e-001,-5.375e-001,-2.080e-001 },
  {-3.364e-001,+1.699e-001,+4.077e-001,-5.017e-001,+4.196e-001,-4.923e-002,+5.427e+000,+6.162e-001,-9.443e-003,-3.164e-002,+7.603e-002,+6.780e-001,-1.793e-001,+1.004e-001,+2.009e-001,+2.641e-001,+3.010e-001,-4.081e-001,-1.725e-001,-4.889e-002,+5.789e-002,-1.057e-001,-2.460e-001,-3.913e-001,-5.910e-002,+8.696e-002,+7.346e-002,+5.992e-002,+2.007e-002,-4.899e-001,+1.176e-001,+1.198e-001,+4.389e-003,+6.872e-001,-6.026e-002,-1.127e-001,-4.869e-002,+2.547e-001,+1.172e-001,-1.715e-002,+5.815e-002,-4.887e-002,+3.223e-002,-1.213e-001,-6.955e-001,+2.680e-001,+1.927e-001,+1.602e-001,+9.534e-002,+1.842e-001,-3.809e-002,-7.219e-003,+3.774e-001,-3.159e-001,-4.563e-002,+2.804e-001,+1.038e-001,-1.620e-001,+2.992e-001,+8.152e-001,+9.307e-002,-6.505e-001,-5.052e-001,-1.071e-001,+2.186e-001,-1.389e-001,+2.335e-001,-2.778e-001,-4.645e-001,-5.997e-001,-5.129e-001,+2.637e-001,-5.624e-002,+4.505e-001,-5.268e-001,+6.855e-001,+2.500e-002,+7.481e-002,+6.948e-001,-1.161e-001,+1.748e-001,-4.422e-001,-8.096e-002,-1.767e-001,-1.125e-001,+1.912e-001,+1.624e-002,+4.740e-001,-1.309e-001,+2.100e-001,+2.947e-001,-4.473e-002,+3.030e-001,+4.244e-002,-1.594e-001,-1.873e-001,+3.762e-001,-2.751e-001,-1.800e-001,+2.425e-001 },
  {+3.142e-001,+2.878e-001,-7.265e-001,+5.966e-002,-8.863e-002,-2.724e-001,+6.162e-001,+6.264e+000,+2.145e-001,+1.120e-001,-6.986e-001,+2.576e-001,-4.096e-001,+4.353e-002,+3.500e-001,+1.819e-001,-1.662e-001,+2.781e-002,-6.962e-002,+3.945e-001,-3.167e-002,+1.130e-002,-1.506e-001,+2.963e-001,-4.839e-001,-9.629e-002,-1.644e-001,+3.444e-001,+2.131e-001,+5.066e-001,+4.702e-001,+2.080e-001,-4.225e-001,+2.040e-001,-3.461e-001,+1.292e-001,-1.768e-001,-2.333e-002,+5.309e-001,+3.516e-001,-5.180e-001,-3.980e-001,-1.661e-002,-7.671e-001,+2.163e-001,-2.668e-001,+2.174e-001,-4.439e-001,-7.971e-002,-1.370e-001,-3.435e-001,-2.921e-001,-1.571e-001,-3.801e-001,+2.369e-001,+2.977e-002,+6.849e-002,-6.044e-002,+2.631e-001,+3.040e-001,-2.966e-001,+2.493e-001,-1.147e-001,-3.181e-001,-2.052e-001,-5.137e-001,+3.119e-001,-2.967e-001,-7.155e-002,+1.156e-001,-3.644e-002,-4.400e-002,-1.010e-001,-4.573e-002,+3.040e-001,-2.704e-001,+6.251e-002,+3.037e-001,+3.622e-001,+2.344e-001,-1.859e-001,+2.241e-001,-1.353e-001,+2.571e-001,-6.454e-001,+1.595e-001,+1.122e-001,+3.572e-001,-9.135e-002,-5.309e-001,+2.701e-001,-1.026e+000,-1.829e-001,+1.797e-001,-2.692e-001,-5.586e-001,+1.560e-001,+2.664e-001,+3.099e-001,-6.921e-003 },
  {+6.697e-003,+2.786e-001,+2.488e-001,-3.702e-001,+2.846e-001,+5.236e-001,-9.443e-003,+2.145e-001,+5.500e+000,-5.581e-001,-3.020e-001,-3.191e-001,+1.683e-001,-2.629e-001,-4.252e-001,+3.520e-001,-5.326e-002,-6.171e-003,+6.973e-001,-2.618e-002,+3.410e-001,+2.443e-002,-3.567e-001,+2.569e-001,-5.863e-002,-5.913e-003,-7.425e-001,+3.553e-001,-2.891e-001,+3.230e-001,+9.518e-002,-2.160e-001,+5.541e-001,+1.850e-001,-7.256e-001,-1.175e-001,-2.449e-001,-2.348e-001,-2.584e-001,-3.418e-001,-3.538e-001,+3.668e-001,-4.451e-001,-7.331e-002,+2.076e-001,-8.519e-001,+2.227e-001,+6.879e-002,+1.867e-001,+1.398e-001,+2.610e-001,+6.109e-001,+1.364e-001,-1.713e-001,-3.738e-002,-4.876e-002,-4.217e-002,-2.989e-001,+8.523e-001,-2.211e-001,+2.501e-001,-3.458e-001,-4.211e-001,-2.479e-003,-6.163e-002,+1.823e-001,-3.821e-001,-4.365e-001,-2.805e-001,-2.524e-002,+2.727e-001,+3.484e-003,-8.097e-001,+2.711e-001,-3.370e-001,+1.908e-001,+2.010e-001,-2.493e-001,+3.717e-001,-8.423e-002,-5.803e-001,+2.980e-001,+2.400e-001,+4.280e-001,-3.831e-001,+1.881e-001,-2.396e-001,-1.191e-001,+1.807e-001,+1.096e-001,-3.131e-001,+2.593e-002,+1.294e-001,+6.016e-001,-7.768e-001,+7.865e-002,-2.999e-001,-4.452e-001,-8.131e-002,-3.941e-001 },
  {-1.080e-001,-1.004e-001,-3.426e-001,+4.410e-001,+9.827e-002,-3.552e-001,-3.164e-002,+1.120e-001,-5.581e-001,+5.768e+000,-4.055e-001,-6.388e-001,+3.526e-002,+6.766e-002,-1.929e-001,-1.063e-001,+5.596e-001,-1.531e-001,-1.547e-001,-8.823e-002,-6.407e-003,-1.165e-001,-8.200e-002,-1.983e-001,+2.822e-001,+2.423e-001,-5.171e-001,+5.616e-001,-3.071e-001,-4.950e-001,-1.636e-001,-3.605e-001,-3.066e-001,+4.090e-001,+1.476e-001,-2.416e-001,+1.301e-001,+1.574e-002,-6.696e-002,+3.334e-001,+1.633e-001,-2.237e-001,+9.127e-003,+2.056e-001,+4.780e-001,+2.181e-001,+2.429e-001,-6.659e-002,+1.819e-001,-1.236e-001,+7.882e-002,+1.463e-001,-3.796e-002,+2.490e-001,+2.396e-001,+2.617e-001,-5.113e-002,+5.841e-001,+3.475e-001,-1.224e-001,-7.540e-001,-3.536e-001,-1.537e-001,-3.632e-001,-4.067e-001,+2.297e-001,-2.085e-001,-1.365e-001,-3.114e-001,+1.634e-001,+2.729e-001,-4.491e-001,+2.953e-001,+3.144e-001,-1.950e-001,+5.769e-002,+1.303e-001,+5.725e-001,+2.836e-001,-2.776e-001,-5.881e-001,+3.791e-001,+4.666e-001,-1.824e-001,-1.574e-001,+1.249e-001,+1.109e-001,-2.724e-001,-4.212e-001,+3.974e-001,-1.107e-001,-2.031e-002,+1.054e-001,-3.151e-001,+4.761e-001,+1.832e-001,-8.949e-002,+5.560e-002,-2.152e-001,+2.140e-002 },
  {-2.804e-001,+3.173e-001,-3.270e-002,+1.514e-001,+6.871e-001,-9.175e-002,+7.603e-002,-6.986e-001,-3.020e-001,-4.055e-001,+5.246e+000,+4.227e-002,+5.640e-001,-5.742e-001,-4.792e-002,+2.341e-001,-2.545e-001,-2.146e-001,+5.703e-001,+8.066e-002,+5.259e-001,-3.651e-001,+3.555e-001,-2.915e-002,+9.217e-002,-8.645e-002,+1.312e-001,-6.465e-002,+6.320e-001,-7.688e-002,+1.621e-001,+1.261e-001,+2.929e-001,-4.761e-001,-2.636e-002,+1.135e-001,+4.030e-002,-7.390e-002,-7.264e-002,+1.759e-001,-3.329e-001,-5.167e-001,-2.321e-001,+2.615e-001,+1.474e-001,+8.229e-002,-2.231e-001,+1.533e-001,+2.136e-002,-1.151e-001,-4.783e-001,+2.470e-001,-8.333e-001,+1.078e-002,+1.355e-001,-3.004e-003,-2.277e-001,-4.276e-001,-1.507e-001,-5.078e-002,+1.493e-001,+3.362e-001,+1.027e-001,+1.489e-001,+5.805e-002,+2.893e-001,-7.001e-001,+8.275e-002,-3.254e-001,-1.503e-001,-1.367e-001,-5.744e-002,-3.981e-001,+2.679e-001,+2.563e-001,+3.439e-001,-3.634e-001,-2.055e-001,-2.042e-001,+9.724e-002,+3.651e-001,+2.438e-001,-2.937e-001,-7.647e-001,+5.850e-002,+6.880e-001,-6.644e-002,+1.119e-001,-5.397e-001,+2.729e-001,-2.814e-001,-4.168e-001,-1.401e-001,-1.661e-001,+8.870e-002,+2.781e-001,+7.987e-002,+1.426e-001,+1.524e-001,-2.577e-001 },
  {-4.267e-001,-4.531e-001,-1.566e-001,+1.557e-001,-1.676e-001,-4.169e-001,+6.780e-001,+2.576e-001,-3.191e-001,-6.388e-001,+4.227e-002,+5.929e+000,+4.110e-001,+2.702e-001,-2.167e-001,-6.656e-002,-1.670e-001,-2.466e-001,+4.450e-001,-1.784e-001,-4.136e-001,-1.247e-001,+3.221e-001,+5.420e-001,-2.238e-001,+2.766e-001,-5.264e-001,+3.752e-001,+5.895e-002,+4.509e-001,+6.084e-001,+1.293e-001,+1.746e-001,+2.718e-001,-3.405e-001,-7.787e-001,+3.104e-001,-6.367e-001,+4.564e-001,-2.425e-001,-2.318e-001,-4.542e-001,+5.653e-001,+6.258e-003,+3.040e-001,+1.490e-001,+6.888e-002,-1.233e-001,-1.502e-001,-2.757e-001,+4.977e-002,+3.955e-001,+1.532e-001,+1.459e-001,-9.170e-002,-1.769e-001,-2.167e-001,+1.225e-001,-8.179e-002,+8.062e-001,+4.147e-001,+4.854e-001,+6.372e-002,+1.504e-001,+9.678e-002,-5.156e-002,-2.706e-001,+2.508e-001,-3.322e-001,+1.538e-002,-4.810e-001,+1.326e-001,+1.179e-001,-5.730e-001,+6.097e-001,-8.663e-003,+3.031e-002,+8.374e-002,-2.205e-001,+3.476e-001,+2.478e-001,+1.855e-001,-1.262e-001,-3.225e-001,+1.761e-001,+1.887e-001,+1.658e-001,-2.739e-001,+3.047e-001,-2.764e-001,-2.478e-001,+9.454e-002,-1.021e-001,-2.839e-001,-1.377e-001,-4.414e-001,+1.789e-001,+2.600e-002,-2.738e-001,-4.227e-001 },
  {+3.731e-001,-3.066e-001,-2.294e-001,+8.644e-002,+1.219e-001,+2.596e-001,-1.793e-001,-4.096e-001,+1.683e-001,+3.526e-002,+5.640e-001,+4.110e-001,+5.872e+000,+3.041e-001,-1.601e-001,+9.713e-002,-5.578e-001,+7.255e-001,-1.759e-001,-1.617e-001,-5.594e-001,+3.521e-001,-2.233e-001,+1.206e-001,-4.008e-001,+2.927e-001,-3.884e-001,-6.800e-002,-3.738e-001,-2.558e-001,-1.111e-001,-3.354e-001,-2.904e-001,-3.179e-001,+4.108e-002,+1.638e-001,-1.616e-002,-1.525e-001,+4.070e-001,+1.424e-001,-4.986e-001,+1.767e-001,-3.581e-001,+3.327e-002,-1.528e-002,+6.062e-001,-6.850e-002,+4.907e-001,+5.394e-002,+1.609e-001,-5.593e-001,-4.709e-001,+3.126e-001,-4.759e-001,-2.423e-001,-4.257e-001,-2.435e-001,+1.312e-001,+2.395e-002,-7.786e-002,+5.504e-002,-7.305e-001,-5.151e-001,+2.427e-001,+6.552e-002,+8.062e-002,+2.384e-001,-1.137e-001,-4.546e-001,+2.242e-001,+7.144e-001,-3.132e-001,-3.913e-001,+1.411e-001,+5.051e-001,-3.183e-001,-5.676e-001,+3.313e-002,+1.336e-001,+9.271e-002,-1.468e-001,-1.803e-001,+6.240e-003,-2.263e-001,-1.912e-001,+3.781e-001,-2.725e-001,-4.251e-002,-6.353e-001,-3.150e-001,-7.443e-002,-7.735e-002,+3.838e-001,+2.771e-001,-2.405e-001,+1.822e-002,+6.139e-001,-1.642e-001,-7.667e-003,+5.596e-001 },
  {-5.743e-004,-3.467e-002,+4.816e-002,-2.271e-001,-1.244e-001,+1.433e-001,+1.004e-001,+4.353e-002,-2.629e-001,+6.766e-002,-5.742e-001,+2.702e-001,+3.041e-001,+5.735e+000,+2.287e-001,-1.587e-002,-4.014e-002,-5.962e-002,+2.992e-003,-2.189e-001,-3.098e-001,+9.852e-002,+3.584e-001,-2.581e-002,-1.076e-001,-2.891e-001,-2.061e-001,-6.169e-001,+4.601e-001,-7.700e-002,-6.331e-001,-2.907e-001,+1.166e-001,+1.222e-002,-3.936e-001,+3.977e-001,-4.090e-001,-6.415e-002,-2.301e-001,-1.166e-001,+2.683e-001,+1.614e-001,+1.509e-001,+5.806e-001,+5.286e-001,-2.496e-001,+4.263e-001,-3.440e-001,+2.334e-001,+2.118e-001,+6.393e-001,+3.041e-001,-4.797e-001,-2.508e-001,+3.162e-001,+1.999e-001,+4.854e-001,+1.300e-001,+4.551e-001,-3.718e-001,+1.494e-001,-2.568e-001,-2.609e-001,+1.098e-001,+6.992e-002,-1.445e-002,+2.041e-001,-3.237e-001,-2.868e-001,+2.333e-001,+1.716e-001,+6.060e-002,+1.331e-001,+4.782e-002,-2.813e-001,-5.950e-001,+2.300e-001,-4.953e-002,-3.426e-001,-2.010e-001,+3.409e-001,+2.545e-001,-5.234e-001,+7.176e-002,-4.209e-001,+5.512e-001,-6.848e-002,-2.743e-001,+2.227e-001,+1.061e-001,+1.340e-001,-2.746e-001,+2.643e-001,+1.857e-001,-6.306e-002,+4.511e-001,+3.734e-001,+2.187e-001,-2.242e-001,+8.021e-002 },
  {+4.131e-001,-8.619e-002,-4.613e-003,-4.871e-002,-1.997e-001,+1.504e-001,+2.009e-001,+3.500e-001,-4.252e-001,-1.929e-001,-4.792e-002,-2.167e-001,-1.601e-001,+2.287e-001,+5.626e+000,+1.508e-001,+2.704e-001,-4.781e-001,-1.236e-001,+2.016e-001,-6.557e-001,+3.493e-001,+6.183e-002,-1.108e-001,+2.003e-002,+4.463e-002,+4.067e-001,-5.492e-001,-1.230e-001,+2.612e-001,+1.838e-001,-7.221e-002,+9.954e-002,-4.250e-001,+3.429e-001,+2.592e-001,-1.411e-001,+2.135e-001,+2.525e-001,+2.983e-002,+3.122e-001,+5.699e-001,-1.876e-001,-3.816e-001,-3.609e-001,+5.281e-001,+5.774e-002,+2.986e-001,-1.515e-001,-3.259e-001,+1.923e-001,+7.171e-002,+4.922e-001,-3.875e-001,-4.081e-001,-1.800e-001,+5.617e-001,+2.418e-001,+2.261e-001,-2.469e-001,-4.522e-001,-2.623e-001,-2.089e-001,-5.632e-001,-3.439e-001,-5.395e-002,+3.227e-001,+4.119e-001,-4.844e-001,-2.475e-001,-4.532e-002,+8.036e-002,-4.505e-001,+2.566e-001,-4.878e-001,-8.069e-002,-2.955e-001,+1.623e-001,-5.636e-001,+6.260e-002,-4.227e-001,-4.122e-002,-1.041e-001,-5.101e-001,-2.712e-002,-5.501e-001,-4.961e-001,+1.401e-001,-2.050e-001,+1.161e-001,+4.244e-001,-4.103e-001,-1.166e-001,-5.725e-002,-4.873e-003,-6.959e-002,-1.891e-001,+6.574e-002,+5.342e-001,-5.234e-001 },
  {-3.239e-001,-2.607e-001,+3.576e-001,-9.782e-002,+8.869e-001,+3.513e-001,+2.641e-001,+1.819e-001,+3.520e-001,-1.063e-001,+2.341e-001,-6.656e-002,+9.713e-002,-1.587e-002,+1.508e-001,+5.556e+000,+9.088e-001,+7.217e-001,-1.563e-001,-1.693e-001,+3.839e-001,-1.271e-001,-2.606e-001,-1.377e-001,-1.359e-001,+5.132e-001,+5.657e-001,+2.948e-001,+8.849e-003,+1.046e-001,-1.636e-001,-3.385e-001,-6.031e-002,-1.516e-002,+5.054e-001,+2.173e-001,-5.506e-001,-2.067e-001,+4.304e-001,-5.127e-001,-6.301e-001,-2.880e-001,+1.218e-001,+4.449e-002,+2.985e-002,-2.888e-001,-3.093e-002,+2.683e-001,+1.007e-001,-1.158e-001,-2.641e-001,+9.479e-002,-2.603e-003,+2.371e-001,-5.512e-001,-1.863e-001,+6.434e-001,-3.404e-001,-4.241e-001,-5.925e-002,-1.002e-001,+1.946e-001,+5.610e-001,-1.778e-001,-4.735e-001,+3.039e-001,-2.787e-001,-3.817e-001,-1.447e-001,-7.045e-002,-4.191e-001,+4.638e-001,-2.345e-001,-1.769e-001,-4.746e-001,-5.257e-001,+1.345e-001,-8.582e-002,+1.843e-001,+4.628e-001,+2.697e-002,+3.424e-001,+3.713e-001,-3.741e-002,-2.979e-001,-5.852e-001,-2.779e-002,-8.793e-002,-1.425e-001,+1.983e-002,+1.105e-001,+1.059e-001,+1.023e+000,+1.072e-002,-9.022e-002,-5.536e-002,+2.603e-001,+6.464e-002,-4.684e-002,-4.469e-001 },
  {-4.818e-001,-2.185e-001,-6.229e-001,+5.082e-001,-5.489e-002,-1.716e-001,+3.010e-001,-1.662e-001,-5.326e-002,+5.596e-001,-2.545e-001,-1.670e-001,-5.578e-001,-4.014e-002,+2.704e-001,+9.088e-001,+5.102e+000,-3.568e-001,-7.589e-001,+2.518e-001,+1.039e-001,-4.223e-002,+2.323e-001,+1.441e-001,-7.095e-002,-5.761e-001,+2.117e-001,+2.133e-001,+4.407e-001,+3.704e-001,+5.336e-002,-9.233e-003,+3.309e-002,-2.735e-001,-4.498e-002,+2.356e-001,-4.590e-001,+1.966e-002,-3.601e-001,-1.028e-001,-1.750e-002,+1.838e-001,-2.901e-001,+8.575e-001,-6.171e-002,-2.452e-001,+3.443e-001,-4.226e-001,+3.076e-001,+1.511e-002,+8.735e-001,+5.480e-001,-2.369e-001,+2.665e-001,+4.193e-001,-2.209e-001,-3.930e-001,-5.465e-001,-2.371e-001,+1.753e-001,-1.065e-001,+7.588e-002,+4.667e-001,-4.263e-002,+2.312e-001,-3.438e-001,-6.741e-002,-3.231e-001,-1.543e-001,-1.190e-001,+4.047e-001,-4.179e-001,+2.299e-001,-4.932e-003,-4.418e-001,-7.033e-002,-1.070e-001,+3.944e-002,+1.983e-001,-1.491e-001,+3.369e-001,+3.854e-001,+9.947e-002,+5.068e-002,-3.842e-001,-1.408e-001,+2.980e-002,+3.554e-001,-3.181e-001,+5.292e-001,-1.780e-001,-5.372e-001,-3.057e-001,+1.594e-001,+2.029e-001,+7.061e-002,+4.213e-002,-4.057e-001,+9.445e-002,-5.089e-002 },
  {+5.787e-001,+3.417e-001,-1.721e-001,-2.653e-001,+2.768e-001,+2.704e-001,-4.081e-001,+2.781e-002,-6.171e-003,-1.531e-001,-2.146e-001,-2.466e-001,+7.255e-001,-5.962e-002,-4.781e-001,+7.217e-001,-3.568e-001,+5.769e+000,+1.284e-001,+2.855e-001,-3.815e-001,-5.415e-001,-3.068e-001,+3.013e-001,+2.360e-001,-1.197e-001,-9.415e-002,-2.820e-001,-3.923e-001,-4.583e-001,-1.308e-002,+2.891e-001,-1.096e-001,+1.598e-001,+2.437e-001,-5.058e-002,+1.063e-001,+1.862e-001,-3.416e-002,-3.365e-001,-1.285e-001,-2.801e-001,+3.235e-001,+1.708e-001,+3.372e-001,+1.559e-001,+4.015e-001,+1.440e-001,+5.643e-001,+5.943e-002,-4.871e-004,-1.111e+000,+4.230e-001,+5.244e-001,-1.591e-001,-9.964e-002,+1.395e-002,+3.634e-001,-3.791e-001,-1.079e-001,-1.733e-001,-3.662e-001,-2.681e-001,-1.188e-002,+2.614e-001,+2.117e-001,-6.260e-002,+3.815e-001,-3.979e-001,+7.801e-001,-1.725e-002,+2.468e-001,+1.622e-002,+6.491e-004,+1.169e-001,+3.839e-001,+7.681e-002,-4.984e-001,+3.376e-001,+6.948e-002,+1.605e-001,-1.634e-001,+1.375e-002,-7.524e-002,-2.409e-001,-6.367e-001,+1.484e-001,+2.265e-001,-5.398e-002,-3.759e-001,-3.523e-001,+8.544e-001,-3.145e-004,-4.153e-001,+4.210e-002,-3.360e-001,-6.239e-002,+1.384e-001,-3.463e-001,+4.800e-002 },
  {-3.474e-005,-1.872e-001,+3.444e-001,+7.266e-001,-3.868e-001,+9.620e-001,-1.725e-001,-6.962e-002,+6.973e-001,-1.547e-001,+5.703e-001,+4.450e-001,-1.759e-001,+2.992e-003,-1.236e-001,-1.563e-001,-7.589e-001,+1.284e-001,+5.411e+000,-3.348e-001,-6.620e-001,-9.452e-002,+5.850e-001,-1.367e-002,-5.059e-001,+5.216e-001,-2.453e-001,+4.311e-001,-1.074e-001,+9.865e-003,+1.805e-001,-4.887e-001,-2.319e-001,+2.328e-001,+7.034e-003,+4.012e-001,-1.460e-001,+1.050e+000,-2.362e-002,-2.460e-001,-2.197e-002,-1.947e-002,-2.531e-001,-3.121e-002,+8.403e-003,-4.806e-001,+3.262e-001,-2.986e-002,+3.633e-002,+2.277e-001,+2.106e-001,+1.300e-001,-4.851e-001,-2.644e-001,+5.546e-001,-1.129e-001,-4.350e-002,-4.209e-001,-2.431e-001,-5.466e-002,+5.056e-001,-6.145e-002,-4.016e-001,-8.087e-001,+7.737e-001,-3.613e-001,+6.332e-001,-5.203e-001,-1.747e-001,-2.449e-001,-4.762e-001,-9.354e-002,-1.174e-002,-5.754e-001,+3.343e-001,+3.071e-001,-2.027e-001,-1.166e-002,-2.225e-001,+5.189e-001,-4.623e-002,-1.693e-001,+1.262e-001,-5.007e-001,-6.701e-002,-5.464e-002,+2.228e-001,-8.018e-001,-1.112e-001,+3.928e-001,-5.096e-001,+3.721e-001,-1.748e-002,-5.629e-001,+3.564e-001,-5.011e-001,-1.507e-001,-8.954e-002,+9.940e-002,+2.577e-001 },
  {+9.324e-002,-7.755e-002,+4.921e-001,+3.495e-001,-1.401e-001,+1.036e-001,-4.889e-002,+3.945e-001,-2.618e-002,-8.823e-002,+8.066e-002,-1.784e-001,-1.617e-001,-2.189e-001,+2.016e-001,-1.693e-001,+2.518e-001,+2.855e-001,-3.348e-001,+5.702e+000,-4.400e-001,-4.098e-001,+3.007e-002,+4.106e-001,+3.395e-001,-5.947e-002,+2.959e-001,+2.117e-001,+6.139e-001,-3.531e-001,-8.831e-001,-4.994e-001,+3.475e-001,+2.275e-001,-1.089e-001,-4.937e-001,-4.383e-001,-4.097e-001,-2.438e-001,-6.274e-001,-9.421e-002,+1.169e-001,-2.469e-001,+2.282e-001,-3.901e-002,+3.119e-001,-9.073e-002,-3.952e-001,+1.117e-001,-5.462e-002,+2.174e-001,+4.476e-001,-4.664e-001,-3.357e-001,+8.307e-002,+5.870e-002,-3.310e-001,-1.284e-001,-3.213e-001,+3.338e-002,+6.052e-001,-3.864e-001,+8.895e-001,-4.717e-001,+3.879e-002,-1.616e-002,-2.502e-001,+1.119e-001,-1.623e-001,-3.769e-002,+2.693e-002,-1.784e-001,+1.098e-001,+3.275e-002,+1.966e-001,+9.009e-002,-7.661e-002,-3.688e-001,+1.489e-001,+3.462e-001,+5.021e-001,-2.231e-001,-3.165e-001,+3.541e-003,-1.279e-001,+4.022e-001,-1.438e-002,-2.574e-001,-9.836e-002,-2.243e-001,-3.452e-002,-3.122e-001,-1.004e-001,+3.635e-001,+1.769e-001,+3.329e-001,-2.400e-001,-3.027e-001,+1.948e-001,-1.379e-001 },
  {+1.525e-001,-4.006e-001,+4.661e-001,+1.609e-001,-1.515e-001,-2.475e-001,+5.789e-002,-3.167e-002,+3.410e-001,-6.407e-003,+5.259e-001,-4.136e-001,-5.594e-001,-3.098e-001,-6.557e-001,+3.839e-001,+1.039e-001,-3.815e-001,-6.620e-001,-4.400e-001,+5.251e+000,-5.558e-002,-2.672e-001,+5.518e-001,-4.017e-001,-1.231e-001,+6.897e-001,+2.016e-001,-5.304e-001,-2.975e-001,-6.358e-001,+6.600e-002,+1.036e-001,-9.952e-003,-3.324e-001,+1.824e-001,+3.607e-001,-2.493e-001,+9.489e-002,+2.067e-001,-2.928e-001,+2.269e-001,+4.616e-002,-6.446e-002,-4.093e-001,-2.697e-001,+3.331e-001,+5.311e-001,+1.694e-001,+1.989e-001,+1.965e-001,-1.049e-001,+3.782e-001,+6.363e-001,+2.591e-001,-1.629e-002,-5.273e-001,+5.226e-001,+4.403e-001,-4.337e-001,+1.579e-001,-5.260e-002,+1.775e-001,-1.772e-001,-2.562e-001,-1.073e-001,-2.997e-001,+2.671e-002,-2.935e-001,+2.981e-001,-2.256e-001,+9.819e-002,-2.134e-001,+4.138e-001,-1.062e-001,-4.970e-001,-8.807e-002,+2.223e-001,-1.811e-001,+5.509e-001,+6.485e-001,+3.723e-001,-8.199e-002,-1.179e-001,+1.148e-002,+4.265e-002,+1.351e-002,-5.032e-001,+2.128e-001,+4.198e-001,+9.397e-002,+1.086e-001,+2.967e-001,+6.971e-001,+1.179e-001,+4.941e-001,-5.907e-001,+4.470e-001,-2.219e-002,-8.644e-002 },
  {-4.263e-003,+6.237e-001,+4.689e-001,-2.194e-001,+9.756e-002,+3.279e-002,-1.057e-001,+1.130e-002,+2.443e-002,-1.165e-001,-3.651e-001,-1.247e-001,+3.521e-001,+9.852e-002,+3.493e-001,-1.271e-001,-4.223e-002,-5.415e-001,-9.452e-002,-4.098e-001,-5.558e-002,+5.489e+000,-1.045e-001,+2.787e-001,+5.626e-002,+3.404e-001,-7.934e-002,+1.240e-001,+3.072e-001,+1.448e-001,-1.083e+000,-5.745e-002,+1.479e-002,+1.245e-001,-5.430e-002,+1.247e-001,+2.532e-001,-3.213e-001,-3.876e-002,+4.027e-001,+1.538e-001,+1.149e-001,+1.018e-001,+2.657e-001,+1.430e-001,+1.235e-001,-2.225e-001,+6.374e-002,+1.437e-001,+4.358e-001,-3.630e-001,+2.281e-001,+2.944e-001,-2.095e-001,+2.910e-001,+5.889e-001,-4.493e-001,-2.028e-001,-4.411e-001,-5.127e-001,+2.008e-001,+7.403e-002,+1.510e-001,+1.166e-001,-3.153e-002,-2.389e-001,+2.025e-001,+2.524e-001,+5.707e-001,+1.452e-001,-4.382e-001,-1.933e-001,-1.479e-001,+4.000e-001,-5.568e-002,-8.383e-002,-2.083e-001,-1.956e-001,-2.466e-001,-3.457e-001,+5.008e-004,-2.821e-001,-1.517e-001,-2.683e-002,-2.804e-001,+1.633e-001,+1.473e-001,+1.068e-001,+4.020e-001,+8.127e-002,-3.441e-001,+3.171e-001,-3.094e-001,+4.748e-001,-1.548e-001,-2.302e-001,+2.960e-001,-5.717e-001,+6.667e-001,+6.339e-001 },
  {+2.402e-002,+1.768e-001,-1.863e-001,-3.045e-001,-3.190e-001,-1.303e-001,-2.460e-001,-1.506e-001,-3.567e-001,-8.200e-002,+3.555e-001,+3.221e-001,-2.233e-001,+3.584e-001,+6.183e-002,-2.606e-001,+2.323e-001,-3.068e-001,+5.850e-001,+3.007e-002,-2.672e-001,-1.045e-001,+5.206e+000,-2.695e-001,+5.358e-001,+9.467e-002,+5.680e-002,+3.018e-001,-3.138e-001,-9.849e-002,-2.905e-001,+3.189e-001,+7.682e-002,+1.775e-002,+3.777e-001,+2.138e-001,+2.488e-001,-4.579e-001,-3.112e-001,-4.539e-001,+4.982e-001,+7.531e-001,-3.955e-001,+8.110e-001,+8.626e-002,+1.239e-001,-2.895e-001,-2.594e-001,+9.041e-002,-3.748e-002,-2.333e-001,+1.363e-001,+5.436e-001,+2.073e-001,-9.835e-002,+2.259e-001,-8.572e-002,+6.382e-002,+5.760e-002,+3.038e-001,-5.270e-002,+1.273e-001,+1.277e-001,+7.985e-001,+1.312e-001,-2.239e-001,-4.592e-001,-1.599e-001,-2.674e-001,+2.274e-001,+1.571e-002,+2.823e-001,+2.915e-001,-1.039e-001,+6.287e-001,-3.173e-001,-1.699e-001,-3.475e-001,+3.172e-001,-9.805e-002,+1.915e-001,+4.741e-002,+2.427e-001,-1.913e-001,-1.295e-001,+3.427e-001,+2.130e-001,-8.819e-002,-6.280e-001,-2.018e-001,+1.146e-001,-2.756e-001,+1.529e-001,-7.889e-002,-2.904e-001,+1.818e-001,+5.784e-001,+1.400e-001,+4.127e-002,+6.108e-002 },
  {-8.117e-002,-1.934e-001,-9.587e-002,+3.361e-001,-2.457e-001,+3.749e-001,-3.913e-001,+2.963e-001,+2.569e-001,-1.983e-001,-2.915e-002,+5.420e-001,+1.206e-001,-2.581e-002,-1.108e-001,-1.377e-001,+1.441e-001,+3.013e-001,-1.367e-002,+4.106e-001,+5.518e-001,+2.787e-001,-2.695e-001,+5.404e+000,+7.769e-002,-2.941e-001,+3.303e-001,-4.368e-001,+8.372e-002,+8.125e-002,-2.970e-002,+3.099e-001,+1.900e-001,+1.109e-002,+2.690e-001,+2.717e-001,+3.448e-001,-2.568e-002,-4.783e-001,-2.029e-001,+4.472e-001,-1.507e-001,-4.983e-002,+2.186e-001,+8.791e-002,-3.939e-001,-2.876e-001,+4.296e-001,-5.403e-001,-8.502e-001,-5.491e-001,+2.450e-002,-2.775e-001,+1.322e-001,+1.389e-001,+8.185e-002,-2.482e-001,+1.283e-003,-2.685e-001,+9.672e-001,+2.636e-001,-4.766e-001,-2.947e-001,-2.968e-002,+1.103e-001,-2.516e-001,+4.158e-001,+5.033e-001,+1.577e-001,+1.242e+000,+1.050e-001,+3.126e-001,-3.050e-001,+2.987e-001,+8.860e-003,-6.135e-001,+1.585e-001,-1.223e-001,-8.126e-002,-9.643e-002,+3.148e-001,+4.481e-001,-7.583e-001,+2.583e-001,-3.058e-002,+9.460e-002,-2.319e-001,+2.803e-001,-1.062e-001,-2.198e-001,-4.892e-002,+8.671e-002,+6.293e-001,+2.505e-002,-5.016e-001,-3.807e-001,+5.291e-001,+1.889e-001,-3.759e-002,-1.521e-001 },
  {-4.092e-001,-9.724e-002,-2.596e-002,+1.125e-001,+1.749e-001,-4.408e-001,-5.910e-002,-4.839e-001,-5.863e-002,+2.822e-001,+9.217e-002,-2.238e-001,-4.008e-001,-1.076e-001,+2.003e-002,-1.359e-001,-7.095e-002,+2.360e-001,-5.059e-001,+3.395e-001,-4.017e-001,+5.626e-002,+5.358e-001,+7.769e-002,+6.162e+000,+1.152e-001,+1.572e-001,+1.458e-001,-3.097e-001,+1.768e-001,-4.655e-001,+2.194e-002,-7.352e-001,+1.949e-001,-4.508e-002,-4.180e-001,-1.004e-001,+2.320e-001,-2.875e-001,-5.486e-001,-2.495e-001,+2.241e-001,-1.711e-001,+2.444e-001,+1.477e-002,-2.966e-001,+2.050e-001,-3.813e-001,-2.105e-001,+4.848e-001,+4.875e-001,-1.908e-001,-1.915e-001,+1.759e-001,+1.614e-001,-1.273e-001,-3.520e-001,-2.225e-001,+1.038e-001,-2.406e-001,-5.307e-001,-1.171e-002,+2.159e-001,+3.141e-001,+6.114e-001,-5.467e-003,+8.863e-002,-7.136e-002,+2.751e-001,-2.150e-002,+5.037e-001,-1.027e-001,-5.477e-002,-3.290e-001,-1.405e-001,-3.027e-001,+8.717e-001,+1.608e-001,+2.652e-001,+4.034e-001,+1.007e-001,-1.884e-001,+5.909e-001,+4.598e-001,-1.377e-001,-3.251e-001,+6.404e-002,-3.371e-001,-4.430e-001,+6.831e-002,+7.639e-002,+1.597e-001,-2.086e-001,+2.168e-001,+8.813e-002,-1.836e-001,-1.875e-001,-3.800e-001,-1.567e-002,+2.126e-001 },
  {-1.335e-001,-1.752e-001,-7.367e-001,+4.793e-002,+3.176e-001,+2.933e-001,+8.696e-002,-9.629e-002,-5.913e-003,+2.423e-001,-8.645e-002,+2.766e-001,+2.927e-001,-2.891e-001,+4.463e-002,+5.132e-001,-5.761e-001,-1.197e-001,+5.216e-001,-5.947e-002,-1.231e-001,+3.404e-001,+9.467e-002,-2.941e-001,+1.152e-001,+5.847e+000,+1.714e-001,-5.678e-002,-3.539e-001,-3.321e-001,+2.961e-001,+1.419e-001,-2.849e-001,-1.015e-001,+1.255e-001,-3.722e-001,-3.148e-002,-4.426e-003,-1.043e-001,+2.723e-001,+3.152e-001,+3.146e-001,+5.172e-001,+1.303e-001,+7.050e-003,-3.628e-001,+1.082e-001,+7.395e-001,-4.948e-001,-8.815e-001,-8.880e-002,-2.113e-001,-3.060e-001,-1.381e-001,+2.713e-001,+3.344e-001,-2.112e-001,+2.301e-001,-3.360e-001,+1.825e-001,+3.748e-002,-6.969e-001,+5.674e-001,-3.834e-001,-1.869e-001,+5.157e-001,-5.607e-001,-2.767e-001,-2.438e-002,-7.411e-001,+2.966e-001,+6.186e-003,-1.457e-001,+1.550e-001,-3.785e-001,-5.379e-001,+7.976e-002,-2.181e-001,-1.299e-001,-5.031e-001,+2.230e-001,+4.986e-001,-1.262e-001,+7.596e-002,-3.574e-003,+9.906e-002,+1.472e-001,+3.278e-001,+2.830e-001,+2.402e-002,-4.188e-001,-1.088e-001,-4.576e-001,-8.902e-001,-4.964e-001,-4.215e-001,+1.742e-001,-5.125e-002,+8.805e-002,-6.598e-001 },
  {+4.077e-002,+2.180e-002,+4.569e-001,+6.926e-002,-3.927e-001,-8.274e-002,+7.346e-002,-1.644e-001,-7.425e-001,-5.171e-001,+1.312e-001,-5.264e-001,-3.884e-001,-2.061e-001,+4.067e-001,+5.657e-001,+2.117e-001,-9.415e-002,-2.453e-001,+2.959e-001,+6.897e-001,-7.934e-002,+5.680e-002,+3.303e-001,+1.572e-001,+1.714e-001,+5.270e+000,+1.875e-001,+2.136e-001,+3.249e-001,+3.917e-001,+1.280e-001,+2.230e-001,+3.350e-001,-1.487e-001,-2.504e-001,-4.155e-002,-6.769e-001,-1.678e-001,-2.759e-001,-3.598e-001,+3.550e-001,-1.306e-001,-6.337e-002,+7.039e-002,-3.545e-002,+3.961e-001,+8.639e-002,+1.029e-001,-3.093e-001,-1.240e-001,-4.717e-001,+4.505e-001,+3.514e-001,-2.040e-001,-5.476e-002,+4.163e-001,+2.365e-001,-4.901e-003,-4.448e-001,-2.442e-001,+6.440e-002,-3.531e-001,-8.216e-001,-4.108e-001,-3.188e-002,-1.161e-002,+5.533e-001,+2.871e-001,-8.416e-002,-1.040e-001,+1.583e-001,-3.223e-001,+1.115e-002,+4.086e-001,+4.295e-002,+1.785e-001,-9.735e-002,+6.436e-002,-3.244e-001,-3.115e-001,+2.805e-002,-3.081e-001,+2.134e-001,+1.162e-002,-2.006e-001,-6.023e-002,+3.729e-001,-2.592e-001,-3.267e-003,-3.215e-001,+2.413e-001,-1.490e-001,-2.290e-001,+1.477e-001,-1.321e-001,-6.743e-001,+2.532e-001,-1.118e-002,-8.940e-002 },
  {+3.369e-001,-3.409e-001,-1.939e-001,-3.221e-001,-5.166e-001,+1.700e-001,+5.992e-002,+3.444e-001,+3.553e-001,+5.616e-001,-6.465e-002,+3.752e-001,-6.800e-002,-6.169e-001,-5.492e-001,+2.948e-001,+2.133e-001,-2.820e-001,+4.311e-001,+2.117e-001,+2.016e-001,+1.240e-001,+3.018e-001,-4.368e-001,+1.458e-001,-5.678e-002,+1.875e-001,+5.987e+000,-2.272e-001,-6.224e-001,-1.743e-002,+4.217e-002,+3.582e-002,+3.233e-001,-1.789e-001,+3.523e-001,+1.742e-001,+6.744e-001,-2.274e-001,-2.231e-001,-3.635e-001,-3.618e-002,+3.279e-002,-1.979e-001,-3.220e-001,-1.435e-001,+2.392e-001,+6.871e-002,-1.169e-001,+1.613e-001,+1.327e-001,+9.368e-002,+3.663e-001,+2.936e-001,+4.984e-001,-3.164e-001,-4.476e-001,+3.064e-001,-2.928e-001,-2.381e-001,-8.261e-001,+6.685e-002,-2.878e-001,+4.476e-001,-1.904e-001,+4.921e-001,+2.761e-001,-1.302e-001,+2.913e-001,-3.002e-001,-2.611e-001,-1.233e-001,-8.117e-001,-3.486e-001,-9.346e-002,+8.912e-002,-6.818e-002,+1.138e-001,+6.369e-001,+1.780e-001,+2.178e-001,+6.000e-001,+7.321e-002,+1.356e-001,-3.266e-001,-5.540e-001,-4.965e-001,+1.096e-001,+4.327e-001,+3.042e-002,+5.369e-002,-5.072e-001,-5.081e-001,-3.129e-001,+1.297e-001,+2.060e-001,-3.614e-001,+1.011e-001,+2.264e-001,-4.786e-001 },
  {+1.412e-001,+2.569e-001,+3.616e-001,-1.137e-001,-1.014e-001,+5.974e-002,+2.007e-002,+2.131e-001,-2.891e-001,-3.071e-001,+6.320e-001,+5.895e-002,-3.738e-001,+4.601e-001,-1.230e-001,+8.849e-003,+4.407e-001,-3.923e-001,-1.074e-001,+6.139e-001,-5.304e-001,+3.072e-001,-3.138e-001,+8.372e-002,-3.097e-001,-3.539e-001,+2.136e-001,-2.272e-001,+5.685e+000,-2.319e-001,+1.903e-002,+1.063e-001,-2.144e-001,-5.180e-001,+4.272e-001,-4.118e-001,-9.015e-002,+6.935e-002,+8.302e-002,-2.020e-001,-3.376e-001,+2.729e-001,+2.223e-001,+2.664e-001,+2.186e-002,+2.722e-001,-1.418e-001,+2.676e-001,-6.418e-001,-1.704e-001,+3.627e-001,+6.433e-001,+2.195e-001,+2.141e-001,+2.873e-001,+2.949e-002,+5.775e-001,-1.510e-001,-2.577e-001,+2.357e-001,+6.304e-001,-7.265e-002,+9.942e-002,+9.699e-002,-4.473e-001,+4.185e-001,-5.509e-001,+1.184e-002,+1.674e-001,+4.017e-001,-3.296e-001,-5.985e-001,-3.431e-001,-8.599e-002,-1.995e-001,+4.529e-001,-2.465e-001,+1.838e-002,-6.802e-001,-6.852e-003,-1.124e-001,+3.840e-001,+5.564e-002,-8.745e-002,-1.782e-001,-1.982e-004,-1.248e-001,+1.832e-002,-2.060e-002,-1.719e-001,-3.074e-002,+3.329e-001,-2.996e-003,+3.340e-001,+3.583e-001,+4.349e-001,+3.679e-002,-6.758e-001,-2.201e-001,-6.255e-001 },
