SDPA start at [Tue Sep 07 12:42:33 2021]
param  is ./param.sdpa 
data   is G:\Research\PhysarumSDPSolver\SDPA\testSet\large2\large2-100-18.dat-s  : sparse
""Large randomly generated tests with n = 100 and m in [5,2]""
out    is G:\Research\PhysarumSDPSolver\SDPA\testSet\large2\large2-100-18.dat-s.res
NumThreads  is set as 1
Schur computation : DENSE 
   mu      thetaP  thetaD  objP      objD      alphaP  alphaD  beta 
 0 1.0e+004 1.0e+000 1.0e+000 -0.00e+000 -5.56e+004 9.1e-001 1.0e+000 2.00e-001
 1 1.8e+003 9.2e-002 1.7e-015 +1.20e-001 -6.93e+004 9.9e-001 1.6e+000 2.00e-001
 2 2.8e+002 1.1e-003 2.9e-015 +1.95e-001 -2.73e+004 1.0e+000 1.1e+000 2.00e-001
 3 4.6e+001 9.3e-018 2.1e-015 +2.14e-001 -4.59e+003 9.0e+001 9.8e-001 1.00e-001
 4 5.2e+000 9.3e-018 3.0e-016 -2.14e+000 -5.22e+002 9.8e-001 9.8e-001 1.00e-001
 5 6.0e-001 9.3e-018 5.0e-017 -2.06e+000 -6.16e+001 9.1e-001 9.4e-001 1.00e-001
 6 9.2e-002 9.3e-018 1.5e-017 -2.66e+000 -1.19e+001 1.8e+000 8.4e-001 1.00e-001
 7 2.2e-002 1.9e-017 8.0e-018 -2.75e+000 -4.92e+000 1.2e+000 8.9e-001 1.00e-001
 8 4.3e-003 1.9e-017 7.3e-018 -2.77e+000 -3.20e+000 1.2e+000 9.8e-001 1.00e-001
 9 4.9e-004 1.9e-017 1.2e-017 -2.77e+000 -2.82e+000 1.2e+000 9.9e-001 1.00e-001
10 5.2e-005 1.9e-017 4.4e-017 -2.77e+000 -2.77e+000 1.2e+000 1.0e+000 1.00e-001
11 5.3e-006 2.8e-017 7.6e-017 -2.77e+000 -2.77e+000 1.2e+000 1.0e+000 1.00e-001
12 5.3e-007 2.8e-017 1.8e-016 -2.77e+000 -2.77e+000 1.2e+000 1.0e+000 1.00e-001
13 5.3e-008 2.8e-017 2.9e-016 -2.77e+000 -2.77e+000 1.2e+000 1.0e+000 1.00e-001
14 5.3e-009 2.8e-017 8.0e-016 -2.77e+000 -2.77e+000 9.0e-001 9.0e-001 1.00e-001

phase.value  = pdFEAS    
   Iteration = 14
          mu = +5.3218297690893482e-009
relative gap = +1.9220551250620168e-007
        gap  = +5.3218304696400764e-007
     digits  = +6.7162341608053842e+000
objValPrimal = -2.7688227506096039e+000
objValDual   = -2.7688232827926509e+000
p.feas.error = +2.6645352591003757e-015
d.feas.error = +1.5518253349000588e-011
total time   = 0.990707
** Paramters **
maxIteration = 100
epsilonStar  = +9.9999999999999995e-008
lambdaStar   = +1.0000000000000000e+002
omegaStar    = +2.0000000000000000e+000
lowerBound   = -1.0000000000000000e+005
upperBound   = +1.0000000000000000e+005
betaStar     = +1.0000000000000001e-001
betaBar      = +2.0000000000000001e-001
gammaStar    = +9.0000000000000002e-001
epsilonDash  = +9.9999999999999995e-008
xPrint       = %+8.3e 
XPrint       = %+8.3e 
YPrint       = %+8.3e 
infPrint     = %+10.16e 

                         Time(sec)  Ratio(% : MainLoop) 
 Predictor time  =       0.219121,  25.057606
 Corrector time  =       0.149554,  17.102264
 Make bMat time  =       0.069812,  7.983359
 Make bDia time  =       0.000000,  0.000000
 Make bF1  time  =       0.044383,  5.075423
 Make bF2  time  =       0.000000,  0.000000
 Make bF3  time  =       0.000000,  0.000000
 Make bPRE time  =       0.044383,  5.075423
 Make rMat time  =       0.017252,  1.972854
 Make gVec Mul   =       0.000000,  0.000000
 Make gVec time  =       0.008267,  0.945374
 Cholesky bMat   =       0.000000,  0.000000
 Ste Pre time    =       0.000000,  0.000000
 Ste Cor time    =       0.471361,  53.902540
 solve           =       0.000000,  0.000000
 sumDz           =       0.000000,  0.000000
 makedX          =       0.025304,  2.893642
 symmetriseDx    =       0.248040,  28.364642
 makedXdZ        =       0.273344,  31.258284
 xMatTime        =       0.016735,  1.913733
 zMatTime        =       0.009087,  1.039145
 invzMatTime     =       0.000000,  0.000000
 xMatzMatTime    =       0.000000,  0.000000
 EigxMatTime     =       0.241377,  27.602694
 EigzMatTime     =       0.229888,  26.288868
 EigxMatzMatTime =       0.000000,  0.000000
 updateRes       =       0.007970,  0.911410
 EigTime         =       0.471265,  53.891562
 sub_total_bMat  =       0.804657,  92.016641
 Main Loop       =       0.874469,  100.000000
 File Check      =       0.000000,  0.000000
 File Change     =       0.000000,  0.000000
 File Read       =       0.116238,  13.292409
 Total           =       0.990707,  113.292409

xVec = 
{+4.166e-003,+3.349e-003,+2.605e-004,+1.040e-003,-3.119e-004,+6.669e-003,+3.363e-003}
xMat = 
{
{ {+5.383e+000,+8.446e-002,+1.103e-002,-1.983e-001,+2.855e-001,+2.956e-002,-3.027e-001,+4.470e-001,+1.575e-001,+2.923e-001,-3.067e-001,-2.044e-001,-8.067e-002,+4.898e-002,-2.516e-001,+5.793e-002,-4.422e-001,-3.657e-001,+2.039e-001,+5.204e-001,-5.902e-002,+3.479e-001,-2.319e-001,+2.793e-001,-2.787e-001,-1.082e-001,-3.408e-001,+4.139e-002,+3.677e-001,-6.669e-001,-6.831e-001,+5.167e-002,-9.961e-002,-1.476e-003,+6.352e-001,+2.072e-001,-2.053e-001,+1.338e-001,+1.892e-001,-2.410e-001,+1.886e-002,-6.895e-001,+2.434e-001,-2.238e-001,-1.899e-001,+3.584e-001,+8.650e-001,+5.814e-001,-4.738e-001,+6.720e-001,-2.715e-001,-4.593e-001,+5.422e-001,-1.165e-001,+2.991e-002,-2.695e-001,+1.685e-001,+2.489e-001,-1.511e-001,-3.743e-002,-1.416e-001,-2.039e-001,-4.243e-001,-4.204e-001,-7.163e-002,+4.509e-001,-3.107e-001,-7.406e-002,+3.856e-001,+2.271e-001,+3.748e-001,-2.363e-001,+2.797e-001,+3.088e-001,+6.101e-001,+3.957e-002,+7.448e-003,-6.489e-001,-1.359e-001,+5.408e-001,+2.593e-001,+1.620e-001,+2.890e-001,-1.480e-001,+3.688e-001,+1.703e-001,+1.091e-001,+2.047e-001,-2.139e-001,+3.815e-002,-5.621e-002,-3.345e-001,+1.198e-001,+2.961e-001,+1.113e-001,+5.373e-002,+4.484e-001,+1.802e-001,-8.256e-002,+4.841e-002 },
  {+8.446e-002,+5.593e+000,-1.860e-001,+2.164e-002,+3.619e-001,-2.125e-002,+5.293e-001,-1.441e-002,-9.502e-002,+1.770e-001,-1.556e-001,-3.706e-001,-3.645e-001,+1.802e-001,-1.133e-001,-6.384e-002,+4.853e-001,+7.478e-001,+1.577e-001,+2.220e-001,+1.667e-001,-1.299e-002,-3.243e-001,+1.629e-002,-6.743e-003,-2.853e-001,+1.768e-001,-4.473e-001,-1.085e-001,+3.340e-001,+1.317e-001,-4.892e-001,+3.287e-001,-2.813e-001,+1.779e-001,-1.404e-001,-2.274e-001,-2.109e-001,+2.848e-001,-1.337e-001,+1.430e-001,-2.836e-001,+4.743e-002,-5.102e-001,+3.110e-001,-4.709e-001,+2.866e-002,-1.181e-001,+5.261e-001,+1.740e-001,-1.797e-001,-1.097e-001,+5.389e-001,+3.879e-001,-6.310e-002,-1.956e-001,+2.690e-001,-1.363e-001,+8.358e-002,-2.188e-001,+2.193e-001,-7.951e-002,-1.257e-001,+8.626e-002,-6.580e-002,-9.079e-002,-5.163e-002,-4.879e-001,-4.608e-001,-1.338e-002,-1.912e-001,+5.011e-002,-4.124e-001,-3.464e-002,+5.209e-001,+3.209e-001,-3.520e-001,-5.739e-001,+1.985e-003,+5.699e-001,-2.035e-001,+2.982e-001,-7.097e-002,-5.077e-001,-9.289e-002,-2.730e-001,-8.040e-002,+2.715e-001,-5.098e-001,-2.519e-001,+6.276e-002,-5.796e-001,+7.518e-002,-7.890e-001,+2.417e-001,+1.660e-001,+6.989e-001,-1.816e-002,+1.261e-001,+2.671e-001 },
  {+1.103e-002,-1.860e-001,+5.122e+000,+2.650e-002,-3.646e-001,-2.226e-001,+7.535e-002,+2.932e-002,+3.595e-001,+4.175e-001,-8.123e-002,+6.449e-001,+1.228e-001,-5.303e-001,-1.731e-001,+9.244e-002,+8.146e-002,-3.034e-001,+3.345e-001,-1.924e-001,+3.396e-001,-1.128e-001,+2.976e-001,-2.891e-002,-3.472e-001,-3.669e-001,+2.060e-001,-2.437e-001,-3.191e-001,+6.255e-001,-1.214e-001,+3.514e-001,-2.823e-001,+2.543e-001,+3.510e-001,+9.116e-002,-2.016e-002,-6.045e-001,-8.256e-002,+7.901e-001,+4.168e-001,-3.848e-001,-3.684e-001,+4.085e-001,-5.463e-003,-1.488e-001,+6.275e-001,+5.383e-001,+5.048e-002,+2.418e-001,-8.574e-002,+2.025e-001,+1.195e-001,+1.042e-001,+6.244e-002,-3.839e-001,-2.811e-002,+2.483e-002,+2.500e-001,-2.547e-001,-7.546e-002,-4.959e-001,+2.221e-001,+1.437e-001,-1.265e-001,-3.004e-001,-4.606e-001,-2.672e-001,-3.139e-001,-6.315e-002,-4.198e-001,+2.527e-001,+2.452e-001,-3.478e-001,+4.206e-001,-6.076e-001,-5.692e-001,-3.661e-001,+7.315e-001,+7.494e-001,+2.352e-002,+2.988e-001,+2.175e-001,-1.599e-001,+1.390e-001,+1.395e-001,+4.066e-001,+6.900e-003,+1.003e-001,-1.849e-001,+3.322e-001,+3.288e-001,-4.369e-001,-1.059e-001,+1.748e-001,-1.871e-001,+2.358e-001,+1.960e-001,-5.289e-001,+2.596e-001 },
  {-1.983e-001,+2.164e-002,+2.650e-002,+4.985e+000,+1.432e-001,+4.779e-001,-1.207e-001,-1.384e-003,+7.581e-001,-8.212e-002,-6.706e-002,+5.530e-001,-7.533e-001,-7.353e-002,+2.965e-002,+4.412e-003,-1.529e-001,-1.361e-001,+3.254e-001,-3.760e-001,+3.514e-001,+2.206e-001,-3.512e-001,-3.810e-001,-1.982e-001,-8.191e-001,+2.838e-001,-3.110e-001,-1.078e-002,-4.703e-001,-5.710e-001,+4.284e-001,-4.244e-001,-3.304e-001,-2.775e-001,-1.451e-001,+1.670e-001,+3.126e-001,+1.517e-001,-2.481e-001,-3.470e-001,-7.981e-001,-1.131e-001,+1.140e-001,-4.676e-002,+2.462e-001,+3.455e-001,+3.141e-001,+1.433e-001,+4.345e-002,+3.374e-001,-1.419e-001,-8.544e-002,+3.994e-002,+2.843e-001,+7.322e-001,-1.876e-001,+2.323e-001,-1.551e-001,+1.357e-001,-1.919e-001,+3.714e-001,-1.658e-001,+7.153e-001,+2.109e-001,+9.732e-002,+1.629e-001,+3.540e-001,+1.476e-001,-4.531e-002,+3.025e-001,-2.015e-001,-1.494e-001,-5.093e-001,-3.406e-001,-1.250e-001,-4.813e-001,+2.637e-001,+3.271e-002,+2.939e-001,-9.216e-001,+4.397e-001,+2.647e-001,-9.010e-002,+7.356e-001,-2.211e-001,+2.873e-001,-1.793e-001,+3.475e-001,+2.801e-001,+5.175e-001,+2.971e-001,-4.680e-002,+1.479e-001,+9.998e-002,-3.473e-001,-2.061e-001,+1.062e-001,-3.066e-002,+9.855e-002 },
  {+2.855e-001,+3.619e-001,-3.646e-001,+1.432e-001,+5.919e+000,-1.272e-002,+3.425e-001,-2.000e-001,-3.250e-001,-6.663e-002,-4.551e-001,-5.497e-001,-8.261e-002,-4.763e-001,+1.780e-001,+2.294e-001,+3.705e-001,-3.275e-001,-2.506e-003,-2.708e-001,+4.596e-001,-1.813e-001,-3.058e-001,-5.752e-002,-5.803e-002,-1.626e-001,+4.156e-001,-5.393e-001,+2.704e-001,-1.777e-001,-8.947e-003,-1.496e-001,-2.604e-002,+1.777e-001,-2.607e-001,-5.251e-001,-1.651e-002,-2.578e-001,-7.188e-001,-2.072e-001,+3.019e-001,+3.167e-002,+2.650e-001,+2.339e-001,-2.493e-001,+5.925e-001,+4.017e-001,+3.633e-001,+4.945e-001,-2.265e-003,-2.798e-001,+1.547e-001,+2.396e-002,+2.372e-001,+6.320e-002,-2.183e-001,-4.494e-001,+4.183e-001,+3.993e-001,-1.416e-001,-4.552e-001,-5.714e-001,-1.662e-001,+5.785e-002,+1.183e-001,-1.309e-001,-1.563e-002,+4.861e-001,+6.841e-002,-2.928e-001,+2.819e-001,+1.328e-001,+2.733e-001,+2.915e-001,-8.672e-002,+1.387e-001,-1.483e-001,+3.162e-001,-3.161e-001,+2.616e-002,+2.813e-001,+3.089e-001,-1.967e-001,+3.115e-002,-3.066e-002,+6.184e-001,+4.094e-001,+7.308e-001,-1.416e-002,+1.473e-001,+6.641e-001,+3.880e-001,+8.928e-002,+3.034e-001,+1.897e-001,+7.610e-001,-3.105e-001,-8.630e-002,-1.039e-002,+2.289e-001 },
  {+2.956e-002,-2.125e-002,-2.226e-001,+4.779e-001,-1.272e-002,+5.721e+000,-9.117e-001,+2.674e-002,+4.617e-001,-1.387e-001,+2.649e-001,+3.737e-002,+9.101e-002,+7.018e-001,+2.534e-002,-6.211e-002,-1.715e-001,+1.012e-001,+3.951e-002,+4.321e-001,+2.471e-001,-2.796e-001,+2.116e-001,-4.678e-001,-9.472e-002,+1.185e+000,-9.865e-002,+8.096e-002,-1.769e-001,-2.332e-001,-6.224e-002,+8.753e-002,+3.304e-001,+3.589e-001,+2.764e-001,-4.111e-001,-1.906e-001,-2.984e-001,+2.794e-001,+4.387e-001,-1.545e-001,+1.946e-001,+5.861e-001,-3.264e-001,+4.094e-001,+8.089e-002,-1.523e-001,+4.065e-001,+4.547e-001,-3.613e-001,-1.939e-001,-7.606e-002,+6.122e-002,-7.563e-002,+5.915e-003,-1.242e-001,+2.651e-001,-1.216e-001,-4.379e-001,+1.706e-002,+1.762e-001,-4.516e-001,+2.632e-001,+4.888e-001,+7.087e-001,-7.713e-001,+6.647e-002,+2.793e-001,+6.202e-002,-5.744e-001,-1.013e-001,-8.770e-002,-1.546e-001,+1.671e-001,-1.332e-001,-2.849e-001,+8.232e-002,-2.109e-001,+9.276e-002,-9.892e-002,+3.666e-002,+1.181e-001,+7.371e-002,-2.692e-001,+3.807e-001,-6.005e-001,-1.667e-001,-2.916e-001,-6.350e-002,+1.186e-002,+1.696e-001,-8.053e-003,-7.658e-002,-5.057e-002,-2.344e-001,-5.335e-002,+8.809e-003,-3.392e-001,-1.006e-001,-1.965e-002 },
  {-3.027e-001,+5.293e-001,+7.535e-002,-1.207e-001,+3.425e-001,-9.117e-001,+6.236e+000,-4.284e-002,+1.486e-001,+2.022e-001,+3.727e-001,-7.358e-002,-2.489e-001,+3.118e-001,+1.351e-001,+3.033e-001,-1.030e+000,+9.180e-002,-4.774e-001,+7.298e-001,-8.747e-002,-3.550e-001,-8.561e-002,+5.177e-001,-8.294e-002,+4.638e-001,+3.602e-002,+5.492e-001,-3.070e-002,+1.952e-001,+1.669e-001,-2.576e-001,-3.208e-001,+2.043e-001,+5.199e-001,-1.881e-001,+1.679e-001,-2.494e-001,+4.229e-001,-2.606e-001,-3.895e-001,-5.881e-002,+3.597e-001,+7.714e-001,+3.172e-001,-2.119e-001,+1.165e-001,-4.208e-001,-3.265e-001,-3.122e-001,-1.425e-001,+3.328e-001,+4.807e-001,+1.478e-001,+1.128e-001,+5.175e-001,-7.376e-001,-8.924e-002,+3.617e-001,-6.827e-002,+1.290e-001,+3.728e-001,-5.272e-001,-1.809e-001,+2.299e-001,-7.850e-002,+5.389e-001,+7.726e-001,-1.409e-001,-3.566e-002,+1.101e-001,-7.935e-002,+2.300e-001,-3.956e-001,+2.783e-001,+8.660e-002,-3.450e-001,-6.413e-001,+3.980e-001,-2.292e-001,+4.999e-001,-7.565e-002,-3.054e-001,+2.302e-001,-2.349e-001,-3.736e-001,+4.945e-002,-3.029e-001,+4.412e-002,-4.364e-001,-1.487e-001,+2.066e-001,+1.395e-001,-1.068e-002,+3.895e-002,+1.681e-001,-2.856e-001,-2.972e-001,-4.981e-002,-2.422e-001 },
  {+4.470e-001,-1.441e-002,+2.932e-002,-1.384e-003,-2.000e-001,+2.674e-002,-4.284e-002,+5.468e+000,+8.673e-001,-2.789e-001,+1.001e-001,+6.956e-001,+1.361e-001,-2.227e-001,+2.201e-001,+1.422e-001,+4.684e-001,+3.461e-001,-5.357e-001,+2.006e-001,+1.808e-001,-4.443e-001,-6.526e-002,-9.869e-002,+6.280e-002,-3.013e-001,+3.030e-002,+4.320e-001,+6.000e-001,-2.700e-001,+2.073e-001,+3.466e-001,+2.714e-001,+5.751e-001,-1.349e-001,-5.074e-002,+2.528e-001,+1.017e-001,-2.947e-001,+1.113e-001,+1.444e-001,-5.898e-002,+5.398e-001,+2.051e-001,+2.263e-001,+1.303e-001,+2.074e-001,+2.893e-002,+2.857e-002,-6.698e-002,+1.259e-001,-2.859e-001,+2.086e-001,-3.492e-002,+1.027e-001,-2.385e-001,+2.369e-001,+5.475e-002,-2.843e-001,+1.469e-002,-7.374e-002,+3.854e-001,-8.769e-001,+2.032e-001,-4.085e-001,-3.235e-002,+3.387e-001,+1.916e-001,-3.141e-001,-4.151e-001,+2.839e-001,-1.570e-001,-2.676e-002,-4.067e-001,-3.601e-002,+9.069e-002,+7.999e-001,+1.753e-001,+2.541e-001,+2.829e-001,-5.523e-002,-6.878e-001,+1.659e-001,+3.176e-001,+2.782e-001,+1.286e-001,+4.227e-001,+1.458e-001,-6.940e-002,-4.135e-001,+1.009e-001,+3.431e-001,+1.274e-001,-9.216e-002,+7.175e-001,-8.756e-002,+4.696e-001,+1.190e-001,-2.924e-001,+5.661e-002 },
  {+1.575e-001,-9.502e-002,+3.595e-001,+7.581e-001,-3.250e-001,+4.617e-001,+1.486e-001,+8.673e-001,+4.953e+000,-2.080e-001,+3.042e-001,-3.343e-001,+5.986e-002,+4.234e-001,-3.726e-001,+1.790e-001,-3.415e-002,+6.143e-001,-2.732e-002,+3.414e-001,+3.386e-001,+1.538e-001,+1.748e-001,-1.126e-002,+9.384e-002,-6.094e-001,+2.818e-001,+2.447e-001,+8.739e-002,-2.391e-001,+7.941e-002,-5.563e-001,-3.274e-001,-3.368e-001,+1.170e-001,+2.881e-001,-3.046e-001,-1.746e-001,+2.357e-001,-4.521e-001,+2.434e-002,-1.067e-001,+6.205e-002,-7.050e-002,+2.585e-002,+5.327e-001,+1.045e-001,+1.792e-001,+4.659e-001,-7.314e-002,-2.707e-002,+2.059e-002,-2.460e-001,+9.886e-002,-2.894e-001,-2.851e-001,-8.493e-001,+5.116e-001,-5.443e-001,-2.637e-001,+1.845e-001,+1.178e-001,+1.571e-001,+1.095e-001,-9.546e-002,-2.179e-001,-5.972e-001,+3.471e-001,+3.358e-001,-3.786e-002,+7.270e-001,-2.676e-002,+1.726e-001,-6.714e-001,-2.714e-002,+7.166e-003,-3.670e-001,+1.172e-001,-5.960e-001,-4.343e-001,-1.115e-001,+4.460e-002,+1.829e-001,-1.241e-001,+1.113e-001,+2.428e-001,+2.023e-001,-1.695e-001,-1.987e-002,-5.227e-001,-3.664e-001,+2.986e-001,-8.624e-002,+3.513e-001,+4.690e-002,-3.219e-001,-5.194e-001,+3.403e-001,+5.410e-001,-1.526e-001 },
  {+2.923e-001,+1.770e-001,+4.175e-001,-8.212e-002,-6.663e-002,-1.387e-001,+2.022e-001,-2.789e-001,-2.080e-001,+5.659e+000,-1.917e-001,+5.336e-001,+2.431e-001,-1.472e-001,-4.010e-001,-7.710e-002,-1.898e-002,+4.398e-002,-1.984e-001,+1.798e-001,+2.152e-001,-1.970e-001,-9.641e-002,+1.640e-001,+3.261e-001,+3.848e-001,+5.417e-001,+6.007e-001,+7.376e-002,+4.856e-001,+1.496e-001,+5.327e-001,-6.153e-001,+6.215e-001,-2.912e-001,+1.213e-001,+1.812e-003,-1.427e-001,-1.860e-001,-6.183e-001,-6.874e-001,-9.993e-002,-1.686e-001,-2.006e-001,+1.166e-001,+2.279e-001,+1.832e-001,-6.319e-002,+4.599e-002,+4.501e-002,+3.028e-001,+6.416e-001,-1.456e-001,+5.091e-001,-3.311e-001,+1.178e-001,-4.816e-002,-2.602e-001,-2.080e-001,-3.543e-001,-2.488e-001,-4.200e-001,+3.196e-001,-3.090e-001,-9.589e-002,+3.651e-002,+5.496e-002,-2.545e-001,+9.183e-002,+3.704e-001,-1.601e-001,+1.684e-001,-1.599e-001,+2.885e-001,+8.547e-002,+2.567e-001,+5.316e-001,-2.047e-001,-2.384e-001,+2.419e-001,-2.584e-001,+6.977e-001,-3.064e-001,-2.856e-001,+2.648e-001,+5.836e-002,-2.385e-001,+5.923e-002,-6.421e-002,-3.754e-002,+3.987e-001,+2.435e-001,+5.210e-001,+2.472e-002,-6.734e-002,-7.624e-002,+3.361e-002,+8.050e-001,-3.287e-001,-1.838e-001 },
  {-3.067e-001,-1.556e-001,-8.123e-002,-6.706e-002,-4.551e-001,+2.649e-001,+3.727e-001,+1.001e-001,+3.042e-001,-1.917e-001,+6.339e+000,-1.944e-001,+4.653e-001,+8.161e-002,-2.899e-001,-2.274e-001,-2.105e-001,+2.920e-001,+9.119e-002,+4.956e-001,-1.864e-001,+5.879e-001,-1.254e-001,+2.690e-001,+1.433e-001,-1.627e-001,-4.603e-002,+4.369e-001,-2.409e-001,-4.685e-001,-3.750e-001,-5.788e-002,-9.088e-002,+2.991e-001,+3.155e-001,-1.094e-001,-8.862e-001,-3.087e-001,+1.520e-001,-2.105e-002,-2.883e-001,+1.181e-001,+1.266e-001,+5.356e-001,+3.892e-001,+3.610e-001,+5.793e-002,+3.986e-001,+9.035e-001,-1.784e-001,+1.986e-001,-6.236e-002,+4.384e-001,+2.422e-001,+4.061e-002,-1.221e-001,-3.131e-001,+1.573e-002,+3.067e-001,+2.219e-001,+1.225e-001,-2.346e-001,-2.777e-001,-2.070e-001,+6.431e-001,-4.128e-002,+8.835e-002,-7.992e-002,+2.108e-002,-3.768e-001,+1.686e-002,+1.841e-001,+4.471e-001,+2.514e-001,-7.280e-001,+5.167e-001,-2.480e-002,+2.209e-001,+4.462e-001,-3.700e-001,-2.692e-001,+4.054e-001,+1.715e-001,+3.656e-001,-8.738e-003,+4.428e-001,-2.704e-002,-3.057e-001,-3.386e-001,+3.533e-002,+8.767e-001,-3.954e-001,-2.283e-001,+9.781e-002,-2.153e-001,-1.967e-001,+1.216e-002,-4.125e-001,-3.349e-001,+2.265e-001 },
  {-2.044e-001,-3.706e-001,+6.449e-001,+5.530e-001,-5.497e-001,+3.737e-002,-7.358e-002,+6.956e-001,-3.343e-001,+5.336e-001,-1.944e-001,+5.395e+000,+2.576e-003,-6.223e-001,+1.901e-001,-5.651e-002,+4.321e-001,+2.795e-001,+1.406e-001,+6.636e-001,-2.267e-001,-7.897e-002,-1.862e-001,+6.691e-001,-5.554e-001,+4.175e-001,-3.212e-001,-1.735e-001,+3.467e-001,+1.819e-001,+2.677e-001,-2.800e-001,-6.668e-002,-3.072e-001,+8.724e-003,-4.767e-001,-5.005e-001,+2.370e-001,-2.288e-001,+1.721e-001,-1.522e-001,-4.700e-001,+6.620e-002,-4.008e-002,-3.760e-001,+8.076e-003,+6.438e-001,-5.108e-001,+3.477e-001,+1.710e-001,+2.079e-001,+5.736e-001,-2.456e-001,+3.026e-001,-3.038e-001,+6.941e-002,+4.035e-001,-5.854e-001,+3.609e-002,+9.055e-001,-6.395e-001,-1.006e-001,-4.914e-001,+2.024e-001,-3.147e-001,+4.067e-001,-1.280e-001,+2.841e-002,-3.351e-001,-5.362e-001,-3.072e-002,-1.982e-002,-1.247e-001,+1.162e-001,-1.033e-001,-6.554e-002,-6.728e-002,+2.979e-001,+3.527e-001,+4.095e-003,+1.560e-001,-1.819e-001,-2.084e-001,+1.918e-001,-5.750e-002,+1.653e-002,+2.814e-001,+1.674e-001,-1.754e-001,+2.507e-001,-2.438e-001,+3.097e-001,+1.011e-001,-2.689e-001,+4.232e-001,+2.817e-001,-8.344e-001,-1.784e-001,-1.316e-001,-1.179e-001 },
  {-8.067e-002,-3.645e-001,+1.228e-001,-7.533e-001,-8.261e-002,+9.101e-002,-2.489e-001,+1.361e-001,+5.986e-002,+2.431e-001,+4.653e-001,+2.576e-003,+6.077e+000,+3.464e-002,-1.719e-001,-4.839e-001,+2.205e-001,+4.220e-002,-2.231e-001,+2.563e-001,+1.904e-001,+1.104e-001,-5.899e-002,-6.106e-001,-5.459e-001,+1.983e-001,+2.393e-001,+1.430e+000,+1.947e-001,-1.366e-002,+1.358e-001,+1.715e-001,-1.210e-001,-1.746e-001,-9.132e-003,-3.558e-001,+4.054e-002,-2.821e-001,-1.503e-001,+1.678e-002,+3.942e-001,+2.443e-001,+2.340e-001,+3.770e-001,-2.356e-001,-1.673e-001,-1.600e-001,+1.433e-001,-2.701e-001,+5.154e-001,-1.953e-001,-2.152e-001,+5.558e-001,+1.143e-001,-5.212e-001,+2.409e-001,-5.303e-002,+4.254e-001,-5.325e-001,+3.682e-001,+4.308e-002,-4.011e-002,+2.929e-001,-4.025e-001,-2.502e-001,-4.697e-001,-5.981e-001,-3.233e-002,+1.372e-001,+2.639e-001,-2.542e-001,+1.410e-001,+8.729e-002,-3.616e-001,-4.525e-001,+2.084e-001,+8.019e-001,+2.117e-001,-3.559e-001,+3.301e-001,+5.233e-001,-4.576e-001,+1.686e-001,+3.224e-001,+3.583e-002,-5.747e-001,+2.324e-001,-1.236e-001,+3.328e-001,+3.970e-002,-3.102e-001,+3.125e-001,+4.728e-001,+1.902e-002,+2.249e-001,-1.909e-001,+3.752e-001,-1.276e-001,+4.121e-001,+8.587e-001 },
  {+4.898e-002,+1.802e-001,-5.303e-001,-7.353e-002,-4.763e-001,+7.018e-001,+3.118e-001,-2.227e-001,+4.234e-001,-1.472e-001,+8.161e-002,-6.223e-001,+3.464e-002,+5.434e+000,-6.096e-001,-5.341e-002,+2.472e-001,-5.938e-001,+1.952e-001,+2.607e-001,+2.595e-001,+2.872e-001,-2.529e-001,-1.893e-001,+5.601e-001,+1.470e-001,-4.570e-002,-1.498e-002,-3.985e-001,+2.830e-001,-5.381e-001,+4.463e-001,-3.120e-001,+1.018e-001,+1.014e-001,+1.834e-001,-1.017e-002,+3.206e-001,+9.276e-002,+2.845e-001,-3.627e-001,+2.119e-001,-1.685e-001,-5.608e-001,-5.582e-001,+2.401e-002,+2.106e-001,-2.237e-001,-3.496e-001,+3.960e-001,+2.703e-001,+4.847e-001,-7.889e-002,-4.529e-001,-1.061e-001,+6.790e-001,+4.068e-001,+4.595e-001,+5.919e-001,+1.922e-001,+9.011e-002,-1.981e-001,-3.643e-002,-6.870e-001,-2.204e-001,+4.714e-001,+9.996e-002,+1.042e-001,+1.639e-001,+4.754e-002,+5.083e-001,+2.542e-001,+1.170e-001,+5.062e-001,-3.822e-001,+4.304e-001,+8.357e-003,+4.364e-001,+1.568e-001,+3.384e-001,-9.444e-002,-2.315e-001,-4.394e-002,+1.620e-001,-2.081e-002,+7.517e-002,-1.662e-001,-6.150e-002,-4.031e-001,+1.589e-001,-7.980e-002,+1.821e-001,+2.593e-001,-5.790e-002,-1.390e-001,-1.229e-001,+8.700e-002,+1.736e-001,-2.486e-002,+1.555e-001 },
  {-2.516e-001,-1.133e-001,-1.731e-001,+2.965e-002,+1.780e-001,+2.534e-002,+1.351e-001,+2.201e-001,-3.726e-001,-4.010e-001,-2.899e-001,+1.901e-001,-1.719e-001,-6.096e-001,+5.516e+000,+3.932e-002,+1.225e-001,+6.352e-001,-1.175e-001,+2.982e-001,+3.690e-001,+5.295e-001,+3.851e-001,+1.583e-001,+2.657e-002,-1.501e-001,+4.329e-001,-1.061e-001,-7.241e-001,-4.056e-001,+5.626e-001,+1.944e-001,+2.123e-001,+6.991e-001,-9.353e-002,-5.811e-001,+4.994e-001,-2.754e-001,-2.924e-001,-7.887e-001,-2.296e-001,+3.392e-001,-2.287e-001,+1.665e-001,+3.011e-001,+2.910e-001,+7.147e-002,+9.787e-002,-1.367e-001,+8.985e-002,+1.806e-001,-9.325e-002,-1.991e-001,-3.981e-001,+8.677e-002,+2.181e-002,-7.920e-002,+5.178e-001,-5.148e-001,-3.937e-001,-3.255e-001,-4.158e-001,-4.821e-001,-2.813e-001,+3.084e-001,+6.177e-001,+5.350e-001,-1.912e-001,+3.929e-001,-2.231e-001,-9.173e-002,+2.283e-001,-2.756e-001,-1.876e-001,+3.077e-001,-3.979e-002,+3.619e-001,+2.478e-001,+2.854e-001,+4.418e-001,-3.618e-001,-2.275e-002,-1.781e-001,-1.430e-001,-6.079e-002,+3.121e-001,+1.369e-001,+2.170e-001,-3.903e-001,-9.369e-002,+1.908e-001,-1.139e-001,+6.194e-002,+7.095e-002,+5.419e-001,+4.796e-001,+2.900e-001,-2.799e-001,+4.717e-002,-2.269e-001 },
  {+5.793e-002,-6.384e-002,+9.244e-002,+4.412e-003,+2.294e-001,-6.211e-002,+3.033e-001,+1.422e-001,+1.790e-001,-7.710e-002,-2.274e-001,-5.651e-002,-4.839e-001,-5.341e-002,+3.932e-002,+5.823e+000,+6.810e-002,+2.833e-001,-2.089e-001,+3.341e-001,-1.678e-001,+3.715e-002,-2.028e-001,+2.492e-002,-2.495e-002,-2.146e-001,+3.359e-001,+3.376e-001,-1.525e-001,-7.789e-001,-1.030e-001,+2.175e-001,+9.155e-002,+2.751e-001,+7.450e-001,+4.547e-001,+3.932e-001,+2.055e-001,-2.702e-001,-2.890e-001,+4.606e-001,-1.181e-001,+1.520e-001,-1.858e-001,+5.308e-001,+3.415e-001,-3.742e-001,+3.950e-001,-5.398e-001,+1.395e-001,-6.829e-002,+5.763e-001,+1.641e-002,-8.457e-003,+2.680e-001,-1.958e-001,-3.470e-001,-4.464e-001,-2.453e-001,-3.886e-001,+2.931e-001,+1.264e-001,+3.704e-001,+1.288e-001,-3.004e-001,+7.898e-002,-2.956e-001,+2.029e-001,-1.260e-001,-8.623e-003,+6.307e-002,+5.756e-002,-1.572e-002,+1.233e-001,+1.477e-001,+4.601e-001,+9.354e-001,-3.965e-001,+7.173e-001,+1.416e-002,+2.792e-001,+4.822e-001,-5.192e-002,-7.341e-001,+3.239e-001,+9.513e-002,-1.757e-001,-8.371e-002,-1.381e-001,-2.161e-001,-5.124e-002,-2.533e-001,+3.121e-002,+5.208e-001,-2.241e-001,+3.888e-002,-3.849e-001,-4.485e-001,+2.290e-001,-3.773e-001 },
  {-4.422e-001,+4.853e-001,+8.146e-002,-1.529e-001,+3.705e-001,-1.715e-001,-1.030e+000,+4.684e-001,-3.415e-002,-1.898e-002,-2.105e-001,+4.321e-001,+2.205e-001,+2.472e-001,+1.225e-001,+6.810e-002,+5.261e+000,-2.459e-003,+1.163e-001,-2.669e-001,+6.491e-002,-2.521e-001,-5.104e-001,+6.163e-002,+3.782e-001,+6.222e-001,+3.115e-001,+6.309e-001,-5.363e-002,-9.540e-003,-4.227e-001,+3.128e-001,-1.115e-001,+4.552e-001,+7.992e-001,+9.690e-002,-1.104e-001,+1.129e-001,-1.882e-001,-2.683e-002,+3.828e-002,+4.260e-001,-3.528e-001,-2.714e-001,+2.400e-001,+5.732e-002,+4.261e-001,-5.503e-001,+6.916e-002,-4.227e-001,+2.396e-001,+3.204e-001,-4.365e-001,-1.076e-001,+4.283e-001,+2.716e-001,+2.212e-001,-1.967e-001,+8.669e-001,+2.996e-001,-2.916e-001,+4.716e-001,+5.785e-002,+5.223e-003,+1.372e-001,-1.582e-001,-2.930e-002,+1.323e-001,+4.375e-001,+6.766e-002,+3.852e-001,-4.756e-001,-2.881e-001,+5.777e-001,+2.222e-001,-2.891e-001,+4.686e-001,+5.522e-001,+4.354e-002,-2.548e-001,+3.757e-001,+4.264e-002,-1.182e-001,-3.422e-002,+1.947e-001,+2.012e-001,+5.143e-001,-3.241e-001,-1.639e-001,+1.371e-001,-2.775e-001,+1.605e-001,-5.252e-001,-3.451e-001,+3.541e-002,-8.721e-002,-2.490e-001,+1.362e-001,+1.127e-001,+1.444e-001 },
  {-3.657e-001,+7.478e-001,-3.034e-001,-1.361e-001,-3.275e-001,+1.012e-001,+9.180e-002,+3.461e-001,+6.143e-001,+4.398e-002,+2.920e-001,+2.795e-001,+4.220e-002,-5.938e-001,+6.352e-001,+2.833e-001,-2.459e-003,+5.295e+000,+5.113e-001,+2.119e-001,+3.220e-001,-2.338e-001,+5.981e-001,-3.571e-001,-2.273e-001,-2.227e-002,-2.285e-001,+6.757e-001,-1.507e-001,+5.584e-001,+1.179e-001,-1.246e-001,+1.782e-001,+2.130e-001,-6.315e-001,+4.503e-001,-1.901e-001,+5.009e-002,-2.220e-001,-8.818e-002,-2.049e-001,-4.818e-001,+7.006e-001,-3.305e-002,-4.003e-001,-6.528e-001,-9.264e-002,-1.992e-001,+6.710e-002,+2.139e-001,+7.587e-002,+3.150e-001,-2.673e-001,+2.111e-001,+4.209e-001,-1.360e-001,-4.003e-001,+4.752e-001,+5.777e-001,-4.246e-001,+5.302e-001,+5.117e-001,+3.072e-001,-1.144e-001,+5.237e-001,-1.924e-001,+1.086e-001,+1.717e-001,+6.709e-002,-3.916e-001,-4.006e-001,+9.955e-002,+5.749e-001,+3.634e-002,+1.730e-001,+2.068e-001,-3.918e-001,-2.732e-001,+8.970e-002,+1.458e-001,+4.248e-001,+1.836e-002,-2.196e-001,-1.780e-002,+3.491e-001,-4.724e-001,+3.481e-001,+4.543e-003,+1.515e-001,-1.540e-001,-1.310e-001,-9.888e-002,-1.422e-001,-1.005e-001,-2.120e-001,+2.746e-001,-3.980e-001,-4.575e-002,+1.404e-001,-3.742e-001 },
  {+2.039e-001,+1.577e-001,+3.345e-001,+3.254e-001,-2.506e-003,+3.951e-002,-4.774e-001,-5.357e-001,-2.732e-002,-1.984e-001,+9.119e-002,+1.406e-001,-2.231e-001,+1.952e-001,-1.175e-001,-2.089e-001,+1.163e-001,+5.113e-001,+5.415e+000,-6.645e-001,+1.537e-001,+1.133e-001,-5.794e-001,+8.145e-002,-1.492e-001,+4.115e-001,+3.339e-001,-1.055e-001,-5.892e-002,-2.655e-001,+5.986e-001,+3.493e-001,+2.283e-002,-4.106e-001,+1.918e-001,-1.642e-001,-4.641e-002,+2.471e-001,-1.482e-001,+6.490e-001,-3.143e-001,-3.253e-001,+2.433e-001,+5.387e-001,+1.869e-001,+1.290e-002,+1.057e-002,+1.017e-001,-3.279e-001,+1.171e-001,+2.282e-001,+2.818e-002,+4.801e-002,+5.321e-001,+2.349e-001,+1.619e-001,+2.497e-001,+3.173e-001,-3.050e-001,+2.761e-001,-7.798e-002,-5.262e-001,+3.197e-002,+4.217e-001,+1.650e-001,+3.695e-001,-9.657e-002,-1.974e-001,-3.891e-001,+5.321e-002,-2.624e-001,+2.308e-001,+1.604e-001,-5.140e-001,-5.074e-001,+2.515e-002,+1.491e-001,-5.219e-001,-1.273e-001,+8.591e-002,+3.400e-001,+3.365e-001,-3.668e-001,+5.584e-002,+1.016e-001,-4.001e-001,+1.590e-001,-1.185e-001,+7.611e-001,+4.385e-001,-3.837e-001,+2.418e-002,+2.392e-001,-1.605e-002,+2.674e-001,+5.292e-002,-1.801e-001,+3.346e-001,-1.134e-003,-9.412e-002 },
  {+5.204e-001,+2.220e-001,-1.924e-001,-3.760e-001,-2.708e-001,+4.321e-001,+7.298e-001,+2.006e-001,+3.414e-001,+1.798e-001,+4.956e-001,+6.636e-001,+2.563e-001,+2.607e-001,+2.982e-001,+3.341e-001,-2.669e-001,+2.119e-001,-6.645e-001,+5.134e+000,+7.271e-001,-1.864e-001,+2.452e-001,+3.075e-002,+1.730e-001,+1.625e-001,-1.427e-001,-2.169e-001,+7.606e-001,-2.500e-001,-3.827e-001,+9.132e-001,+2.719e-001,+4.035e-001,-2.184e-001,-8.264e-002,+3.291e-002,-4.800e-001,-2.979e-001,+4.412e-001,-2.726e-001,-2.346e-001,-1.156e-002,-2.729e-002,+3.132e-002,-4.050e-001,-4.455e-001,+5.317e-002,-1.327e-001,+9.189e-001,+8.725e-001,+1.685e-001,+2.154e-001,+2.823e-001,-5.258e-001,+1.929e-001,-1.593e-002,-1.784e-001,-9.446e-002,+4.607e-001,+2.861e-001,-4.467e-001,+2.971e-001,-9.900e-002,-4.440e-001,+4.489e-001,-1.949e-001,-1.666e-001,+1.996e-001,+1.684e-001,-5.305e-001,-8.645e-003,+1.661e-001,+5.369e-001,+1.049e-001,-7.084e-001,+2.215e-001,+6.882e-002,-2.238e-002,-6.402e-002,-4.743e-001,+2.328e-001,-4.390e-001,+3.348e-001,-2.111e-001,-3.669e-001,+1.501e-001,+5.254e-001,-5.610e-002,-1.156e-001,-4.796e-002,-1.460e-002,+7.854e-001,+6.607e-001,-1.281e-001,+2.412e-001,-2.733e-001,-4.147e-002,+3.377e-001,-3.399e-001 },
  {-5.902e-002,+1.667e-001,+3.396e-001,+3.514e-001,+4.596e-001,+2.471e-001,-8.747e-002,+1.808e-001,+3.386e-001,+2.152e-001,-1.864e-001,-2.267e-001,+1.904e-001,+2.595e-001,+3.690e-001,-1.678e-001,+6.491e-002,+3.220e-001,+1.537e-001,+7.271e-001,+6.070e+000,+2.617e-001,+1.432e-001,-1.800e-001,+1.706e-001,+2.561e-001,+5.941e-002,-1.621e-001,+5.658e-002,+5.260e-001,+1.157e-001,-4.778e-001,+3.074e-001,+1.189e-001,+1.459e-001,+1.302e-001,+3.987e-001,-3.409e-001,-4.149e-001,+1.132e-001,-5.052e-001,+2.182e-001,+7.133e-002,+9.598e-002,+3.403e-001,+3.270e-001,+1.463e-001,-7.427e-001,-2.839e-001,+5.420e-001,+3.984e-001,+1.252e-002,+2.133e-001,-4.334e-001,-2.825e-002,-2.618e-002,+4.175e-001,+5.231e-001,-1.729e-001,-6.291e-002,-1.317e-001,+7.964e-002,+4.195e-001,-1.078e-001,+1.609e-001,+3.095e-001,-4.122e-002,-1.840e-002,+2.250e-001,+3.219e-003,+1.167e-001,+2.499e-001,-2.179e-001,-2.961e-001,-1.791e-001,-1.985e-001,-4.731e-001,+2.432e-001,-2.299e-001,+3.789e-002,+3.936e-003,-2.454e-001,-1.661e-001,-2.976e-001,-2.319e-001,-4.252e-002,+3.891e-002,-1.264e-001,+4.030e-001,-3.243e-001,+4.560e-001,-3.701e-001,-9.675e-002,+3.558e-001,+4.032e-001,-3.034e-001,+4.271e-002,+3.065e-001,-3.876e-001,-5.313e-001 },
  {+3.479e-001,-1.299e-002,-1.128e-001,+2.206e-001,-1.813e-001,-2.796e-001,-3.550e-001,-4.443e-001,+1.538e-001,-1.970e-001,+5.879e-001,-7.897e-002,+1.104e-001,+2.872e-001,+5.295e-001,+3.715e-002,-2.521e-001,-2.338e-001,+1.133e-001,-1.864e-001,+2.617e-001,+5.980e+000,-6.658e-002,-3.069e-001,+2.564e-001,+1.302e-002,+4.963e-001,-8.738e-002,-1.796e-001,-1.597e-002,+6.676e-001,+6.983e-002,+3.757e-002,-6.317e-001,-2.470e-001,-8.136e-002,+8.757e-001,-2.108e-001,+6.912e-002,-5.418e-001,+5.343e-001,-4.549e-001,-9.221e-002,-9.613e-002,+2.151e-001,+3.848e-001,-1.746e-001,-1.431e-001,-2.640e-001,-3.812e-002,+2.260e-001,+2.706e-001,+5.228e-001,-3.968e-001,-1.202e-001,+3.824e-001,-6.029e-001,+2.978e-001,-1.407e-001,-6.400e-001,+1.565e-001,+1.000e-001,+1.667e-001,+4.378e-001,+2.642e-001,-8.273e-001,+3.204e-001,-2.755e-001,+1.650e-001,+1.189e-001,-1.274e-001,+7.658e-001,+5.711e-002,+2.765e-001,-4.075e-002,+4.332e-001,+2.727e-001,-2.915e-002,-1.116e-001,+2.168e-001,-5.018e-001,+2.362e-001,+1.530e-001,+1.693e-001,-2.816e-001,-6.699e-002,-3.631e-001,+1.673e-001,+2.008e-001,+1.170e-001,+5.073e-003,-2.214e-001,-2.597e-001,-1.318e-001,-1.461e-001,-3.527e-001,-2.093e-001,+2.599e-001,-2.026e-001,+1.478e-001 },
  {-2.319e-001,-3.243e-001,+2.976e-001,-3.512e-001,-3.058e-001,+2.116e-001,-8.561e-002,-6.526e-002,+1.748e-001,-9.641e-002,-1.254e-001,-1.862e-001,-5.899e-002,-2.529e-001,+3.851e-001,-2.028e-001,-5.104e-001,+5.981e-001,-5.794e-001,+2.452e-001,+1.432e-001,-6.658e-002,+4.469e+000,+9.187e-002,+2.215e-002,+6.703e-001,+3.832e-002,-8.401e-003,+4.294e-001,+6.783e-002,-1.943e-001,+1.464e-001,+4.494e-001,-2.338e-001,+1.077e-001,-2.978e-001,-2.716e-001,+1.813e-001,-2.006e-001,-5.685e-002,+2.130e-002,+1.864e-001,+3.331e-001,-1.361e-001,+1.782e-001,+2.837e-002,+2.755e-001,+1.274e-001,+3.543e-001,-4.284e-001,+2.182e-001,-6.850e-002,-2.051e-001,-6.999e-002,+1.297e-001,+7.125e-002,+3.138e-001,+3.331e-002,-5.278e-001,-5.862e-001,+3.074e-001,+2.506e-002,+2.371e-001,+2.180e-001,+9.963e-003,+1.439e-001,+5.869e-002,+1.215e-001,-3.933e-002,+7.389e-001,-5.216e-001,-2.510e-001,+5.551e-001,-1.725e-001,-3.568e-001,+3.902e-001,+7.621e-002,+9.605e-002,-8.678e-002,+5.427e-002,+1.557e-002,-5.932e-003,+1.881e-001,+2.172e-001,+2.646e-001,+8.707e-002,+4.432e-002,-2.676e-001,-8.276e-002,+2.484e-001,+2.691e-001,+7.874e-001,+7.222e-002,-2.718e-002,-1.536e-001,+3.487e-001,-7.547e-004,+3.908e-001,-3.012e-002,+7.331e-001 },
  {+2.793e-001,+1.629e-002,-2.891e-002,-3.810e-001,-5.752e-002,-4.678e-001,+5.177e-001,-9.869e-002,-1.126e-002,+1.640e-001,+2.690e-001,+6.691e-001,-6.106e-001,-1.893e-001,+1.583e-001,+2.492e-002,+6.163e-002,-3.571e-001,+8.145e-002,+3.075e-002,-1.800e-001,-3.069e-001,+9.187e-002,+5.833e+000,-3.924e-001,-1.802e-001,+2.505e-001,+2.993e-001,-6.587e-001,-2.283e-001,+1.931e-001,-9.115e-002,+1.630e-001,+4.087e-001,-9.188e-001,-4.863e-001,-1.153e+000,-2.068e-002,+4.941e-001,+1.454e-001,+1.356e-001,-1.792e-002,-1.884e-001,-2.115e-001,+3.969e-002,+2.465e-002,+1.791e-001,-1.518e-001,-2.709e-001,-3.178e-001,+3.471e-001,-3.723e-002,-5.361e-002,-2.330e-001,+2.470e-001,+2.842e-002,-2.695e-001,-4.537e-001,+2.105e-001,-4.655e-001,+2.560e-001,-1.888e-001,-1.396e-001,+1.524e-001,-3.066e-001,+3.191e-001,+2.014e-002,-1.637e-002,-1.988e-001,+4.160e-001,+5.621e-001,+1.518e-001,+4.974e-001,+2.411e-001,-2.807e-002,+2.478e-001,-1.487e-001,-1.332e-001,-7.556e-001,-3.352e-001,+1.087e+000,-3.003e-002,-4.530e-001,-3.230e-001,-3.324e-001,-4.469e-001,-1.726e-001,-3.958e-001,-1.803e-001,+2.152e-001,+2.453e-001,-1.589e-001,+9.045e-002,+1.851e-001,+3.457e-001,+1.199e-001,-1.653e-001,+7.066e-001,+2.960e-001,-8.966e-002 },
  {-2.787e-001,-6.743e-003,-3.472e-001,-1.982e-001,-5.803e-002,-9.472e-002,-8.294e-002,+6.280e-002,+9.384e-002,+3.261e-001,+1.433e-001,-5.554e-001,-5.459e-001,+5.601e-001,+2.657e-002,-2.495e-002,+3.782e-001,-2.273e-001,-1.492e-001,+1.730e-001,+1.706e-001,+2.564e-001,+2.215e-002,-3.924e-001,+5.647e+000,-1.038e+000,-2.211e-001,-3.070e-001,+6.179e-001,-2.345e-001,+8.039e-002,-4.232e-001,-3.516e-001,-3.910e-001,-1.726e-001,-3.010e-001,-2.703e-001,+5.402e-001,+3.993e-001,+3.361e-001,+2.224e-002,-1.701e-001,+3.321e-001,+1.918e-001,-1.535e-001,-1.695e-001,-1.805e-001,+2.524e-001,+6.631e-003,-4.523e-001,+1.082e-001,-2.553e-001,+2.852e-001,+6.040e-001,-3.391e-002,+4.756e-001,-6.003e-002,-3.424e-002,+2.346e-001,+2.859e-001,+2.767e-001,-8.429e-002,-1.478e-001,+2.449e-001,+4.387e-001,+5.162e-001,+1.204e-001,-7.311e-002,-3.344e-003,+9.155e-002,-1.992e-002,-1.422e-001,+1.509e-001,-1.777e-001,-2.851e-002,-5.116e-001,+9.450e-001,+7.421e-002,+4.387e-002,+2.445e-002,+1.568e-002,-3.958e-001,+9.861e-002,-1.713e-001,+2.309e-001,-6.352e-001,+2.037e-001,+1.073e-001,-1.052e-001,+4.965e-002,-4.884e-002,+5.060e-001,-1.584e-001,-3.338e-001,+1.648e-001,+1.098e-001,-8.553e-002,-4.497e-001,+2.512e-001,+2.510e-001 },
  {-1.082e-001,-2.853e-001,-3.669e-001,-8.191e-001,-1.626e-001,+1.185e+000,+4.638e-001,-3.013e-001,-6.094e-001,+3.848e-001,-1.627e-001,+4.175e-001,+1.983e-001,+1.470e-001,-1.501e-001,-2.146e-001,+6.222e-001,-2.227e-002,+4.115e-001,+1.625e-001,+2.561e-001,+1.302e-002,+6.703e-001,-1.802e-001,-1.038e+000,+5.356e+000,+1.873e-001,+8.431e-002,+1.715e-001,+1.266e-001,+3.821e-001,+1.926e-001,+2.233e-001,+1.060e-002,-2.937e-001,+1.861e-001,-4.384e-001,+4.134e-001,+1.363e-001,+2.723e-001,+1.528e-001,-2.810e-002,+4.227e-001,+4.652e-002,+6.715e-002,-4.483e-001,-1.301e-001,-6.245e-001,-7.423e-002,-1.341e-001,+2.597e-001,+3.258e-001,-2.647e-001,-1.100e-001,+9.323e-001,+3.685e-001,-1.626e-001,+2.426e-001,-1.427e-001,-1.147e-001,-7.768e-002,+1.666e-001,+6.117e-002,+1.657e-001,+5.519e-001,+6.981e-002,+3.228e-001,-4.771e-001,-2.668e-001,+4.740e-001,-3.427e-001,+2.161e-001,-3.018e-002,-1.118e-002,-2.376e-001,-1.575e-001,-1.102e-001,+2.288e-001,+2.782e-001,+1.840e-001,+4.300e-001,-6.282e-001,+5.043e-001,+3.343e-001,+3.011e-001,-2.101e-001,-1.646e-001,+8.591e-002,+2.997e-001,+7.861e-002,-1.374e-001,-3.213e-001,-3.844e-001,+9.392e-002,+1.087e-001,-1.558e-001,-1.642e-001,+1.514e-001,-2.666e-001,-5.937e-002 },
  {-3.408e-001,+1.768e-001,+2.060e-001,+2.838e-001,+4.156e-001,-9.865e-002,+3.602e-002,+3.030e-002,+2.818e-001,+5.417e-001,-4.603e-002,-3.212e-001,+2.393e-001,-4.570e-002,+4.329e-001,+3.359e-001,+3.115e-001,-2.285e-001,+3.339e-001,-1.427e-001,+5.941e-002,+4.963e-001,+3.832e-002,+2.505e-001,-2.211e-001,+1.873e-001,+6.292e+000,+5.606e-001,+3.246e-001,-2.026e-001,+1.925e-001,-4.459e-001,+1.865e-001,-8.297e-002,-7.273e-001,+2.428e-001,+1.424e-001,+3.377e-001,-4.212e-001,+1.254e-001,+3.198e-001,-9.417e-002,+6.331e-003,+5.106e-001,-2.139e-001,-7.932e-002,+1.694e-001,+3.285e-001,-2.500e-001,+4.121e-001,+2.831e-001,+6.402e-002,+8.434e-002,+7.149e-001,-1.823e-001,+1.131e-001,+8.636e-002,-6.857e-001,-6.089e-002,+4.171e-002,-3.618e-001,+3.823e-001,+5.718e-001,+3.777e-001,+1.864e-001,-6.251e-001,+5.830e-001,-9.047e-002,-1.497e-001,-1.073e-001,+2.275e-001,-4.999e-002,+1.319e-001,+2.006e-001,-1.059e-001,-2.763e-001,+4.158e-001,+1.330e-001,+9.649e-002,-3.968e-001,-4.504e-001,-1.686e-001,-1.797e-001,+4.048e-001,+1.509e-001,-5.351e-001,-3.886e-002,+1.412e-001,+6.323e-001,-8.268e-002,-3.937e-001,-1.052e-001,+1.821e-001,+4.583e-001,-4.165e-001,+6.768e-002,-9.315e-002,+2.093e-002,-1.078e-001,+1.138e-002 },
  {+4.139e-002,-4.473e-001,-2.437e-001,-3.110e-001,-5.393e-001,+8.096e-002,+5.492e-001,+4.320e-001,+2.447e-001,+6.007e-001,+4.369e-001,-1.735e-001,+1.430e+000,-1.498e-002,-1.061e-001,+3.376e-001,+6.309e-001,+6.757e-001,-1.055e-001,-2.169e-001,-1.621e-001,-8.738e-002,-8.401e-003,+2.993e-001,-3.070e-001,+8.431e-002,+5.606e-001,+4.837e+000,+1.872e-002,+2.667e-001,-2.185e-001,+4.608e-001,+1.541e-001,-1.620e-001,+6.240e-002,+4.185e-001,-1.672e-001,-2.123e-001,-1.115e-001,-3.198e-001,+7.669e-002,+2.678e-002,-3.107e-001,+2.978e-001,+5.546e-001,-3.439e-001,-3.482e-001,-3.372e-001,+4.919e-001,-1.624e-001,-3.927e-002,-3.293e-001,-3.255e-001,+2.243e-001,+5.621e-002,+4.064e-001,+2.730e-001,+3.676e-001,+4.514e-001,+1.801e-001,+1.727e-002,+3.683e-001,-3.724e-001,-5.930e-001,-5.098e-001,-2.485e-001,+5.456e-002,-1.853e-001,+2.429e-001,+4.598e-001,-4.952e-001,-1.706e-002,-7.888e-002,-5.340e-001,-5.881e-001,-1.245e-001,-1.745e-001,+1.647e-001,-3.087e-002,+3.374e-001,+1.906e-002,+8.967e-001,-1.387e-002,-4.086e-001,-2.467e-001,-3.827e-001,-3.276e-001,-1.872e-001,-5.642e-002,+1.070e-001,+7.445e-003,+5.959e-001,-4.796e-001,-6.973e-002,+1.888e-001,-3.628e-002,+6.816e-001,-6.636e-002,-1.140e-001,+9.466e-002 },
  {+3.677e-001,-1.085e-001,-3.191e-001,-1.078e-002,+2.704e-001,-1.769e-001,-3.070e-002,+6.000e-001,+8.739e-002,+7.376e-002,-2.409e-001,+3.467e-001,+1.947e-001,-3.985e-001,-7.241e-001,-1.525e-001,-5.363e-002,-1.507e-001,-5.892e-002,+7.606e-001,+5.658e-002,-1.796e-001,+4.294e-001,-6.587e-001,+6.179e-001,+1.715e-001,+3.246e-001,+1.872e-002,+5.554e+000,+1.474e-001,+4.585e-002,+3.737e-001,-5.663e-002,+5.985e-001,-2.865e-001,+1.024e+000,-5.101e-002,+1.391e-001,+7.628e-002,+4.887e-001,+4.373e-001,+3.012e-001,-9.513e-002,+5.651e-001,+1.103e-001,+4.996e-001,-1.082e-001,-1.500e-001,+6.839e-003,+1.081e-001,+1.266e-001,+2.386e-001,+1.199e-001,+4.412e-001,-1.964e-001,+1.610e-001,-7.145e-002,+2.628e-001,-4.129e-002,-1.152e-001,-1.137e-001,+6.271e-001,-2.610e-001,+6.940e-002,-5.673e-001,-2.062e-001,-2.573e-001,-3.977e-001,+3.621e-001,-3.357e-001,-5.398e-001,-2.416e-001,+3.704e-001,+8.575e-002,-4.418e-001,-1.615e-001,-1.463e-001,-3.052e-001,-5.872e-002,+6.847e-002,+1.404e-001,-3.307e-001,-2.650e-001,+3.687e-001,+1.954e-001,+2.239e-001,+3.527e-001,-2.413e-001,-5.564e-001,-1.573e-001,+1.640e-001,-4.126e-001,-6.504e-002,-4.191e-001,+1.620e-001,-1.205e-001,-1.792e-001,+4.167e-001,-2.835e-001,+8.484e-001 },
