Answer of test tests\large2\large2-100-4.dat-s
[General Setting]
Primal solution:
[[ 9.43506360e-03  4.51858011e-02 -1.12459220e-02 ... -2.94383948e-04
  -1.01044462e-02  4.47919355e-03]
 [ 4.51858011e-02  2.16400960e-01 -5.38582543e-02 ... -1.40985110e-03
  -4.83915679e-02  2.14514690e-02]
 [-1.12459220e-02 -5.38582543e-02  1.34043378e-02 ...  3.50886622e-04
   1.20437790e-02 -5.33887966e-03]
 ...
 [-2.94383948e-04 -1.40985110e-03  3.50886622e-04 ...  9.18704602e-06
   3.15270147e-04 -1.39756402e-04]
 [-1.01044462e-02 -4.83915679e-02  1.20437790e-02 ...  3.15270147e-04
   1.08213194e-02 -4.79697598e-03]
 [ 4.47919355e-03  2.14514690e-02 -5.33887966e-03 ... -1.39756402e-04
  -4.79697598e-03  2.12644865e-03]]
Dual solution:
0
Tr(CX) = 3.757554872730581
Primal and dual gap: 0
Number of iterations: 7414
Max error in symmetry of Q: 0
Maximum h bound: 0.05
Method name is: Physarum SDC modified (v.2)
Restart factor: 1000
Infeasibility: 2.8421709430404007e-13
Time spent (seconds): 136.02679705619812
