SDPA start at [Tue Sep 07 12:42:29 2021]
param  is ./param.sdpa 
data   is G:\Research\PhysarumSDPSolver\SDPA\testSet\large2\large2-100-14.dat-s  : sparse
""Large randomly generated tests with n = 100 and m in [5,2]""
out    is G:\Research\PhysarumSDPSolver\SDPA\testSet\large2\large2-100-14.dat-s.res
NumThreads  is set as 1
Schur computation : DENSE 
   mu      thetaP  thetaD  objP      objD      alphaP  alphaD  beta 
 0 1.0e+004 1.0e+000 1.0e+000 -0.00e+000 -5.54e+004 9.1e-001 1.0e+000 2.00e-001
 1 1.8e+003 9.2e-002 1.9e-015 +4.85e-001 -6.94e+004 9.9e-001 1.6e+000 2.00e-001
 2 3.0e+002 1.1e-003 3.6e-015 +4.26e-001 -2.94e+004 1.0e+000 1.1e+000 2.00e-001
 3 4.7e+001 9.3e-018 2.9e-015 +3.54e-001 -4.68e+003 6.6e+001 9.8e-001 1.00e-001
 4 5.5e+000 9.3e-018 2.0e-016 -4.33e+000 -5.53e+002 9.8e-001 9.8e-001 1.00e-001
 5 6.3e-001 9.3e-018 3.9e-017 -4.14e+000 -6.68e+001 8.7e-001 9.5e-001 1.00e-001
 6 9.4e-002 1.9e-017 6.2e-018 -4.88e+000 -1.43e+001 9.0e-001 8.2e-001 1.00e-001
 7 2.4e-002 1.9e-017 1.1e-017 -5.04e+000 -7.46e+000 9.8e-001 9.6e-001 1.00e-001
 8 3.2e-003 1.9e-017 1.8e-017 -5.08e+000 -5.40e+000 9.8e-001 9.9e-001 1.00e-001
 9 3.5e-004 1.9e-017 3.3e-017 -5.08e+000 -5.12e+000 9.9e-001 1.0e+000 1.00e-001
10 3.6e-005 1.9e-017 1.4e-017 -5.09e+000 -5.09e+000 9.9e-001 1.0e+000 1.00e-001
11 3.6e-006 1.9e-017 2.6e-017 -5.09e+000 -5.09e+000 9.9e-001 1.0e+000 1.00e-001
12 3.6e-007 1.9e-017 1.5e-017 -5.09e+000 -5.09e+000 9.9e-001 1.0e+000 1.00e-001
13 3.6e-008 2.8e-017 4.3e-017 -5.09e+000 -5.09e+000 9.9e-001 1.0e+000 1.00e-001
14 3.6e-009 2.8e-017 6.5e-017 -5.09e+000 -5.09e+000 9.9e-001 1.0e+000 1.00e-001

phase.value  = pdOPT     
   Iteration = 14
          mu = +3.6156155376609880e-009
relative gap = +7.1101748957883973e-008
        gap  = +3.6156153893074361e-007
     digits  = +7.1481197163811174e+000
objValPrimal = -5.0851284444645675e+000
objValDual   = -5.0851288060261064e+000
p.feas.error = +2.6645352591003757e-015
d.feas.error = +1.3358203432289883e-012
total time   = 0.466578
** Paramters **
maxIteration = 100
epsilonStar  = +9.9999999999999995e-008
lambdaStar   = +1.0000000000000000e+002
omegaStar    = +2.0000000000000000e+000
lowerBound   = -1.0000000000000000e+005
upperBound   = +1.0000000000000000e+005
betaStar     = +1.0000000000000001e-001
betaBar      = +2.0000000000000001e-001
gammaStar    = +9.0000000000000002e-001
epsilonDash  = +9.9999999999999995e-008
xPrint       = %+8.3e 
XPrint       = %+8.3e 
YPrint       = %+8.3e 
infPrint     = %+10.16e 

                         Time(sec)  Ratio(% : MainLoop) 
 Predictor time  =       0.087205,  27.234031
 Corrector time  =       0.033304,  10.400804
 Make bMat time  =       0.034385,  10.738400
 Make bDia time  =       0.000000,  0.000000
 Make bF1  time  =       0.026461,  8.263743
 Make bF2  time  =       0.000000,  0.000000
 Make bF3  time  =       0.000000,  0.000000
 Make bPRE time  =       0.026461,  8.263743
 Make rMat time  =       0.000000,  0.000000
 Make gVec Mul   =       0.000000,  0.000000
 Make gVec time  =       0.000000,  0.000000
 Cholesky bMat   =       0.000000,  0.000000
 Ste Pre time    =       0.000000,  0.000000
 Ste Cor time    =       0.167298,  52.246991
 solve           =       0.000000,  0.000000
 sumDz           =       0.000000,  0.000000
 makedX          =       0.000000,  0.000000
 symmetriseDx    =       0.086124,  26.896435
 makedXdZ        =       0.086124,  26.896435
 xMatTime        =       0.000000,  0.000000
 zMatTime        =       0.032088,  10.021049
 invzMatTime     =       0.000000,  0.000000
 xMatzMatTime    =       0.000000,  0.000000
 EigxMatTime     =       0.087683,  27.383309
 EigzMatTime     =       0.079615,  24.863682
 EigxMatzMatTime =       0.000000,  0.000000
 updateRes       =       0.000311,  0.097125
 EigTime         =       0.167298,  52.246991
 sub_total_bMat  =       0.285821,  89.261600
 Main Loop       =       0.320206,  100.000000
 File Check      =       0.000000,  0.000000
 File Change     =       0.000000,  0.000000
 File Read       =       0.146372,  45.711823
 Total           =       0.466578,  145.711823

xVec = 
{+1.047e-003,+5.988e-003,-1.110e-003,-2.325e-003,+5.964e-003,+1.920e-003,-1.455e-003,+4.357e-003,+1.614e-003,-4.728e-004,+7.560e-003}
xMat = 
{
{ {+4.951e+000,+2.336e-001,+3.434e-002,-3.274e-001,+3.991e-002,+3.155e-001,+2.674e-002,+3.503e-001,+1.950e-001,-2.243e-001,+3.122e-001,-5.001e-001,-1.070e-001,+3.839e-001,-1.671e-001,+5.330e-001,-1.091e-001,+2.733e-002,-9.724e-002,-1.500e-003,-1.458e-001,-6.187e-002,-7.327e-002,+2.114e-001,+1.198e-001,+7.370e-001,+4.038e-001,-2.512e-001,-5.377e-001,-6.013e-002,+6.462e-002,-2.692e-001,-2.038e-001,-1.954e-001,-1.975e-001,-4.848e-001,+1.229e-001,+2.481e-001,+1.441e-001,-4.891e-002,+2.080e-001,+6.875e-001,-5.318e-001,-5.925e-001,-1.806e-001,+4.001e-001,-1.542e-001,-4.782e-001,+7.703e-001,+1.950e-001,-2.061e-001,+2.403e-001,-1.037e-001,+1.917e-001,-2.801e-001,+5.715e-001,-3.707e-002,-1.995e-001,+2.088e-001,-1.196e-001,+5.621e-001,+2.801e-001,-2.670e-001,+1.074e-001,-5.097e-001,+3.639e-001,+2.460e-001,-3.923e-001,-9.904e-002,-4.529e-002,+4.806e-001,+1.841e-001,+1.023e-001,+6.636e-001,-1.768e-001,-1.677e-001,+3.431e-001,-5.574e-002,+7.977e-003,-2.796e-001,+2.603e-001,-1.602e-002,-2.911e-001,-7.086e-002,-4.939e-001,-5.809e-001,-6.459e-001,+1.276e-002,+4.273e-001,+5.958e-001,+1.581e-001,-2.110e-001,-2.954e-001,+4.216e-001,-2.164e-001,+2.661e-001,+2.474e-001,-3.036e-001,-1.894e-001,-1.949e-001 },
  {+2.336e-001,+6.204e+000,+7.440e-002,-1.178e-001,-1.637e-001,+3.821e-001,-6.712e-001,+1.239e-001,+4.871e-001,-1.699e-001,-2.878e-001,+2.517e-001,-3.632e-001,+1.140e-001,+8.324e-002,+4.893e-002,+5.836e-002,-3.280e-001,+2.284e-001,+2.875e-001,-2.769e-001,-1.396e-001,+1.890e-001,+4.273e-002,-3.440e-001,+5.496e-001,+8.871e-002,-1.428e-001,-7.165e-003,-1.290e-001,-1.264e-001,-1.927e-001,+2.900e-001,+1.127e-001,+6.266e-002,-5.981e-001,+3.903e-001,-2.373e-001,+1.161e-001,+1.538e-001,-6.973e-002,+9.103e-002,-2.033e-001,+2.019e-001,+5.201e-002,+3.596e-001,-1.359e-001,+8.132e-001,+4.661e-002,-3.760e-001,+6.151e-001,+2.392e-001,-3.232e-001,-8.956e-002,+1.370e-001,+6.810e-002,-1.051e-002,-2.451e-001,-3.547e-001,-1.712e-001,-5.449e-001,-4.858e-001,-4.739e-002,-2.109e-001,+3.338e-001,-1.614e-001,+2.493e-001,-9.711e-002,-1.417e-001,+6.634e-001,-6.767e-002,+1.729e-001,-4.209e-002,+6.257e-001,+1.533e-001,-5.580e-001,+2.309e-001,+1.669e-001,-2.255e-001,+3.210e-001,-1.539e-001,+2.602e-002,-4.849e-001,-4.313e-001,-3.666e-001,-2.532e-001,-1.614e-002,+3.140e-001,-1.589e-001,-2.183e-001,+3.397e-001,-2.189e-001,+5.559e-001,+3.702e-002,-1.568e-001,+9.813e-001,-2.269e-001,-1.117e-001,+1.603e-001,-4.183e-001 },
  {+3.434e-002,+7.440e-002,+5.585e+000,+2.952e-001,+6.795e-002,-2.514e-001,+6.966e-002,+4.128e-002,+1.268e-001,-1.054e-001,-1.658e-001,-3.772e-001,+4.049e-001,-1.671e-001,-2.227e-001,+2.440e-001,+1.995e-001,-2.484e-001,+2.221e-001,+8.039e-001,-1.345e-001,+7.876e-001,+2.916e-002,+2.173e-001,-4.881e-001,+4.426e-001,-3.310e-001,+4.745e-002,+1.806e-002,+4.717e-001,-9.692e-002,-2.951e-001,+4.900e-001,+5.324e-002,-2.597e-001,+3.570e-001,+1.995e-001,-3.195e-001,+4.001e-001,+3.968e-001,-1.672e-001,+7.482e-003,-3.210e-001,+2.409e-001,+2.047e-001,-1.122e-001,+1.451e-001,+1.012e-001,-1.454e-001,+8.744e-002,-4.379e-001,+3.054e-001,-1.325e-001,-1.908e-001,+2.843e-002,-6.428e-002,+1.027e-001,+4.978e-001,-1.941e-002,+2.418e-001,-3.162e-001,-7.229e-002,+4.047e-002,-1.848e-002,-3.768e-001,-7.732e-001,+3.307e-001,+3.511e-002,-1.102e-001,+3.379e-001,+1.478e-002,+1.636e-001,+1.690e-001,-7.550e-001,-2.533e-001,+2.790e-001,-3.591e-001,-6.919e-001,-7.427e-002,+9.679e-002,+2.567e-001,-1.763e-001,-7.648e-002,+7.535e-001,-1.398e-001,-5.538e-001,+3.426e-001,+8.059e-001,-3.672e-001,+4.196e-001,+1.467e-001,-5.588e-002,+7.180e-002,+1.474e-001,+3.558e-002,+9.222e-002,+1.065e-001,-3.173e-001,+2.337e-001,+3.317e-001 },
  {-3.274e-001,-1.178e-001,+2.952e-001,+5.831e+000,-1.918e-001,+4.112e-001,+5.417e-002,+2.222e-001,-4.584e-001,-1.233e-001,-1.612e-001,-2.574e-001,-1.449e-001,+1.692e-001,+3.674e-001,+3.731e-001,-5.404e-001,+4.142e-001,+6.249e-002,-3.843e-001,+2.523e-001,+1.878e-001,-4.497e-002,-3.123e-001,+8.813e-002,-1.769e-002,+4.098e-001,+4.543e-001,+2.831e-001,-2.223e-001,-4.953e-001,-2.776e-001,-1.755e-002,-3.422e-001,+1.455e-001,+3.180e-001,-2.316e-001,-1.574e-001,+2.456e-001,-2.100e-002,-1.772e-001,-4.039e-001,-1.425e-001,+3.659e-001,-1.682e-001,-5.620e-001,-3.720e-003,+3.760e-002,+1.753e-001,-2.627e-001,-1.837e-001,+1.799e-001,+1.217e-002,-1.927e-002,+1.762e-001,-1.932e-001,-1.218e-001,+8.766e-002,+4.599e-001,-1.140e-001,+4.411e-001,-1.495e-001,-2.469e-001,-5.842e-001,-3.746e-001,+1.425e-001,-1.280e-001,+2.297e-002,+2.947e-001,+5.673e-001,+7.852e-003,-4.604e-001,+7.181e-001,-1.582e-001,-1.657e-001,-5.322e-001,+1.754e-001,+2.570e-001,-1.217e-001,-7.673e-002,-1.517e-001,-4.807e-001,+1.749e-001,+8.700e-001,+4.123e-002,-9.492e-002,+1.477e-002,+4.091e-002,-3.847e-001,+2.113e-001,+9.671e-002,-2.468e-003,-2.579e-002,+1.683e-001,-4.486e-001,-1.923e-001,+3.787e-001,+4.763e-002,-4.070e-001,+6.553e-002 },
  {+3.991e-002,-1.637e-001,+6.795e-002,-1.918e-001,+5.611e+000,+2.069e-002,+2.112e-001,+1.816e-001,-1.997e-002,-1.133e-001,+4.816e-002,+2.353e-001,+6.389e-001,+3.672e-001,-5.033e-001,-4.429e-001,-1.010e-001,+4.213e-001,-2.417e-001,-5.758e-002,-7.788e-002,-7.351e-002,+3.350e-001,+5.149e-002,+3.776e-001,-2.852e-001,+2.943e-002,-3.639e-001,-1.427e-001,-1.198e-001,-3.565e-001,+2.547e-002,+3.058e-001,-5.309e-002,+6.059e-002,-1.304e-001,-7.593e-002,+1.583e-001,-2.051e-001,-1.308e-002,-2.145e-001,+7.451e-002,-7.301e-001,+5.014e-001,+1.562e-001,+1.014e-001,-5.569e-001,-3.281e-001,-6.462e-001,-2.811e-001,+5.003e-001,+2.148e-001,+2.344e-001,+3.042e-002,-1.922e-003,+9.857e-002,-3.016e-001,-9.490e-002,+1.327e-001,-1.800e-002,-7.779e-003,-3.157e-001,-1.704e-001,+6.157e-001,+7.274e-001,+2.066e-001,+3.680e-002,-4.372e-001,+4.198e-001,-1.052e-001,+4.518e-001,+2.895e-001,+4.817e-001,+5.169e-001,+3.099e-002,-2.259e-001,+3.955e-001,-3.748e-003,-1.817e-001,-3.955e-001,+2.102e-002,-1.499e-001,+2.617e-001,-1.690e-001,+2.803e-001,+4.861e-002,-2.964e-001,+2.029e-001,+5.432e-002,-5.002e-001,-7.565e-003,+3.348e-001,-1.965e-001,+1.706e-001,-3.972e-001,+3.531e-001,-4.632e-002,+1.709e-001,-7.299e-002,+3.486e-001 },
  {+3.155e-001,+3.821e-001,-2.514e-001,+4.112e-001,+2.069e-002,+5.940e+000,+1.587e-001,+7.221e-002,+2.862e-001,+1.200e-001,+2.602e-002,+4.798e-001,-3.687e-001,+5.041e-001,+4.377e-001,+2.148e-001,-1.953e-001,-1.917e-001,-5.053e-001,+2.371e-001,+4.959e-001,+2.539e-001,-3.989e-002,+8.236e-002,-2.038e-001,-2.778e-001,-1.968e-001,-3.780e-002,+6.057e-001,+5.010e-001,+3.597e-001,-9.511e-002,+2.015e-001,-9.368e-001,+1.580e-001,-7.544e-001,+2.057e-001,-3.098e-001,+2.794e-001,-6.185e-001,+2.041e-001,+2.529e-001,-2.301e-001,-2.704e-001,-2.675e-001,+9.512e-003,+7.982e-002,-1.696e-001,+1.749e-001,-8.619e-002,-4.024e-001,+7.004e-003,+5.825e-001,+9.512e-002,+1.173e-001,+6.587e-001,+1.514e-001,+3.066e-001,+1.899e-001,-1.055e-001,+5.266e-002,-4.760e-001,-4.556e-001,+3.659e-001,-1.435e-001,-8.048e-001,-1.420e-002,+2.490e-001,+8.005e-002,+2.036e-001,-7.429e-002,-1.562e-001,-3.917e-001,-1.460e-001,+2.964e-001,+6.971e-002,+8.694e-001,+1.671e-001,-1.328e-001,-4.126e-001,-4.577e-002,-2.943e-001,+2.208e-001,+3.301e-001,-3.171e-001,+3.224e-001,+1.100e-001,+3.835e-001,+5.230e-002,-2.364e-001,-1.633e-001,+3.151e-001,+2.331e-002,-5.076e-001,-5.138e-002,-3.679e-002,-3.122e-001,+4.826e-002,+5.567e-001,+6.410e-001 },
  {+2.674e-002,-6.712e-001,+6.966e-002,+5.417e-002,+2.112e-001,+1.587e-001,+5.880e+000,+2.635e-002,-2.112e-001,-7.796e-001,+1.421e-001,-3.087e-002,+8.152e-001,-7.397e-002,-5.634e-002,+3.865e-002,-1.449e-001,+4.656e-001,+7.769e-002,-3.249e-001,+2.369e-001,+1.351e-001,+5.641e-001,-2.595e-002,-2.493e-001,+3.986e-001,+2.457e-002,-2.195e-001,-2.404e-001,+3.309e-001,-1.058e-001,+5.379e-001,+5.395e-001,+5.995e-003,+1.777e-001,-2.418e-001,+3.833e-001,-2.381e-002,+1.744e-001,-4.208e-001,-1.007e-001,-2.142e-001,+2.750e-001,-1.008e-001,-4.790e-001,-8.586e-002,+6.695e-002,-1.664e-001,+2.452e-001,+3.195e-001,+2.371e-001,+4.052e-001,-2.677e-001,+8.183e-003,+2.866e-001,+1.986e-001,+4.384e-002,-5.070e-002,-1.353e-001,-2.527e-001,+3.426e-001,-6.344e-001,+2.023e-001,+2.989e-002,+1.874e-001,-3.365e-001,+2.429e-001,+4.639e-001,-1.940e-001,+1.889e-001,-8.642e-001,-1.984e-001,-4.492e-001,-6.511e-002,+2.904e-001,+3.026e-001,-2.081e-001,+1.910e-001,+1.204e-001,+1.736e-001,+1.394e-001,-5.426e-002,+3.439e-001,-2.374e-002,+3.807e-001,-5.265e-001,+5.049e-001,+4.609e-001,+1.145e-001,-1.192e-001,-5.585e-001,+6.826e-001,-1.247e-001,-1.575e-001,+1.441e-001,+6.022e-001,-7.994e-002,-6.970e-002,-1.571e-001,-4.729e-001 },
  {+3.503e-001,+1.239e-001,+4.128e-002,+2.222e-001,+1.816e-001,+7.221e-002,+2.635e-002,+5.655e+000,+6.691e-001,-3.829e-001,+9.388e-002,+4.346e-001,-1.649e-002,+9.188e-002,-1.937e-001,-8.404e-002,-4.038e-001,+1.088e-001,-1.187e-001,-2.651e-001,-9.141e-004,+3.753e-001,+2.121e-001,+3.586e-001,-1.447e-001,-2.153e-001,-3.414e-001,+7.149e-001,-1.690e-001,+1.265e-001,+1.618e-001,-4.281e-001,-1.209e-001,-6.790e-001,+1.394e-001,+1.567e-001,+4.519e-002,+7.837e-001,+6.490e-001,-1.591e-001,-4.340e-001,-1.498e-002,+3.290e-001,+4.162e-001,-2.955e-001,-3.597e-001,-5.837e-002,-4.702e-001,+8.400e-002,+5.076e-001,+4.103e-001,+4.214e-002,-2.792e-001,+9.911e-002,-2.346e-001,-1.501e-001,+2.753e-002,-3.060e-001,+1.385e-002,-1.066e-002,-1.573e-001,-3.689e-001,+1.820e-001,-5.811e-001,-2.482e-001,-2.872e-001,+2.096e-001,+1.165e-001,+7.198e-002,-3.518e-002,-1.965e-001,-4.916e-001,+2.775e-002,+5.199e-001,-2.682e-001,+1.468e-001,+6.199e-001,+6.141e-002,-4.124e-001,-2.683e-002,-1.560e-001,+3.231e-001,+2.313e-001,+6.765e-002,+6.861e-002,+5.400e-002,+2.353e-001,+1.152e-001,-1.302e-001,+2.430e-001,+3.677e-001,-6.322e-002,+1.448e-001,-5.954e-001,-9.953e-002,+3.057e-001,-3.347e-002,-2.124e-001,+2.917e-001,+6.168e-001 },
  {+1.950e-001,+4.871e-001,+1.268e-001,-4.584e-001,-1.997e-002,+2.862e-001,-2.112e-001,+6.691e-001,+4.949e+000,+6.146e-001,+3.959e-001,-2.790e-001,-1.883e-002,-3.671e-001,+1.241e-001,+2.279e-001,+1.692e-001,-2.175e-001,+4.149e-001,+2.850e-002,+1.230e-001,+8.243e-002,+2.830e-001,+1.706e-001,-3.318e-001,-4.936e-001,-1.325e-001,-1.315e-001,+4.139e-001,-2.958e-002,-3.096e-001,+3.390e-001,+4.304e-001,-2.529e-001,+2.165e-002,+3.374e-001,-5.877e-001,-5.336e-001,-1.248e-001,-1.752e-001,-4.897e-001,+3.445e-002,+3.340e-002,-6.069e-002,-2.307e-001,+9.370e-002,-5.460e-002,+4.198e-001,-3.132e-001,+1.271e-001,-1.603e-001,+3.727e-001,+4.555e-001,+6.119e-001,+9.578e-001,-1.480e-001,+6.999e-002,-7.304e-001,+2.394e-002,+4.408e-001,-5.265e-001,-1.941e-001,-5.178e-001,+3.821e-001,-2.054e-001,-1.968e-001,-2.929e-001,-2.530e-001,+3.435e-002,-6.938e-002,+8.170e-002,-1.919e-001,-6.192e-002,+3.830e-001,-1.939e-001,+1.258e-002,+2.673e-001,-1.917e-001,-1.856e-001,+5.574e-001,-4.262e-001,+4.957e-001,+1.353e-001,-6.627e-002,-1.793e-001,+2.105e-003,+1.434e-001,-1.323e-001,-2.672e-001,-4.751e-002,+1.827e-001,+1.980e-001,+3.420e-001,+9.040e-002,+2.055e-001,+2.587e-001,-1.639e-001,-2.011e-001,+6.602e-002,-1.064e-002 },
  {-2.243e-001,-1.699e-001,-1.054e-001,-1.233e-001,-1.133e-001,+1.200e-001,-7.796e-001,-3.829e-001,+6.146e-001,+5.781e+000,-5.041e-001,-1.065e-001,+2.416e-002,+3.671e-001,-1.886e-001,+3.456e-001,+2.930e-001,+9.525e-001,-1.616e-001,+2.287e-002,+1.860e-002,-3.978e-001,-6.372e-002,-2.096e-001,-6.073e-001,+1.268e-001,+1.356e-001,-5.837e-003,-2.743e-001,+6.280e-002,+9.579e-003,-3.080e-001,+3.306e-001,+1.266e-001,-5.438e-002,-2.434e-001,-1.459e-002,+1.196e-001,-1.815e-001,-3.791e-002,+4.027e-001,+1.376e-001,+5.224e-001,+1.923e-001,+3.249e-001,+8.420e-002,-3.490e-001,+5.236e-003,-2.574e-001,+6.058e-001,+5.561e-002,+2.962e-002,-1.680e-001,-7.060e-002,-1.678e-001,+2.065e-001,-7.303e-001,+4.830e-002,-1.979e-001,+3.014e-001,+1.252e-001,+5.320e-002,+2.227e-001,-2.554e-001,+1.530e-001,+1.593e-001,+9.526e-002,+1.259e-002,+9.363e-002,-5.844e-002,+7.241e-001,-1.489e-001,-3.948e-001,-1.642e-001,+2.446e-001,-1.593e-001,-3.324e-001,-9.371e-002,+3.533e-001,-2.528e-001,-6.518e-002,+2.914e-001,+2.448e-001,-1.284e-001,+3.086e-001,+1.675e-001,+1.819e-001,+8.681e-002,+2.541e-001,+3.923e-002,-2.458e-002,+4.968e-002,-2.425e-001,+2.036e-003,+1.281e-001,+3.200e-001,+2.332e-001,+9.860e-001,-8.357e-002,+3.839e-002 },
  {+3.122e-001,-2.878e-001,-1.658e-001,-1.612e-001,+4.816e-002,+2.602e-002,+1.421e-001,+9.388e-002,+3.959e-001,-5.041e-001,+5.522e+000,+7.719e-003,+2.615e-001,-1.243e-001,+3.052e-002,-7.609e-002,+9.719e-002,-3.192e-002,-1.068e-001,+2.302e-001,+4.043e-003,+3.344e-001,-6.354e-002,+6.905e-002,-2.357e-001,+3.328e-001,+1.253e-001,+3.655e-002,+1.513e-001,+1.768e-002,-4.182e-002,+1.656e-001,+1.731e-002,+4.110e-001,-1.180e-001,+5.509e-001,-4.499e-001,+2.569e-001,-4.048e-001,-3.436e-001,-1.405e-001,+2.077e-001,+6.091e-001,-1.992e-001,-3.979e-002,+1.768e-001,+3.187e-001,+4.467e-001,+1.568e-002,-1.405e-001,+2.574e-001,+5.450e-002,-5.843e-001,+6.770e-001,+2.564e-001,-2.038e-001,+1.034e-001,+3.795e-002,-4.858e-001,-2.726e-001,-5.935e-002,+8.918e-001,+1.504e-001,-3.536e-001,+1.855e-001,-5.032e-001,+6.355e-001,+1.307e-001,+2.686e-001,-5.833e-002,+2.153e-002,+5.001e-001,+1.363e-001,-5.922e-002,+3.052e-001,+1.172e-001,-4.398e-001,+4.737e-001,+4.196e-001,-1.775e-001,-5.178e-001,+7.327e-002,-6.508e-002,+5.551e-001,-3.325e-001,-1.484e-001,-9.433e-001,+1.764e-001,-3.267e-001,+9.337e-002,-6.085e-001,-3.652e-001,-6.293e-002,+2.377e-001,+2.699e-001,+2.888e-001,-6.037e-001,+1.731e-001,-6.789e-001,+1.424e-001 },
  {-5.001e-001,+2.517e-001,-3.772e-001,-2.574e-001,+2.353e-001,+4.798e-001,-3.087e-002,+4.346e-001,-2.790e-001,-1.065e-001,+7.719e-003,+5.468e+000,-3.236e-001,-6.280e-001,-9.068e-002,+2.143e-001,-2.979e-001,-8.165e-002,-1.296e-002,+1.733e-001,-6.091e-001,+2.599e-001,+2.683e-001,+2.559e-001,-4.050e-001,+3.722e-002,+2.561e-001,-1.948e-001,-2.300e-001,+5.521e-001,-2.271e-002,+3.156e-001,-1.636e-001,+1.961e-001,+1.102e-001,+1.021e-002,+6.400e-001,-5.621e-002,-7.790e-001,+1.447e-001,+2.385e-001,+2.149e-001,+3.337e-001,+1.581e-001,+2.935e-002,+2.767e-001,-1.136e-001,-3.740e-001,-2.045e-002,-1.774e-001,+1.048e-001,-1.762e-001,-4.745e-002,-3.988e-001,+6.706e-001,+6.492e-002,+2.699e-002,+1.364e-001,-4.591e-001,+2.543e-001,+1.277e-001,+7.775e-001,-1.270e-002,-4.757e-001,+2.685e-001,-4.248e-001,+2.006e-002,+3.356e-001,+7.486e-002,-1.061e-001,+2.089e-001,-5.799e-001,-3.842e-003,+1.712e-001,+1.847e-001,-3.062e-001,-9.158e-002,-2.782e-001,-1.406e-001,-1.078e-001,+4.636e-001,-4.067e-001,-3.872e-001,-4.318e-002,+1.722e-001,-2.731e-001,+4.349e-001,-3.965e-002,-1.507e-002,-1.062e-001,-4.490e-003,-1.204e-001,-1.477e-001,+4.116e-001,-6.473e-002,-2.897e-001,+1.495e-001,+9.332e-002,-3.212e-001,+2.304e-001 },
  {-1.070e-001,-3.632e-001,+4.049e-001,-1.449e-001,+6.389e-001,-3.687e-001,+8.152e-001,-1.649e-002,-1.883e-002,+2.416e-002,+2.615e-001,-3.236e-001,+5.829e+000,+8.768e-001,+3.597e-001,-6.574e-002,-7.902e-002,+6.820e-002,+4.316e-001,-3.688e-001,+2.495e-002,+2.046e-002,-2.170e-001,+1.795e-001,-1.153e-001,+3.779e-001,-1.033e-001,-1.869e-001,-3.665e-001,-4.003e-001,-4.405e-002,-3.947e-001,-4.366e-001,+1.712e-001,+2.589e-001,-1.775e-002,+4.450e-003,+2.086e-001,+6.299e-001,-6.036e-002,-1.956e-001,-1.845e-001,-4.481e-001,-2.966e-001,-5.699e-001,-2.139e-002,+4.369e-001,+1.280e-001,+6.206e-002,+9.079e-002,+4.283e-002,+1.235e-001,+5.449e-001,-2.726e-002,+2.621e-001,+5.724e-003,-2.939e-001,+7.636e-002,+2.008e-001,+2.722e-001,-2.828e-001,-5.413e-001,-5.811e-001,-7.764e-002,-2.010e-002,-8.752e-002,+5.818e-001,+9.409e-002,-2.980e-002,+2.084e-001,-2.298e-001,+4.340e-001,+2.865e-001,-6.081e-002,-2.248e-002,+2.939e-001,-3.199e-001,+4.588e-001,-7.180e-001,-4.887e-001,+2.938e-001,-4.289e-003,+2.074e-001,+1.419e-001,+3.049e-001,+2.926e-002,+2.538e-001,+3.470e-002,-2.244e-001,+3.051e-001,+3.960e-002,-1.194e-001,-2.508e-002,+2.146e-001,+3.880e-002,+1.655e-001,+1.472e-001,-1.857e-001,+9.879e-003,+2.155e-001 },
  {+3.839e-001,+1.140e-001,-1.671e-001,+1.692e-001,+3.672e-001,+5.041e-001,-7.397e-002,+9.188e-002,-3.671e-001,+3.671e-001,-1.243e-001,-6.280e-001,+8.768e-001,+5.724e+000,-1.914e-001,+1.157e-001,-3.982e-001,+1.242e-001,-6.469e-002,+1.907e-001,+5.781e-001,+7.475e-002,-3.338e-001,-4.412e-002,-7.257e-002,+4.583e-002,+1.520e-001,+1.967e-001,-1.864e-002,+6.499e-002,+8.441e-002,-2.297e-002,-5.304e-002,+9.195e-002,+7.210e-002,+3.252e-001,+2.833e-001,-2.861e-002,+4.097e-001,+7.313e-001,-2.577e-002,-4.067e-001,+4.752e-001,-7.005e-001,+6.299e-002,-9.655e-004,+4.188e-001,+1.303e-001,-3.236e-001,-2.311e-001,-5.108e-002,+1.263e-001,-3.495e-001,-4.210e-001,+4.695e-001,-7.099e-002,-3.752e-001,+4.075e-002,-2.066e-002,+5.046e-001,+1.395e-001,-6.600e-002,-6.816e-001,-2.812e-001,+1.164e-001,-3.879e-001,+2.312e-001,+1.923e-001,-3.499e-001,-1.496e-001,-1.536e-001,-9.890e-002,+4.280e-001,+1.110e-001,-3.520e-001,+1.124e-001,+7.237e-001,-3.856e-001,+2.815e-001,-1.600e-001,+1.487e-001,+4.168e-001,-3.404e-001,+2.952e-001,+4.398e-001,-2.219e-001,-5.643e-002,-2.451e-001,+3.799e-001,+1.888e-002,+5.723e-002,+9.333e-002,-2.075e-001,-4.803e-001,+8.027e-001,-5.636e-001,-1.076e-001,+7.896e-002,-7.837e-002,-5.982e-001 },
  {-1.671e-001,+8.324e-002,-2.227e-001,+3.674e-001,-5.033e-001,+4.377e-001,-5.634e-002,-1.937e-001,+1.241e-001,-1.886e-001,+3.052e-002,-9.068e-002,+3.597e-001,-1.914e-001,+5.794e+000,+4.116e-001,-2.362e-001,-8.360e-002,-4.088e-002,+7.000e-001,-1.023e-001,-6.262e-002,-3.562e-001,-2.381e-001,+1.939e-001,+1.162e-001,+6.387e-002,-8.792e-001,-2.808e-001,+1.929e-001,+9.586e-002,-1.303e-003,+9.372e-002,-8.747e-001,-2.425e-001,+2.087e-001,+1.302e-002,-3.059e-003,+2.786e-001,-2.818e-002,+4.831e-001,+7.485e-003,+1.367e-001,-6.211e-001,-5.402e-002,+4.049e-001,+4.452e-001,-3.201e-001,+3.311e-001,-1.264e-001,+5.422e-001,-2.159e-001,-3.443e-001,-5.734e-002,+5.145e-001,-2.781e-001,+8.516e-001,-1.788e-001,-3.002e-001,+8.567e-003,-1.001e-001,+9.556e-001,+3.261e-001,-4.605e-001,-3.950e-001,+7.012e-002,+1.741e-001,-2.331e-001,+2.369e-002,+3.118e-001,-5.305e-001,-1.186e-001,+3.851e-001,+2.213e-001,+3.409e-001,-1.780e-001,-9.656e-003,-1.009e-001,+1.137e-001,+3.411e-001,+8.893e-002,+1.676e-001,+1.142e-001,+6.472e-001,+2.088e-001,+1.193e-001,-3.192e-001,-8.107e-002,-4.971e-001,-7.245e-002,-3.476e-002,+1.697e-001,-4.181e-002,-2.668e-001,-5.890e-001,+1.544e-001,-3.066e-001,+4.398e-001,-2.122e-002,-6.295e-002 },
  {+5.330e-001,+4.893e-002,+2.440e-001,+3.731e-001,-4.429e-001,+2.148e-001,+3.865e-002,-8.404e-002,+2.279e-001,+3.456e-001,-7.609e-002,+2.143e-001,-6.574e-002,+1.157e-001,+4.116e-001,+4.396e+000,-9.421e-002,-5.176e-002,+7.992e-003,+1.826e-001,-3.764e-001,-1.749e-001,-2.096e-001,-1.878e-001,+4.876e-003,+8.243e-002,-7.902e-003,+3.755e-001,-4.060e-001,+4.518e-002,+7.157e-001,-3.145e-002,-5.004e-001,-1.552e-001,+3.734e-001,+2.751e-001,+9.717e-002,-6.081e-001,-1.516e-001,-1.835e-001,+2.077e-002,+7.615e-002,+3.316e-001,+2.228e-001,-7.684e-002,+2.360e-001,+4.388e-002,-1.166e-001,+4.752e-001,-4.044e-001,+3.924e-001,-1.362e-001,+1.374e-001,+3.672e-001,-2.304e-001,+3.327e-001,-4.227e-001,-1.338e-001,+1.052e-001,-2.884e-001,+3.524e-003,-6.043e-002,-2.369e-001,-4.511e-001,-6.499e-001,+7.023e-002,+3.072e-001,+2.969e-001,+5.036e-001,-6.584e-002,-2.052e-001,+2.662e-001,+8.237e-001,+2.420e-001,+4.962e-001,+2.226e-001,-1.032e-001,+1.233e-001,+2.571e-001,+1.300e-001,+2.137e-002,+2.789e-001,-3.417e-001,+1.992e-001,+1.807e-001,-1.897e-001,-1.982e-001,-1.089e+000,+1.738e-001,+2.301e-001,+2.318e-001,+3.549e-001,+1.270e-001,-5.301e-001,+1.759e-001,-5.030e-001,+4.852e-002,-2.763e-001,-1.535e-002,-2.457e-001 },
  {-1.091e-001,+5.836e-002,+1.995e-001,-5.404e-001,-1.010e-001,-1.953e-001,-1.449e-001,-4.038e-001,+1.692e-001,+2.930e-001,+9.719e-002,-2.979e-001,-7.902e-002,-3.982e-001,-2.362e-001,-9.421e-002,+5.856e+000,+2.010e-001,+1.265e-001,-1.772e-001,-1.668e-001,-3.877e-001,+4.207e-001,-2.572e-001,+6.961e-001,-2.771e-001,+4.519e-002,-1.309e-001,-8.578e-001,+1.911e-001,+5.963e-002,-4.270e-001,-7.507e-002,-1.190e-002,+2.093e-001,+3.473e-001,+6.370e-002,+1.389e-001,-1.970e-001,+9.760e-002,+3.358e-001,-1.313e-001,-1.357e-001,-3.528e-001,+1.724e-001,+2.737e-001,-2.824e-001,+3.091e-001,+2.263e-001,+6.689e-002,-2.384e-001,+2.023e-001,+3.509e-001,+3.018e-001,-6.334e-001,-5.038e-001,+3.628e-001,+2.549e-001,+2.312e-002,-3.823e-001,+8.910e-002,+5.932e-001,+1.564e-001,+4.575e-001,+3.968e-001,-5.437e-001,+1.577e-001,+4.508e-001,+5.594e-002,+2.809e-002,+2.653e-001,+2.689e-001,+2.611e-001,-3.271e-002,-3.806e-002,-6.072e-002,+1.403e-001,-3.412e-001,-3.222e-001,-1.441e-001,-3.088e-001,-1.455e-001,+5.618e-001,-2.027e-001,+3.866e-001,-1.830e-001,-8.652e-002,-5.698e-001,+6.761e-002,+2.707e-001,-2.145e-001,-3.350e-001,+5.349e-001,-1.236e-001,+1.681e-001,-2.745e-001,-2.781e-001,+4.068e-001,-3.441e-001,+4.643e-002 },
  {+2.733e-002,-3.280e-001,-2.484e-001,+4.142e-001,+4.213e-001,-1.917e-001,+4.656e-001,+1.088e-001,-2.175e-001,+9.525e-001,-3.192e-002,-8.165e-002,+6.820e-002,+1.242e-001,-8.360e-002,-5.176e-002,+2.010e-001,+5.418e+000,-7.547e-001,-4.151e-002,-2.786e-001,+1.711e-001,-1.019e-001,+4.833e-001,+5.024e-001,-6.118e-001,+8.145e-002,-2.005e-001,+5.021e-001,-2.133e-001,-1.963e-002,-2.143e-001,-1.600e-001,+2.385e-001,+4.473e-001,+8.767e-001,-1.740e-001,-2.471e-001,-9.840e-002,+8.162e-002,+1.166e-001,+3.675e-001,-3.062e-001,+2.931e-001,+3.507e-001,-6.488e-003,-2.366e-001,-2.269e-001,-1.252e-001,+9.069e-001,+4.112e-003,+3.153e-001,+3.066e-001,-1.349e-001,-6.397e-002,-1.088e-001,-4.070e-001,+7.251e-001,-3.907e-001,+2.439e-001,+3.649e-001,+1.215e-002,+6.630e-001,+1.748e-001,+1.272e-001,-1.162e-001,-3.676e-001,+1.849e-001,-3.607e-001,+1.247e-001,+4.529e-002,-5.719e-001,+1.084e-001,+4.985e-002,-3.191e-001,+7.912e-002,-4.840e-001,-1.315e-001,-2.824e-001,-5.562e-001,-1.555e-001,-7.183e-001,+1.501e-001,-2.209e-001,-4.800e-001,+5.725e-001,-3.523e-002,+2.930e-001,-3.615e-001,+5.141e-002,+1.985e-001,+6.178e-001,+1.022e-001,+6.206e-002,-3.588e-001,+4.930e-002,+2.542e-001,-1.355e-001,-7.431e-002,-5.338e-001 },
  {-9.724e-002,+2.284e-001,+2.221e-001,+6.249e-002,-2.417e-001,-5.053e-001,+7.769e-002,-1.187e-001,+4.149e-001,-1.616e-001,-1.068e-001,-1.296e-002,+4.316e-001,-6.469e-002,-4.088e-002,+7.992e-003,+1.265e-001,-7.547e-001,+5.125e+000,-3.179e-001,-1.242e-001,+2.753e-001,+4.584e-001,+4.413e-001,-1.035e-001,+1.575e-001,-7.959e-002,+9.159e-002,-2.155e-001,-4.970e-002,-1.813e-001,-2.836e-002,-1.516e-001,-3.143e-001,-6.471e-002,+7.258e-001,-5.731e-001,-1.606e-001,+2.265e-001,-4.164e-001,-1.617e-001,+5.423e-001,-4.450e-001,-4.323e-001,+2.440e-001,+1.820e-001,+4.805e-001,-1.501e-001,-5.911e-001,+4.806e-001,+5.169e-001,-3.488e-001,+2.004e-001,-8.978e-002,-3.103e-001,+4.008e-001,+1.290e-001,+3.239e-002,-2.677e-001,+3.715e-002,-5.380e-003,-2.382e-001,+6.990e-001,-7.556e-002,+3.764e-001,-5.412e-001,+1.428e-001,-6.231e-001,+5.581e-001,+2.939e-001,+1.928e-001,-7.209e-002,+3.041e-001,-2.021e-002,+6.151e-002,+4.752e-001,+6.530e-002,-7.386e-002,-4.725e-001,-8.177e-002,+2.685e-001,-1.646e-002,+3.732e-001,+2.312e-001,-1.374e-001,+1.966e-001,-2.154e-001,-3.080e-001,-8.062e-002,+4.521e-001,+9.605e-002,+4.091e-001,-3.069e-001,+1.012e+000,-8.388e-002,-2.198e-001,-4.190e-001,-5.441e-002,-1.127e-001,+3.225e-002 },
  {-1.500e-003,+2.875e-001,+8.039e-001,-3.843e-001,-5.758e-002,+2.371e-001,-3.249e-001,-2.651e-001,+2.850e-002,+2.287e-002,+2.302e-001,+1.733e-001,-3.688e-001,+1.907e-001,+7.000e-001,+1.826e-001,-1.772e-001,-4.151e-002,-3.179e-001,+5.519e+000,-4.172e-001,-3.181e-002,+1.226e-002,+1.278e-001,+4.178e-001,+2.293e-001,-5.862e-001,-1.231e-001,+2.309e-001,-2.326e-002,+1.818e-001,-2.249e-001,+3.993e-001,+3.277e-001,+3.098e-001,+1.177e-001,+3.036e-001,+2.188e-001,-6.790e-002,-3.048e-001,+2.876e-001,+2.315e-001,-2.602e-001,+7.612e-001,+4.997e-001,+3.519e-001,-2.028e-001,+3.159e-001,-1.083e-001,+6.451e-002,+1.034e-001,-1.756e-001,-2.589e-001,-2.747e-001,+6.723e-002,-3.266e-001,-3.244e-001,+1.023e-002,-3.569e-002,-6.487e-002,+2.123e-002,+2.016e-001,-1.837e-001,-9.772e-002,-2.951e-001,-5.805e-001,+2.814e-002,-1.709e-001,+6.059e-002,-2.601e-002,-3.529e-001,-1.604e-002,-8.886e-002,-1.786e-001,+1.047e-001,+1.964e-001,-3.825e-001,-1.492e-001,+3.545e-001,-1.443e-001,+5.863e-001,+5.088e-001,-2.857e-001,-5.301e-002,+2.195e-001,+2.835e-001,+1.719e-001,-1.034e-001,-2.250e-001,-1.273e-001,-1.784e-001,-3.557e-001,-4.399e-001,+1.989e-001,-3.845e-001,+1.677e-003,+1.424e-001,+1.516e-001,+8.850e-003,+8.524e-002 },
  {-1.458e-001,-2.769e-001,-1.345e-001,+2.523e-001,-7.788e-002,+4.959e-001,+2.369e-001,-9.141e-004,+1.230e-001,+1.860e-002,+4.043e-003,-6.091e-001,+2.495e-002,+5.781e-001,-1.023e-001,-3.764e-001,-1.668e-001,-2.786e-001,-1.242e-001,-4.172e-001,+5.620e+000,+5.868e-001,+2.365e-001,+1.026e-002,-3.868e-001,-2.965e-001,+3.399e-001,-4.173e-001,+5.081e-001,+1.328e-001,+4.233e-002,+9.990e-002,+2.009e-001,+3.552e-001,+4.913e-001,+1.400e-001,-5.211e-001,+2.105e-001,+4.164e-001,+4.842e-001,+6.032e-001,-4.255e-001,+4.329e-001,-1.216e-001,+3.115e-002,+1.507e-001,+3.257e-001,+1.273e-001,-4.553e-001,+1.053e-001,+2.840e-001,-3.669e-001,-2.435e-001,-7.740e-002,+2.958e-002,-6.994e-001,+3.787e-001,+6.113e-002,+2.768e-002,+3.418e-001,-5.101e-002,-3.329e-001,-1.151e-002,+1.224e-003,+2.183e-001,-1.352e-001,-7.671e-002,-9.375e-003,-4.511e-001,-1.339e-001,-7.375e-002,+2.433e-002,-5.095e-001,+2.304e-001,-2.132e-001,+1.828e-001,-1.920e-001,-6.037e-001,+4.452e-003,-4.691e-001,-3.174e-001,+4.213e-001,+2.566e-002,+6.823e-002,-6.680e-001,+6.996e-001,-1.757e-001,-1.440e-001,-7.049e-001,+5.717e-001,+8.085e-002,-9.791e-002,+3.897e-002,+7.403e-001,-1.764e-001,-1.501e-001,+1.328e-001,-3.406e-001,-3.056e-001,+5.895e-001 },
  {-6.187e-002,-1.396e-001,+7.876e-001,+1.878e-001,-7.351e-002,+2.539e-001,+1.351e-001,+3.753e-001,+8.243e-002,-3.978e-001,+3.344e-001,+2.599e-001,+2.046e-002,+7.475e-002,-6.262e-002,-1.749e-001,-3.877e-001,+1.711e-001,+2.753e-001,-3.181e-002,+5.868e-001,+5.302e+000,-1.719e-001,-1.717e-001,+1.909e-001,+1.091e-002,+1.697e-001,+2.255e-001,-2.145e-001,+1.914e-001,-1.548e-001,+5.148e-001,-3.777e-001,+9.695e-002,-1.259e-001,-3.727e-001,-4.529e-002,-1.204e-002,+3.426e-001,+7.019e-002,-2.826e-001,+1.086e-001,-1.571e-001,-5.798e-001,-4.217e-001,+2.387e-001,-1.429e-001,+7.172e-001,+4.557e-002,-4.620e-001,+2.346e-001,-2.135e-001,-6.998e-001,-2.913e-001,+1.999e-003,+7.259e-001,-2.312e-001,-5.633e-002,+1.312e-003,+3.042e-001,+1.338e-001,-2.531e-001,+5.612e-002,+2.761e-001,-1.106e-001,-5.882e-001,-7.067e-001,-1.847e-001,-4.865e-002,+4.338e-001,-3.877e-001,+1.912e-001,-5.269e-002,-3.900e-001,-2.573e-001,-2.181e-001,+6.388e-001,+3.996e-001,-2.908e-001,-4.151e-001,-2.020e-001,+5.920e-002,+1.300e-001,+2.611e-001,+1.701e-001,+1.269e-001,+2.627e-001,+7.009e-002,+3.544e-001,-4.604e-001,+3.132e-001,+2.268e-001,-4.418e-001,+3.526e-001,+9.471e-002,-1.304e-001,+1.794e-002,+4.846e-001,+3.744e-001,-1.092e-001 },
  {-7.327e-002,+1.890e-001,+2.916e-002,-4.497e-002,+3.350e-001,-3.989e-002,+5.641e-001,+2.121e-001,+2.830e-001,-6.372e-002,-6.354e-002,+2.683e-001,-2.170e-001,-3.338e-001,-3.562e-001,-2.096e-001,+4.207e-001,-1.019e-001,+4.584e-001,+1.226e-002,+2.365e-001,-1.719e-001,+6.346e+000,-8.579e-002,-1.290e-002,-2.369e-001,-6.373e-001,+7.850e-003,-1.288e-001,+3.519e-001,+8.500e-001,+4.362e-001,+4.840e-001,+1.639e-001,-4.813e-001,-6.165e-002,+2.391e-001,-1.679e-001,-9.836e-002,+7.215e-002,-5.187e-001,+4.967e-001,-8.362e-001,-3.259e-001,+2.261e-001,+2.248e-001,-3.649e-001,-4.549e-001,+3.768e-001,+9.824e-003,-1.604e-001,+1.794e-001,-1.937e-001,-8.446e-001,+8.465e-002,-1.370e-001,-6.476e-002,+1.528e-001,-5.826e-001,-3.301e-001,-1.895e-001,+1.227e-001,-3.268e-003,-1.079e-001,-2.028e-001,+9.999e-002,-1.909e-001,+1.326e-001,+4.536e-001,-4.192e-002,+6.579e-002,+3.141e-001,-1.032e-001,-4.087e-001,+5.358e-001,+6.817e-001,-1.959e-001,-3.171e-001,-6.056e-001,+1.389e-001,+4.635e-001,+4.123e-001,+1.425e-001,+1.438e-001,-6.641e-001,+4.755e-001,+8.049e-001,+2.144e-002,+9.961e-001,+2.959e-002,+4.254e-001,+2.019e-001,-3.597e-001,-4.297e-001,+1.667e-001,-1.376e-001,-3.539e-001,-1.630e-001,+4.413e-001,+1.050e-001 },
  {+2.114e-001,+4.273e-002,+2.173e-001,-3.123e-001,+5.149e-002,+8.236e-002,-2.595e-002,+3.586e-001,+1.706e-001,-2.096e-001,+6.905e-002,+2.559e-001,+1.795e-001,-4.412e-002,-2.381e-001,-1.878e-001,-2.572e-001,+4.833e-001,+4.413e-001,+1.278e-001,+1.026e-002,-1.717e-001,-8.579e-002,+5.619e+000,-8.298e-002,+5.319e-002,+1.561e-001,+7.841e-002,-5.055e-001,-5.295e-001,+3.755e-001,+6.345e-001,+4.401e-002,-2.517e-001,-4.790e-001,+1.108e-001,+3.915e-001,+4.240e-001,+2.337e-002,+3.457e-002,-1.671e-003,-9.714e-002,-1.308e-001,-1.587e-001,+3.134e-001,+7.361e-003,+2.684e-001,+7.010e-001,-6.996e-001,-2.185e-001,-3.396e-001,+4.582e-001,-1.032e-001,-1.606e-001,+3.246e-002,+2.470e-001,-5.020e-001,-2.082e-001,-5.475e-002,-3.169e-002,-3.411e-001,+6.750e-002,-1.942e-001,-4.104e-001,-1.393e-001,-3.356e-002,-6.455e-001,+6.433e-001,-4.040e-001,-2.774e-001,+5.022e-002,+1.182e-002,+3.704e-001,+1.525e-001,+1.563e-001,+4.680e-002,-3.513e-002,+1.617e-001,+2.550e-001,+4.752e-001,-2.230e-001,+3.633e-001,+2.142e-001,+3.944e-001,+1.912e-001,-1.135e-001,-1.873e-001,-2.664e-001,+3.515e-001,-1.188e-001,+9.821e-002,+6.130e-001,+1.503e-001,+1.443e-002,+9.850e-002,-4.792e-001,-6.595e-001,+1.383e-001,-3.860e-001,-5.537e-002 },
  {+1.198e-001,-3.440e-001,-4.881e-001,+8.813e-002,+3.776e-001,-2.038e-001,-2.493e-001,-1.447e-001,-3.318e-001,-6.073e-001,-2.357e-001,-4.050e-001,-1.153e-001,-7.257e-002,+1.939e-001,+4.876e-003,+6.961e-001,+5.024e-001,-1.035e-001,+4.178e-001,-3.868e-001,+1.909e-001,-1.290e-002,-8.298e-002,+5.898e+000,-1.473e-001,+5.100e-001,+1.089e-001,+2.399e-001,-2.219e-001,-2.327e-001,+3.649e-001,+2.655e-001,-7.634e-001,+3.426e-002,-9.325e-004,-5.040e-001,-2.314e-001,-3.015e-001,+1.109e-002,-2.992e-002,+7.760e-002,-5.301e-002,+7.112e-001,-1.284e-001,+8.321e-002,+2.123e-001,-2.320e-001,+2.211e-001,-6.137e-001,+1.324e-001,+2.601e-001,+1.304e-001,+2.532e-001,+3.293e-001,+7.332e-002,+7.874e-001,-2.013e-001,-2.232e-001,-3.474e-001,+2.170e-002,-6.084e-001,-2.669e-001,-4.498e-002,-2.622e-002,+2.569e-001,+9.911e-002,+7.188e-001,+1.273e-001,-2.972e-001,-2.327e-001,-5.760e-001,+1.006e-001,-1.813e-001,+6.154e-001,-1.901e-001,-6.019e-002,+7.049e-001,-4.546e-001,+1.109e-001,+3.351e-001,+2.126e-001,-9.697e-002,+5.795e-001,+8.328e-002,+1.274e-001,+2.552e-001,-1.488e-003,+2.583e-001,-7.994e-001,-2.503e-001,-5.660e-001,-5.262e-001,+3.850e-001,-1.325e-001,+1.111e-001,-1.774e-001,+4.330e-001,+1.974e-001,+1.349e-001 },
  {+7.370e-001,+5.496e-001,+4.426e-001,-1.769e-002,-2.852e-001,-2.778e-001,+3.986e-001,-2.153e-001,-4.936e-001,+1.268e-001,+3.328e-001,+3.722e-002,+3.779e-001,+4.583e-002,+1.162e-001,+8.243e-002,-2.771e-001,-6.118e-001,+1.575e-001,+2.293e-001,-2.965e-001,+1.091e-002,-2.369e-001,+5.319e-002,-1.473e-001,+5.583e+000,+2.360e-001,-3.015e-001,+5.903e-001,+2.704e-001,-1.015e-001,-4.826e-001,-3.632e-001,+1.878e-001,+7.059e-002,+2.053e-001,-1.434e-001,-3.718e-001,-1.949e-003,-1.066e-001,+4.671e-001,+3.287e-001,-4.236e-001,-1.739e-001,-1.333e-001,+2.782e-002,-6.249e-002,+8.634e-002,+1.489e-001,+3.810e-001,+8.147e-002,-2.197e-001,-1.725e-001,+3.171e-001,-1.610e-001,+3.049e-001,+2.750e-002,-9.203e-002,+2.095e-001,+1.291e-002,-1.379e-001,+3.562e-001,+2.670e-001,+6.211e-001,-1.130e-001,+2.678e-001,-1.354e-001,-1.776e-001,-1.810e-001,+3.401e-001,-4.073e-003,+6.259e-001,-1.954e-002,+2.054e-001,-5.936e-001,+6.553e-001,+1.599e-001,-2.751e-001,+2.164e-001,-1.351e-001,+8.866e-002,-6.485e-002,+1.070e-001,-3.219e-001,+7.065e-001,-3.941e-001,+1.958e-001,-4.934e-001,+2.071e-001,-6.209e-001,+3.590e-001,-3.783e-001,+4.020e-001,+4.293e-001,+7.653e-004,-1.562e-001,-2.474e-001,-7.941e-002,+2.004e-001,+1.922e-002 },
  {+4.038e-001,+8.871e-002,-3.310e-001,+4.098e-001,+2.943e-002,-1.968e-001,+2.457e-002,-3.414e-001,-1.325e-001,+1.356e-001,+1.253e-001,+2.561e-001,-1.033e-001,+1.520e-001,+6.387e-002,-7.902e-003,+4.519e-002,+8.145e-002,-7.959e-002,-5.862e-001,+3.399e-001,+1.697e-001,-6.373e-001,+1.561e-001,+5.100e-001,+2.360e-001,+5.550e+000,+1.558e-001,+1.961e-001,-5.185e-002,-3.782e-001,+2.364e-001,+4.784e-001,+4.908e-001,+1.137e-001,-4.150e-001,-3.728e-001,-2.100e-001,+2.701e-001,+1.382e-001,-3.414e-001,+5.147e-002,-3.419e-001,-7.156e-002,+3.101e-001,+4.856e-003,-3.675e-001,-3.991e-002,+1.865e-002,+1.575e-001,-3.598e-001,-1.283e-001,-7.182e-002,+2.450e-001,-9.978e-002,-2.488e-001,+2.290e-001,-3.348e-001,+1.633e-001,+7.782e-003,-5.749e-001,+2.274e-001,-2.887e-002,-7.802e-001,+1.513e-001,+1.657e-001,+7.569e-001,+1.857e-001,+2.454e-001,+4.413e-001,-3.063e-002,-3.294e-001,-3.189e-001,+2.819e-001,+3.036e-001,-1.603e-001,+1.559e-001,+3.530e-001,+1.052e-001,-2.389e-001,-7.720e-002,+1.816e-001,+3.660e-001,+2.862e-001,+9.230e-002,-2.391e-001,-3.754e-001,-5.163e-002,+8.893e-001,-1.935e-001,+2.747e-001,+3.489e-002,-4.646e-001,-1.821e-001,-1.361e-001,-5.682e-001,+5.622e-002,-4.751e-001,-2.032e-001,+3.018e-001 },
  {-2.512e-001,-1.428e-001,+4.745e-002,+4.543e-001,-3.639e-001,-3.780e-002,-2.195e-001,+7.149e-001,-1.315e-001,-5.837e-003,+3.655e-002,-1.948e-001,-1.869e-001,+1.967e-001,-8.792e-001,+3.755e-001,-1.309e-001,-2.005e-001,+9.159e-002,-1.231e-001,-4.173e-001,+2.255e-001,+7.850e-003,+7.841e-002,+1.089e-001,-3.015e-001,+1.558e-001,+4.767e+000,+3.309e-002,-3.524e-001,+4.898e-001,+4.370e-001,+2.757e-001,+2.850e-001,+9.077e-002,+5.995e-002,+2.231e-001,-1.281e-001,-4.458e-001,+5.706e-001,-1.632e-002,+3.665e-001,+3.596e-001,+7.700e-001,+7.285e-001,+2.003e-001,+2.935e-001,-3.814e-001,-5.799e-002,-2.035e-001,+1.384e-001,+1.895e-001,-2.835e-001,+4.626e-003,-3.092e-001,-8.390e-001,+6.346e-001,+2.075e-001,+3.825e-001,-1.937e-001,+2.788e-001,+2.409e-001,+5.023e-001,+4.247e-001,+1.341e-001,+2.273e-001,+5.140e-001,-8.091e-002,-2.554e-001,-8.593e-002,+2.342e-001,+2.113e-001,-6.989e-002,-5.104e-001,+2.681e-001,+1.394e-001,+4.709e-001,-4.078e-001,-2.770e-001,-3.182e-001,-8.518e-002,-1.510e-001,+3.563e-001,+6.294e-001,-5.196e-001,-2.227e-001,+2.875e-001,+3.069e-002,+4.829e-001,-3.456e-002,-4.109e-001,+3.683e-001,-2.039e-001,-1.286e-001,-3.663e-003,+1.344e-001,-7.872e-001,+5.316e-002,-9.422e-002,-3.085e-001 },
  {-5.377e-001,-7.165e-003,+1.806e-002,+2.831e-001,-1.427e-001,+6.057e-001,-2.404e-001,-1.690e-001,+4.139e-001,-2.743e-001,+1.513e-001,-2.300e-001,-3.665e-001,-1.864e-002,-2.808e-001,-4.060e-001,-8.578e-001,+5.021e-001,-2.155e-001,+2.309e-001,+5.081e-001,-2.145e-001,-1.288e-001,-5.055e-001,+2.399e-001,+5.903e-001,+1.961e-001,+3.309e-002,+5.819e+000,+2.851e-001,+3.593e-001,-6.703e-001,+3.605e-001,-2.772e-001,-2.376e-001,-3.975e-001,-2.040e-001,+1.580e-001,+2.495e-001,+6.129e-001,-1.089e-001,+2.917e-001,-4.503e-001,-2.919e-001,-2.339e-001,-7.815e-001,-5.804e-002,+2.108e-001,-2.516e-002,+3.495e-001,+3.066e-001,-1.409e-002,-3.289e-001,-1.549e-001,-2.183e-001,-1.491e-001,-3.156e-001,+4.523e-001,-8.484e-002,+3.228e-001,+1.662e-001,+2.771e-001,+3.566e-001,+3.054e-001,-1.685e-001,-1.395e-001,-5.923e-002,-5.635e-001,+1.888e-001,+1.486e-001,+2.440e-001,-3.966e-001,-2.443e-001,+1.414e-001,+1.663e-001,-3.779e-001,-8.096e-002,-4.903e-002,+2.430e-001,-2.687e-001,+3.617e-002,+7.609e-002,+2.712e-001,-8.597e-002,-8.011e-002,-4.232e-001,+5.410e-001,-1.274e-001,+2.313e-001,-1.687e-001,+2.409e-001,-2.714e-002,+3.118e-001,-4.142e-001,+7.602e-002,-9.189e-002,-1.957e-001,-7.217e-001,-1.107e-001,+7.162e-002 },
