Answer of test tests\large2\large2-100-0.dat-s
[General Setting]
Primal solution:
[[ 0.00092689  0.00382969  0.00285393 ... -0.00484548 -0.00513862
  -0.00236024]
 [ 0.00382969  0.01584201  0.01176205 ... -0.02012408 -0.02135484
  -0.00971485]
 [ 0.00285393  0.01176205  0.00883509 ... -0.01475339 -0.01562464
  -0.00732678]
 ...
 [-0.00484548 -0.02012408 -0.01475339 ...  0.02590894  0.02755056
   0.01213143]
 [-0.00513862 -0.02135484 -0.01562464 ...  0.02755056  0.02930549
   0.01283878]
 [-0.00236024 -0.00971485 -0.00732678 ...  0.01213143  0.01283878
   0.00608436]]
Dual solution:
0
Tr(CX) = 1.9615353351633213
Primal and dual gap: 0
Number of iterations: 9999
Max error in symmetry of Q: 0
Maximum h bound: 0.05
Method name is: Physarum SDC modified (v.2)
Restart factor: 1000
Infeasibility: 5.4995602270240854e-11
Time spent (seconds): 178.94284749031067
