SDPA start at [Tue Sep 07 12:42:30 2021]
param  is ./param.sdpa 
data   is G:\Research\PhysarumSDPSolver\SDPA\testSet\large2\large2-100-16.dat-s  : sparse
""Large randomly generated tests with n = 100 and m in [5,2]""
out    is G:\Research\PhysarumSDPSolver\SDPA\testSet\large2\large2-100-16.dat-s.res
NumThreads  is set as 1
Schur computation : DENSE 
   mu      thetaP  thetaD  objP      objD      alphaP  alphaD  beta 
 0 1.0e+004 1.0e+000 1.0e+000 -0.00e+000 -5.28e+004 9.1e-001 1.0e+000 2.00e-001
 1 1.8e+003 9.3e-002 2.2e-015 +4.95e-001 -6.63e+004 9.8e-001 1.6e+000 2.00e-001
 2 3.1e+002 1.7e-003 4.5e-015 +4.75e-001 -2.94e+004 1.0e+000 1.1e+000 2.00e-001
 3 4.7e+001 9.3e-018 1.4e-015 +4.65e-001 -4.66e+003 6.4e+001 9.8e-001 1.00e-001
 4 5.6e+000 9.3e-018 2.1e-016 -3.84e+000 -5.67e+002 9.8e-001 9.8e-001 1.00e-001
 5 6.5e-001 1.9e-017 3.4e-017 -3.71e+000 -6.91e+001 8.8e-001 9.4e-001 1.00e-001
 6 1.0e-001 1.9e-017 1.3e-017 -4.43e+000 -1.46e+001 8.7e-001 7.0e-001 1.00e-001
 7 3.7e-002 1.9e-017 1.1e-017 -4.73e+000 -8.47e+000 1.0e+000 8.9e-001 1.00e-001
 8 7.4e-003 1.9e-017 1.1e-017 -4.77e+000 -5.51e+000 9.7e-001 9.8e-001 1.00e-001
 9 8.8e-004 1.9e-017 2.7e-017 -4.79e+000 -4.87e+000 9.8e-001 9.9e-001 1.00e-001
10 9.3e-005 2.8e-017 2.2e-017 -4.79e+000 -4.80e+000 9.9e-001 1.0e+000 1.00e-001
11 9.3e-006 2.8e-017 2.0e-017 -4.79e+000 -4.79e+000 9.9e-001 1.0e+000 1.00e-001
12 9.4e-007 2.8e-017 2.2e-017 -4.79e+000 -4.79e+000 9.9e-001 1.0e+000 1.00e-001
13 9.4e-008 2.8e-017 2.9e-017 -4.79e+000 -4.79e+000 9.9e-001 1.0e+000 1.00e-001
14 9.4e-009 2.8e-017 5.4e-017 -4.79e+000 -4.79e+000 9.0e-001 9.0e-001 1.00e-001

phase.value  = pdFEAS    
   Iteration = 14
          mu = +9.3590060329384890e-009
relative gap = +1.9549197964278465e-007
        gap  = +9.3590061212012188e-007
     digits  = +6.7088710554974353e+000
objValPrimal = -4.7874113421416418e+000
objValDual   = -4.7874122780422539e+000
p.feas.error = +2.6645352591003757e-015
d.feas.error = +1.3642420526593924e-012
total time   = 1.274640
** Paramters **
maxIteration = 100
epsilonStar  = +9.9999999999999995e-008
lambdaStar   = +1.0000000000000000e+002
omegaStar    = +2.0000000000000000e+000
lowerBound   = -1.0000000000000000e+005
upperBound   = +1.0000000000000000e+005
betaStar     = +1.0000000000000001e-001
betaBar      = +2.0000000000000001e-001
gammaStar    = +9.0000000000000002e-001
epsilonDash  = +9.9999999999999995e-008
xPrint       = %+8.3e 
XPrint       = %+8.3e 
YPrint       = %+8.3e 
infPrint     = %+10.16e 

                         Time(sec)  Ratio(% : MainLoop) 
 Predictor time  =       0.364432,  36.457747
 Corrector time  =       0.115472,  11.551809
 Make bMat time  =       0.174882,  17.495181
 Make bDia time  =       0.000000,  0.000000
 Make bF1  time  =       0.166575,  16.664149
 Make bF2  time  =       0.000000,  0.000000
 Make bF3  time  =       0.000000,  0.000000
 Make bPRE time  =       0.134610,  13.466373
 Make rMat time  =       0.000000,  0.000000
 Make gVec Mul   =       0.000000,  0.000000
 Make gVec time  =       0.007959,  0.796218
 Cholesky bMat   =       0.000645,  0.064526
 Ste Pre time    =       0.008043,  0.804621
 Ste Cor time    =       0.444856,  44.503357
 solve           =       0.000000,  0.000000
 sumDz           =       0.016003,  1.600939
 makedX          =       0.015999,  1.600539
 symmetriseDx    =       0.264416,  26.452154
 makedXdZ        =       0.296418,  29.653632
 xMatTime        =       0.024181,  2.419065
 zMatTime        =       0.034615,  3.462882
 invzMatTime     =       0.000000,  0.000000
 xMatzMatTime    =       0.000000,  0.000000
 EigxMatTime     =       0.230899,  23.099117
 EigzMatTime     =       0.213957,  21.404240
 EigxMatzMatTime =       0.000000,  0.000000
 updateRes       =       0.008002,  0.800519
 EigTime         =       0.444856,  44.503357
 sub_total_bMat  =       0.824719,  82.504819
 Main Loop       =       0.999601,  100.000000
 File Check      =       0.000000,  0.000000
 File Change     =       0.008064,  0.806722
 File Read       =       0.266975,  26.708157
 Total           =       1.274640,  127.514878

xVec = 
{-1.920e-003,+1.084e-003,+5.722e-004,-1.256e-003,+2.757e-003,+5.772e-003,+3.405e-003,-1.035e-003,+3.057e-003,+5.859e-004,+2.246e-003,+2.638e-003,+3.212e-003,+4.709e-003,+3.754e-003,+3.570e-004}
xMat = 
{
{ {+5.079e+000,-8.488e-002,+7.718e-002,-1.410e-001,-2.185e-001,-2.530e-001,+8.527e-002,+5.625e-002,+6.919e-001,-3.513e-001,+2.504e-001,-4.052e-002,-1.353e-001,-1.005e-003,-2.670e-001,+4.866e-001,-4.028e-001,+3.685e-002,-1.687e-002,-2.678e-002,-1.532e-001,+2.083e-001,+5.776e-001,-3.028e-001,-1.710e-001,-2.933e-001,-3.138e-001,+5.090e-001,+1.895e-001,-4.713e-001,+7.596e-002,+5.372e-001,-1.616e-001,+1.010e-001,+1.534e-001,-1.354e-001,+2.368e-001,-4.095e-001,+5.376e-001,-5.646e-002,+1.682e-001,+8.694e-002,+4.021e-001,-1.558e-002,+2.320e-001,+1.532e-001,+7.778e-002,-1.242e-001,-2.239e-001,+3.803e-001,-3.868e-001,+1.022e-001,+2.867e-001,+3.268e-001,-1.852e-001,+2.181e-002,-1.860e-001,+2.604e-001,+9.995e-002,-7.839e-002,-5.885e-003,-1.240e-001,+4.642e-001,-3.917e-002,+3.511e-001,-3.279e-002,+3.885e-001,-8.752e-002,+2.657e-002,+1.200e-001,-1.396e-001,-5.605e-001,+2.759e-002,+3.112e-001,+4.634e-001,+4.740e-003,+8.806e-002,+1.949e-001,+1.513e-001,-1.150e-001,+1.624e-001,+4.533e-001,+9.174e-002,+1.102e-001,+3.568e-001,+1.925e-001,+3.533e-001,-1.009e-001,+5.549e-001,+9.726e-002,-5.848e-003,-2.884e-001,+4.611e-001,-3.108e-001,+2.587e-001,-2.496e-001,+3.518e-001,-3.646e-002,+1.263e-002,+2.136e-001 },
  {-8.488e-002,+4.794e+000,+3.262e-001,+7.343e-002,-1.727e-002,+2.444e-001,-1.757e-001,+2.918e-002,-3.368e-001,-3.218e-001,-8.861e-003,-2.428e-001,-3.345e-001,+4.175e-001,-1.505e-001,+5.272e-001,-1.079e-001,-4.799e-001,+2.533e-001,+2.504e-001,-3.661e-001,-3.504e-001,+2.595e-001,+1.437e-001,+3.574e-001,+1.315e-001,+1.575e-001,-2.252e-001,-2.848e-001,+3.581e-002,-2.979e-001,+6.391e-001,+1.675e-001,+6.161e-002,-2.739e-001,-2.366e-001,+1.966e-001,-2.473e-001,-3.046e-002,+7.283e-002,-2.274e-001,-2.722e-001,+1.937e-002,-1.139e-001,+3.225e-001,-3.390e-002,+5.691e-001,+1.436e-001,-8.887e-002,-4.785e-003,-2.682e-001,+4.613e-001,+8.894e-002,+4.006e-001,+9.634e-002,-5.245e-002,+3.372e-001,+4.086e-002,+7.183e-001,+8.878e-002,-4.814e-001,+2.225e-001,-2.298e-001,+2.339e-001,-1.478e-001,+1.988e-001,-1.838e-001,+3.031e-001,-5.390e-001,+1.390e-001,-1.353e-001,+1.466e-001,-4.819e-002,-1.344e-001,-1.816e-001,-1.446e-001,-5.452e-003,-4.050e-001,-1.836e-001,+8.428e-002,-1.334e-001,-1.409e-001,-3.045e-001,+5.297e-002,+1.874e-001,+4.179e-001,+3.994e-001,-6.473e-001,-2.127e-001,+1.031e-001,+2.787e-001,-6.117e-002,-2.806e-001,+3.416e-001,+3.209e-001,+3.939e-001,-8.245e-002,-4.155e-002,-5.498e-001,-1.668e-001 },
  {+7.718e-002,+3.262e-001,+5.214e+000,-3.348e-001,+1.540e-001,-1.082e-001,-3.332e-001,+9.927e-002,+3.830e-001,+5.378e-001,+3.392e-001,-2.247e-001,+3.765e-001,+4.905e-001,-1.366e-001,+1.707e-001,+1.843e-001,+1.853e-002,-1.747e-001,+3.549e-001,+8.129e-002,-6.713e-001,-4.966e-002,-2.971e-003,-1.495e-001,-3.272e-001,-1.520e-001,-8.066e-001,-1.474e-002,+3.980e-001,-1.213e-001,-2.349e-001,-1.140e-001,-9.780e-002,-1.162e-001,+1.176e-001,-1.783e-001,+8.749e-001,+1.406e-001,-2.282e-001,-4.883e-001,+3.210e-001,-3.656e-001,-7.611e-002,-7.988e-003,-1.426e-001,+5.529e-001,-3.927e-001,+1.666e-001,-1.271e-001,-8.338e-002,-2.498e-003,-7.367e-002,-5.258e-002,-5.047e-001,-1.686e-001,-2.523e-001,+2.125e-001,+3.240e-001,+6.807e-002,-9.644e-002,-1.916e-001,+7.400e-001,-1.304e-001,+3.534e-001,+3.519e-002,+1.888e-001,-3.627e-001,+2.610e-001,+6.121e-001,-2.716e-001,+1.662e-001,+1.926e-001,+2.825e-001,+5.015e-001,-5.240e-001,+1.461e-001,+2.818e-001,+9.690e-001,+4.822e-001,-2.334e-001,+1.413e-001,+1.200e-002,-3.868e-001,+5.241e-001,+3.265e-001,+1.586e-001,+3.874e-001,-1.228e-002,-2.541e-001,-2.214e-002,-2.800e-002,+3.320e-002,+2.946e-001,-3.349e-001,-6.149e-002,-2.429e-001,-2.765e-001,-1.116e-001,-2.476e-001 },
  {-1.410e-001,+7.343e-002,-3.348e-001,+4.905e+000,-5.422e-001,-5.374e-001,-2.048e-002,+3.596e-001,-2.516e-001,-1.311e-001,+1.615e-002,-2.003e-002,-2.925e-001,-9.127e-002,+3.697e-001,+6.558e-002,+4.450e-002,-4.516e-001,+1.884e-001,-3.724e-003,-1.181e-001,+5.748e-001,-1.769e-001,-7.147e-002,-4.517e-001,+2.800e-002,-2.494e-001,+1.654e-001,-1.794e-002,+1.624e-001,+4.085e-002,+6.986e-002,-3.379e-001,+1.561e-001,+3.333e-001,+1.552e-001,+1.380e-001,+2.248e-001,-4.465e-003,-3.856e-001,-4.836e-001,+1.453e-001,+2.380e-001,-1.823e-001,-2.868e-001,-4.499e-001,-2.073e-004,+2.819e-001,-9.516e-002,-4.444e-001,+2.202e-001,-4.346e-001,+5.483e-001,-1.255e-001,+4.455e-001,-5.095e-002,+4.691e-001,-2.581e-001,-1.808e-001,-8.079e-002,+3.329e-002,+4.312e-002,+2.033e-001,+2.260e-002,-2.214e-001,+6.687e-002,-2.147e-001,+2.218e-003,-9.430e-002,+4.086e-002,-3.068e-002,+1.035e-002,+4.852e-001,-7.395e-002,+1.113e+000,-1.297e-001,-5.504e-002,-1.078e-001,-2.338e-001,-1.130e-001,-1.025e-001,-5.898e-002,-6.951e-002,-3.436e-001,-5.939e-001,-2.841e-001,-3.674e-002,-3.615e-001,-2.966e-001,+5.078e-001,-3.368e-001,-2.523e-001,+2.641e-001,+6.048e-001,+2.954e-001,+1.693e-001,-4.774e-002,+3.114e-001,+8.162e-002,+5.423e-001 },
  {-2.185e-001,-1.727e-002,+1.540e-001,-5.422e-001,+5.615e+000,+2.943e-001,+1.381e-001,+7.129e-002,+2.722e-001,+2.087e-004,+1.722e-001,-2.014e-001,-2.330e-001,+1.104e-001,-1.643e-001,-1.028e+000,-1.349e-002,-2.151e-001,+1.346e-001,+4.320e-001,+3.626e-002,-4.101e-001,+7.967e-001,+1.234e-001,-3.221e-001,+3.154e-001,+2.794e-001,-2.174e-002,-2.208e-001,+4.421e-001,-3.378e-001,+1.514e-001,-1.202e-002,-6.323e-001,-4.416e-001,-1.234e-001,+1.437e-001,+1.301e-001,-2.215e-001,-2.926e-001,-1.191e-001,-9.591e-002,+6.063e-002,-1.930e-001,-1.656e-001,+1.588e-001,+2.232e-001,+3.365e-001,+3.436e-001,+1.200e-001,+1.048e-001,+1.765e-001,-2.846e-001,+7.632e-002,+1.761e-001,-1.033e-001,+9.956e-002,-1.597e-001,-8.715e-002,-3.580e-002,-1.269e-001,-2.975e-001,-2.302e-001,-2.360e-001,-2.991e-001,+7.036e-002,-1.024e-001,+3.105e-001,-1.818e-001,+3.829e-001,-6.016e-002,+4.411e-001,-3.020e-001,-1.177e-001,+2.244e-001,-2.181e-003,-1.044e-001,-4.840e-001,+2.848e-001,+2.839e-001,+1.974e-001,-2.885e-001,-8.315e-002,-2.059e-001,-4.753e-001,-3.353e-002,-4.995e-002,+3.924e-001,-5.883e-002,+4.423e-001,-4.350e-001,+1.131e-001,-4.397e-001,+2.335e-001,-4.595e-001,+4.559e-001,-2.012e-001,+1.218e-001,+1.009e-001,+1.166e-002 },
  {-2.530e-001,+2.444e-001,-1.082e-001,-5.374e-001,+2.943e-001,+5.421e+000,+1.779e-001,-4.348e-001,-3.423e-001,-2.789e-001,+5.116e-001,+8.323e-002,-3.171e-001,-1.145e-001,-1.408e-002,+6.691e-002,+5.148e-002,-3.603e-001,+2.492e-001,+4.234e-001,-1.361e-001,+2.336e-001,-1.766e-001,+3.820e-002,+5.663e-001,+1.374e-001,+3.981e-002,-2.932e-001,-1.175e-001,-1.615e-001,+5.735e-002,-1.202e-001,+5.253e-002,+3.436e-001,+6.774e-002,+1.431e-002,+6.428e-002,+5.224e-002,-3.554e-001,+4.925e-001,+2.625e-001,+4.328e-001,+1.870e-001,+3.324e-001,+7.265e-001,-8.669e-002,+8.957e-002,+1.207e-001,+5.378e-002,+9.824e-002,+2.937e-001,-3.354e-001,-1.377e-003,-4.822e-001,-4.004e-001,+4.431e-002,-3.709e-001,+2.304e-002,-4.569e-001,+1.913e-001,+1.173e-001,+8.376e-002,+9.290e-002,-2.284e-001,+5.731e-002,-2.055e-001,+3.129e-001,+6.212e-001,+2.851e-001,+8.024e-002,-9.513e-002,+4.242e-002,-2.583e-001,+1.641e-001,+3.554e-001,+3.929e-002,-6.288e-001,+3.595e-001,-2.537e-001,+1.176e-001,+4.123e-002,-3.126e-001,+2.836e-001,-5.033e-001,+3.075e-001,+1.981e-001,-4.054e-001,+3.533e-001,+2.702e-001,+2.251e-001,+1.788e-001,+1.511e-002,+4.032e-001,+1.336e-001,+2.082e-001,+4.191e-001,-1.650e-001,-7.854e-002,+7.508e-002,+8.150e-001 },
  {+8.527e-002,-1.757e-001,-3.332e-001,-2.048e-002,+1.381e-001,+1.779e-001,+5.348e+000,+4.172e-001,-5.773e-002,+1.280e-001,+1.559e-001,+2.738e-001,+3.959e-001,+2.497e-001,+1.304e-001,-3.548e-001,+5.997e-001,+2.550e-001,-1.172e-001,+7.082e-001,+9.705e-002,-2.154e-001,-7.850e-001,-3.098e-001,+4.320e-001,+3.042e-001,+1.092e-001,-1.285e-001,-4.579e-001,+1.287e-001,-7.226e-001,+2.422e-001,+5.314e-002,+7.087e-002,+1.463e-001,+2.538e-001,+1.189e-001,-3.316e-001,-2.926e-001,-2.592e-001,+3.001e-001,-3.969e-001,+6.019e-002,+1.960e-001,-1.811e-001,-2.607e-001,+2.265e-001,-6.796e-002,-2.555e-001,-2.998e-001,-4.602e-001,-6.477e-002,-2.670e-001,-3.154e-001,+1.219e-002,+3.428e-001,-4.552e-001,+2.808e-001,+5.271e-002,+6.224e-001,-1.281e-001,-1.823e-001,+4.433e-001,+8.277e-002,+1.744e-001,-2.025e-001,+1.108e-001,+4.907e-001,+7.956e-002,-2.763e-001,+4.583e-001,-2.418e-001,+5.031e-001,-3.411e-001,+1.385e-001,-1.469e-001,+1.775e-001,+1.523e-001,-2.713e-001,+4.118e-002,+1.012e-001,+4.638e-001,+4.366e-001,+5.297e-001,-3.110e-003,+5.526e-002,-1.561e-001,+1.574e-002,+3.158e-001,+6.296e-001,+4.269e-001,+1.790e-001,-1.795e-001,-5.639e-001,-5.279e-002,-1.406e-001,-1.210e-001,-1.304e-001,-4.444e-003,+4.870e-001 },
  {+5.625e-002,+2.918e-002,+9.927e-002,+3.596e-001,+7.129e-002,-4.348e-001,+4.172e-001,+5.038e+000,-7.925e-002,-3.198e-001,-4.080e-004,+1.851e-001,-3.786e-002,-2.260e-001,-1.079e-001,-5.002e-001,-4.915e-002,-1.299e-001,-1.023e-001,+5.477e-001,-5.329e-001,-5.404e-001,+1.201e-001,+2.123e-001,-1.743e-001,-4.284e-002,+1.643e-001,+4.336e-001,+6.650e-002,-4.177e-001,+4.567e-002,-6.129e-002,-3.909e-001,+1.795e-001,-1.782e-002,+4.728e-001,+5.434e-002,+1.724e-001,+1.879e-001,+2.582e-001,-5.725e-003,-7.875e-002,-4.556e-002,-7.078e-001,-8.370e-003,-4.718e-001,+1.934e-001,-6.322e-001,-1.210e-001,+3.556e-001,-2.382e-001,+3.017e-001,-7.853e-002,-5.504e-001,+1.320e-001,+4.128e-001,+3.264e-001,+2.417e-002,+1.801e-001,-2.969e-001,+1.479e-001,+2.900e-001,+4.404e-001,+3.019e-001,+4.566e-001,-3.476e-001,+5.084e-002,+1.079e-001,+3.856e-001,+5.281e-002,+1.543e-002,-1.799e-001,-4.034e-001,+4.914e-001,-1.808e-001,+1.761e-001,-3.132e-001,-3.998e-001,+2.416e-001,+1.318e-001,-2.404e-001,+1.516e-001,-2.732e-001,+3.218e-001,-3.373e-001,-2.218e-001,+3.543e-001,+9.473e-003,+2.262e-001,+3.190e-001,-2.590e-001,-1.860e-001,+4.096e-001,-9.236e-003,-8.702e-001,-1.639e-001,-2.128e-001,+1.007e-001,-1.032e-001,-2.754e-001 },
  {+6.919e-001,-3.368e-001,+3.830e-001,-2.516e-001,+2.722e-001,-3.423e-001,-5.773e-002,-7.925e-002,+5.824e+000,-2.496e-001,-3.960e-001,-3.869e-001,-3.564e-002,-1.217e-001,+3.870e-001,-3.449e-001,+4.072e-001,+3.547e-001,-9.570e-002,+1.534e-001,-3.444e-001,-4.982e-001,+3.409e-002,-1.386e-001,+4.596e-001,-5.190e-002,+2.418e-002,+2.661e-001,-3.894e-001,-8.249e-002,-1.698e-001,-6.511e-001,-3.056e-001,-1.577e-001,+3.256e-001,-2.374e-001,-3.023e-001,-2.584e-001,-1.711e-001,+2.028e-001,+2.566e-001,-1.839e-001,+2.219e-001,-4.099e-001,+4.126e-002,-1.856e-001,-3.876e-001,-4.095e-001,+1.545e-001,-3.039e-001,-6.535e-002,-8.861e-002,-3.537e-002,-1.276e-001,+3.464e-001,+3.724e-001,+4.071e-002,+4.950e-002,+2.943e-001,-2.186e-001,-1.756e-001,+5.063e-002,-8.113e-002,+2.826e-001,+3.007e-001,+7.960e-002,-9.840e-002,+1.313e-001,-1.690e-001,-1.596e-001,+1.247e-002,+1.339e-001,-1.932e-001,-1.728e-001,+4.330e-001,+3.906e-001,+3.764e-001,+2.840e-001,-8.506e-001,+4.807e-001,-3.599e-002,+6.409e-002,+4.588e-001,+2.446e-001,-1.180e-001,-4.969e-001,+1.897e-001,-1.654e-001,-1.277e-001,-1.361e-001,+1.999e-001,-9.764e-002,-1.912e-001,+1.290e-001,-1.764e-001,-2.210e-001,+2.255e-001,-7.033e-001,+2.510e-001,+3.003e-001 },
  {-3.513e-001,-3.218e-001,+5.378e-001,-1.311e-001,+2.087e-004,-2.789e-001,+1.280e-001,-3.198e-001,-2.496e-001,+5.120e+000,-2.451e-002,+1.495e-001,-4.498e-001,+2.500e-001,+2.751e-001,+1.466e-001,+5.196e-001,-3.587e-002,+4.405e-001,+3.385e-001,-7.832e-001,+2.231e-001,+3.641e-001,-3.310e-001,-1.481e-001,-2.053e-001,+2.007e-001,+2.672e-001,+2.781e-001,-2.795e-001,-3.700e-001,+3.118e-001,-2.923e-002,+5.247e-001,-4.373e-002,+3.435e-001,-3.851e-001,+5.499e-001,+3.054e-001,+3.507e-001,+3.674e-002,-5.609e-002,-4.065e-002,-2.318e-001,-4.790e-001,+2.456e-001,+4.612e-002,+3.862e-001,+2.632e-001,-1.961e-001,-1.519e-003,+4.568e-001,-1.528e-002,+1.663e-001,-3.960e-001,-7.792e-002,-2.228e-001,+3.093e-001,+3.894e-001,-4.106e-001,-4.511e-002,-2.520e-001,+3.274e-001,+1.141e-001,+2.909e-001,-2.324e-002,+6.298e-001,+5.151e-002,+3.322e-001,+3.162e-001,-2.688e-001,+1.134e-001,+2.798e-001,+2.405e-001,-2.016e-001,+5.423e-002,-3.522e-001,-5.724e-002,+1.569e-001,+3.666e-001,+3.592e-001,+5.567e-001,-1.023e-001,-2.466e-001,-9.280e-002,-3.882e-001,-6.056e-002,+1.076e-001,-2.277e-001,+3.666e-002,+3.889e-001,-3.121e-001,+2.744e-001,+2.761e-001,+9.572e-002,+2.634e-001,-1.607e-001,+1.375e-001,+8.423e-002,+3.591e-002 },
  {+2.504e-001,-8.861e-003,+3.392e-001,+1.615e-002,+1.722e-001,+5.116e-001,+1.559e-001,-4.080e-004,-3.960e-001,-2.451e-002,+5.571e+000,-3.721e-001,-5.398e-002,-7.444e-002,-1.572e-001,+3.863e-001,+2.044e-001,-1.553e-001,-2.858e-001,-3.876e-001,-7.623e-002,-4.730e-003,+4.117e-001,+5.880e-001,-4.848e-001,+1.333e-002,+1.476e-001,-1.692e-002,+4.316e-002,+4.674e-002,-7.891e-002,+3.564e-001,-2.735e-001,+2.726e-001,-4.258e-001,-2.959e-002,+6.736e-001,+5.477e-001,-7.579e-001,-3.745e-001,-1.241e-001,-2.805e-001,+2.248e-001,+1.401e-001,+2.657e-002,-1.392e-001,-3.619e-004,+4.681e-001,+5.925e-001,+3.025e-001,-4.327e-001,+1.622e-001,-3.945e-001,-2.132e-001,-1.061e-001,+9.250e-002,-7.803e-001,+2.414e-001,+3.103e-002,-2.049e-001,+1.482e-001,+9.476e-002,-2.834e-001,-2.336e-001,+3.339e-001,-1.149e-001,-2.765e-001,+1.700e-001,+6.344e-003,+7.222e-002,+8.837e-002,-2.242e-002,-2.725e-001,-6.692e-002,+2.003e-001,+7.881e-002,+2.946e-001,+1.977e-001,-2.803e-001,-5.028e-001,-8.389e-002,-3.089e-001,+4.137e-003,-2.182e-001,-2.838e-001,+5.111e-001,-1.381e-001,-4.812e-001,+5.024e-001,+7.814e-002,+2.914e-001,-5.290e-001,-5.772e-001,-1.511e-001,+2.464e-001,-2.282e-001,-3.176e-001,-3.063e-001,+9.586e-002,+3.497e-002 },
  {-4.052e-002,-2.428e-001,-2.247e-001,-2.003e-002,-2.014e-001,+8.323e-002,+2.738e-001,+1.851e-001,-3.869e-001,+1.495e-001,-3.721e-001,+5.605e+000,+5.250e-002,-6.633e-001,+3.482e-001,-5.352e-001,+4.006e-002,-3.521e-002,+4.410e-001,+3.119e-002,+6.417e-002,-1.973e-001,-2.386e-001,-1.756e-001,-6.112e-002,+2.538e-002,+5.703e-002,-3.712e-001,+2.355e-001,+3.749e-001,-9.787e-002,+6.760e-001,-2.097e-002,+1.138e-001,+1.644e-001,+7.974e-002,-3.780e-001,-3.344e-001,+1.719e-001,+2.861e-001,+2.271e-001,+3.430e-001,+2.545e-002,-6.874e-001,-3.597e-001,-7.205e-001,+2.382e-001,+4.822e-002,-7.993e-002,-1.872e-001,-5.659e-002,-1.634e-001,+1.627e-001,-3.780e-001,+3.438e-001,+4.292e-001,+5.659e-002,-2.767e-002,+2.539e-002,-1.391e-001,-5.970e-002,+1.847e-001,+5.090e-001,-4.531e-001,+3.603e-001,-2.880e-001,-2.386e-001,-1.582e-001,-1.529e-001,+2.388e-001,-1.306e-001,+4.412e-001,-6.281e-001,+9.597e-002,+1.036e-001,+2.024e-001,+1.506e-001,-1.372e-002,+5.778e-001,+2.325e-003,-5.236e-001,+9.306e-002,+1.605e-001,-4.868e-001,-5.762e-001,+8.788e-003,-4.522e-001,-2.181e-001,+5.556e-001,-8.822e-002,-3.880e-001,+5.226e-003,-3.655e-001,-1.086e-001,+1.146e-001,+8.339e-002,+4.028e-001,+5.405e-001,+2.793e-001,-2.812e-001 },
  {-1.353e-001,-3.345e-001,+3.765e-001,-2.925e-001,-2.330e-001,-3.171e-001,+3.959e-001,-3.786e-002,-3.564e-002,-4.498e-001,-5.398e-002,+5.250e-002,+5.004e+000,-3.172e-001,-8.046e-002,-3.309e-002,+1.963e-001,-5.124e-001,-1.198e-001,-5.282e-003,+2.072e-001,+5.439e-001,-2.659e-001,+1.153e-001,+3.186e-002,+2.248e-001,-1.217e-001,-3.744e-001,+1.672e-001,+3.079e-001,+4.993e-001,-5.927e-001,-1.416e-001,-4.063e-001,+1.321e-001,+1.063e-001,+9.176e-002,+2.429e-001,+2.124e-001,+2.575e-001,-2.996e-001,+4.096e-001,-1.623e-001,-1.826e-001,-2.043e-001,+2.773e-001,-1.307e-001,-3.523e-003,+7.324e-002,+4.376e-001,+4.543e-001,-1.226e-001,-2.482e-001,+4.091e-001,+4.418e-001,-4.416e-001,+1.405e-002,+6.073e-001,-3.959e-001,-4.462e-001,+4.569e-001,+2.439e-001,+3.077e-003,+4.750e-001,+4.738e-001,-1.862e-001,-4.728e-001,+2.889e-002,-5.603e-001,+4.602e-001,+3.729e-001,-3.040e-001,+4.504e-001,+5.535e-002,+3.079e-001,-3.554e-001,-1.387e-002,-5.139e-001,-5.400e-001,+1.386e-001,+1.299e-001,+3.367e-001,-8.265e-002,+1.687e-001,+2.662e-001,+2.725e-001,+3.931e-001,+1.156e-001,+2.259e-001,+2.767e-001,+2.069e-003,-2.886e-001,-1.928e-001,+1.242e-001,-4.048e-001,-4.485e-001,+8.853e-002,-2.452e-001,+2.853e-001,-2.960e-002 },
  {-1.005e-003,+4.175e-001,+4.905e-001,-9.127e-002,+1.104e-001,-1.145e-001,+2.497e-001,-2.260e-001,-1.217e-001,+2.500e-001,-7.444e-002,-6.633e-001,-3.172e-001,+5.012e+000,+3.253e-001,-7.879e-001,+9.917e-003,-4.154e-001,-1.843e-001,-9.027e-001,-3.302e-001,-4.593e-001,+2.816e-001,-1.044e-001,+4.731e-001,+3.506e-002,-7.032e-002,+2.985e-001,-5.384e-002,+1.987e-001,+2.212e-001,-1.404e-001,-2.012e-001,-3.000e-001,-8.526e-002,-2.709e-001,-3.221e-001,-2.149e-001,+8.300e-002,-5.731e-002,+1.515e-001,-1.393e-001,+3.411e-002,-3.150e-001,-1.936e-001,+2.703e-001,+2.646e-001,+1.859e-001,-2.858e-001,-2.065e-001,+7.462e-002,+1.251e-001,+4.490e-001,-3.946e-002,-7.067e-001,+2.805e-001,+7.677e-002,+1.518e-001,-2.428e-002,-3.721e-001,+1.151e-002,+1.318e-001,-1.489e-001,+6.058e-002,+9.981e-002,-3.622e-001,-4.574e-001,-6.016e-001,-7.698e-002,+2.629e-001,-1.153e-001,-4.946e-002,+1.370e-001,+1.304e-002,+6.061e-001,-1.900e-001,-2.210e-001,-1.462e-001,+9.286e-002,-2.228e-002,-1.460e-001,-1.194e-001,+6.689e-003,+4.906e-001,-9.506e-002,+4.035e-001,-3.023e-001,-1.007e-001,+2.860e-001,+1.315e-001,-1.457e-001,+1.039e-002,-2.405e-001,+7.698e-001,+9.592e-002,-5.901e-002,+5.041e-002,+1.083e-001,-1.962e-001,+5.148e-003 },
  {-2.670e-001,-1.505e-001,-1.366e-001,+3.697e-001,-1.643e-001,-1.408e-002,+1.304e-001,-1.079e-001,+3.870e-001,+2.751e-001,-1.572e-001,+3.482e-001,-8.046e-002,+3.253e-001,+4.360e+000,-2.884e-001,+2.129e-001,-2.390e-001,-4.077e-002,+9.173e-002,+4.215e-001,-2.488e-001,+5.014e-001,-1.768e-001,+4.322e-001,-3.243e-001,-2.978e-001,+2.358e-001,-1.103e-001,-4.321e-001,-2.718e-001,-5.334e-001,+1.453e-001,-4.181e-001,+8.500e-002,-1.355e-001,+1.648e-001,-1.945e-001,-4.306e-001,+2.063e-001,-1.346e-001,-3.004e-001,+2.670e-001,+4.732e-002,+1.642e-001,+2.691e-001,+4.714e-001,+4.849e-002,-3.761e-001,-4.304e-001,+7.963e-002,-9.920e-002,+2.664e-001,+3.586e-001,+1.544e-001,-9.156e-002,-9.315e-001,+1.522e-001,-2.103e-001,-1.313e-001,-3.029e-001,+5.740e-002,-2.773e-001,-2.015e-002,+1.810e-002,-4.612e-001,-2.545e-001,+1.799e-001,+2.255e-001,-1.287e-001,-3.083e-001,+8.066e-002,+1.279e-001,+2.482e-001,-5.272e-002,+1.661e-001,-3.550e-001,+1.943e-002,+6.342e-002,-3.284e-001,-4.495e-001,-5.360e-002,-9.382e-002,-2.416e-001,+2.612e-001,-2.338e-001,-8.904e-002,-3.242e-001,-2.275e-001,-7.162e-002,-1.469e-001,+2.911e-001,+8.420e-002,+1.879e-001,-3.524e-001,+2.078e-001,-7.630e-002,+1.406e-001,-2.060e-001,+1.043e-001 },
  {+4.866e-001,+5.272e-001,+1.707e-001,+6.558e-002,-1.028e+000,+6.691e-002,-3.548e-001,-5.002e-001,-3.449e-001,+1.466e-001,+3.863e-001,-5.352e-001,-3.309e-002,-7.879e-001,-2.884e-001,+5.904e+000,-4.471e-001,+5.891e-001,-9.328e-001,+9.889e-003,+1.057e-001,+6.283e-002,+2.549e-001,+1.452e-002,-2.029e-001,-4.377e-002,-4.856e-001,+6.091e-001,+2.843e-001,+1.276e-001,+4.278e-001,-5.621e-001,+1.041e-001,+3.441e-001,-4.175e-001,+2.368e-002,+1.243e-001,-7.168e-001,-2.177e-001,-4.707e-001,+5.163e-001,-6.817e-002,-2.657e-001,-1.175e-001,-4.718e-001,+9.239e-002,+7.611e-001,+3.248e-003,-6.183e-001,-3.937e-001,+4.010e-002,+1.469e-001,-4.141e-001,-3.860e-001,-3.200e-001,+1.288e-001,+6.124e-003,-9.695e-002,+3.330e-001,-4.673e-001,-1.894e-001,-2.507e-001,+1.094e-001,+1.021e-001,-1.481e-001,-1.506e-001,+4.654e-001,-1.759e-001,-5.018e-001,+7.507e-002,+9.524e-001,+1.824e-001,-1.360e-001,+3.710e-001,+5.600e-002,-9.506e-002,-3.778e-001,-2.695e-001,+5.518e-002,-3.001e-001,-6.860e-002,-3.953e-002,+1.737e-001,-1.744e-001,+4.930e-001,-6.167e-001,-1.131e-001,+3.529e-001,+2.520e-001,+2.476e-001,-8.609e-002,-2.640e-001,+4.027e-001,+2.577e-001,-2.033e-001,-1.255e-002,-2.179e-001,+8.993e-002,-1.963e-001,-2.858e-001 },
  {-4.028e-001,-1.079e-001,+1.843e-001,+4.450e-002,-1.349e-002,+5.148e-002,+5.997e-001,-4.915e-002,+4.072e-001,+5.196e-001,+2.044e-001,+4.006e-002,+1.963e-001,+9.917e-003,+2.129e-001,-4.471e-001,+5.186e+000,+4.702e-001,+2.835e-001,+3.802e-001,-3.062e-001,+3.769e-001,-3.290e-001,-1.907e-001,-4.543e-001,-7.231e-003,+1.993e-001,-1.364e-001,+4.787e-001,-1.092e-001,-3.773e-001,+1.439e-001,+1.406e-001,+1.616e-002,-2.974e-001,-1.116e-001,+2.985e-002,+2.809e-001,+2.049e-001,+3.484e-001,-3.250e-001,-1.963e-002,-1.700e-001,-8.547e-002,+3.394e-001,+7.274e-002,-2.302e-001,+2.481e-002,+5.991e-002,-3.301e-001,+6.753e-001,+3.218e-001,-1.740e-002,-2.010e-001,-2.509e-001,+2.761e-001,+2.565e-001,+4.350e-001,+2.760e-003,-1.076e-001,-3.597e-002,+4.340e-001,+4.917e-002,-1.450e-001,+1.109e-001,+1.969e-001,-6.078e-002,-4.525e-002,-7.429e-002,-1.312e-001,+2.613e-001,+1.025e-001,-2.807e-001,+2.718e-001,-5.214e-001,+2.335e-001,+1.794e-001,+3.930e-001,-2.688e-001,+7.749e-002,+3.547e-001,+1.863e-001,-2.337e-003,+2.284e-001,-2.133e-001,+1.732e-001,-6.071e-003,+5.298e-001,-2.307e-001,-1.789e-001,+3.260e-001,-1.410e-001,+3.823e-001,-1.002e-001,+5.386e-002,-5.933e-001,-1.846e-001,+5.098e-001,+1.586e-001,-7.551e-002 },
  {+3.685e-002,-4.799e-001,+1.853e-002,-4.516e-001,-2.151e-001,-3.603e-001,+2.550e-001,-1.299e-001,+3.547e-001,-3.587e-002,-1.553e-001,-3.521e-002,-5.124e-001,-4.154e-001,-2.390e-001,+5.891e-001,+4.702e-001,+4.983e+000,-2.715e-002,+3.759e-001,+7.271e-002,-2.374e-001,+4.379e-001,+2.877e-001,-5.030e-001,-4.283e-001,-3.537e-001,+1.448e-001,-3.020e-001,+1.692e-001,+1.186e-001,-3.140e-001,+1.189e-001,+7.426e-002,+1.289e-001,-3.375e-001,+1.528e-001,+4.167e-001,+4.416e-002,+1.600e-001,+1.457e-001,-1.490e-001,+1.214e-001,-4.352e-001,-2.924e-002,+2.930e-001,+1.297e-001,+2.728e-001,-2.615e-001,+2.310e-001,+1.174e-001,+8.938e-002,+2.162e-001,+1.138e-001,-2.279e-001,+3.566e-001,-3.468e-001,+1.111e-001,-3.626e-001,+1.823e-001,+6.092e-002,+2.932e-001,+1.610e-001,-9.523e-002,+1.121e-002,+1.701e-001,+3.534e-001,+1.162e-001,+2.587e-002,-4.775e-001,+1.507e-001,+2.389e-001,-4.457e-002,-8.127e-003,-8.513e-002,-4.077e-002,+1.041e-001,-3.575e-001,+1.620e-001,-5.590e-003,-5.633e-001,+6.557e-001,-7.603e-002,-4.730e-001,+2.142e-001,-1.791e-001,+5.291e-001,+2.523e-001,+7.075e-002,+2.231e-001,+3.881e-001,+3.183e-001,-1.599e-001,-2.704e-001,-5.832e-001,-2.861e-001,-1.282e-001,-1.763e-001,+2.481e-001,-2.296e-002 },
  {-1.687e-002,+2.533e-001,-1.747e-001,+1.884e-001,+1.346e-001,+2.492e-001,-1.172e-001,-1.023e-001,-9.570e-002,+4.405e-001,-2.858e-001,+4.410e-001,-1.198e-001,-1.843e-001,-4.077e-002,-9.328e-001,+2.835e-001,-2.715e-002,+5.178e+000,-1.075e-001,-4.033e-001,+2.895e-001,-1.137e-001,+1.388e-001,+5.955e-003,-1.469e-002,-2.021e-001,+3.887e-001,-3.803e-001,-2.700e-001,+8.260e-002,-3.499e-001,-3.766e-001,-3.922e-001,-3.458e-001,-1.159e-002,-2.995e-001,-1.475e-001,+5.258e-002,+2.402e-002,-4.469e-001,-7.331e-001,+1.814e-001,-5.397e-001,+1.704e-001,-2.575e-001,+1.821e-001,-3.947e-001,+5.704e-001,+3.457e-001,-4.553e-002,-2.771e-002,+3.593e-001,-8.100e-002,-6.002e-001,-2.402e-001,-2.394e-001,-3.082e-001,+1.933e-001,-9.433e-003,-1.800e-001,-1.893e-002,+6.555e-001,-3.949e-001,-3.342e-001,-3.960e-001,-2.279e-001,+4.863e-002,+2.118e-001,+3.883e-001,-6.303e-002,+1.257e-001,-1.096e-001,-3.299e-001,+3.757e-001,+1.695e-001,+5.535e-001,-3.433e-001,-2.764e-002,+1.497e-001,+1.058e-001,+1.743e-001,-4.108e-001,-3.937e-001,-1.081e-001,+1.702e-001,-3.006e-001,+4.770e-001,+6.094e-001,-1.348e-001,+1.225e-001,-3.153e-001,-2.097e-001,-1.834e-001,+1.304e-001,-1.441e-001,-3.432e-001,+2.485e-001,+1.462e-001,-5.309e-002 },
  {-2.678e-002,+2.504e-001,+3.549e-001,-3.724e-003,+4.320e-001,+4.234e-001,+7.082e-001,+5.477e-001,+1.534e-001,+3.385e-001,-3.876e-001,+3.119e-002,-5.282e-003,-9.027e-001,+9.173e-002,+9.889e-003,+3.802e-001,+3.759e-001,-1.075e-001,+5.773e+000,+4.166e-001,+8.602e-002,+1.578e-001,-3.511e-001,+5.345e-001,+9.374e-002,-3.806e-002,-6.342e-002,-6.788e-001,+3.239e-001,-3.103e-001,-3.318e-001,+2.858e-001,+5.436e-001,+2.816e-001,-3.255e-001,-3.174e-001,-1.771e-001,-1.084e-001,-7.716e-003,-2.350e-001,-1.267e-001,-7.234e-001,-2.359e-001,+1.558e-002,-7.371e-002,+5.364e-002,+5.055e-001,+3.257e-002,-3.046e-001,+3.478e-002,-9.716e-002,-3.150e-001,+2.034e-001,-1.595e-001,+2.783e-001,-1.094e-001,-7.656e-001,+1.486e-001,-1.414e-001,-2.901e-001,+1.465e-001,-1.062e-001,-6.978e-002,-1.069e-001,+2.569e-001,+7.724e-002,+2.507e-002,-5.763e-001,-4.011e-001,+8.176e-002,-2.524e-001,+1.702e-001,+2.475e-001,-1.469e-001,-6.063e-001,+2.765e-001,-2.755e-001,-2.897e-001,-1.341e-001,-4.204e-001,+2.041e-001,+3.244e-001,+2.301e-001,+5.817e-001,+4.263e-001,+2.661e-001,-6.968e-002,+4.526e-002,-1.334e-002,-9.445e-002,-2.489e-003,-3.508e-003,-2.140e-001,-1.060e-001,-3.520e-001,+5.044e-001,+2.445e-002,-4.327e-001,-3.435e-001 },
  {-1.532e-001,-3.661e-001,+8.129e-002,-1.181e-001,+3.626e-002,-1.361e-001,+9.705e-002,-5.329e-001,-3.444e-001,-7.832e-001,-7.623e-002,+6.417e-002,+2.072e-001,-3.302e-001,+4.215e-001,+1.057e-001,-3.062e-001,+7.271e-002,-4.033e-001,+4.166e-001,+5.367e+000,-4.785e-001,+2.489e-002,-6.269e-002,-2.604e-001,+5.496e-002,+5.755e-002,-2.178e-001,+3.039e-001,+3.577e-003,+3.024e-001,-1.841e-002,+2.225e-001,+2.848e-001,+4.495e-001,+1.665e-003,+6.783e-001,-1.496e-001,+9.812e-002,+2.628e-001,-1.206e-001,+3.690e-002,-1.063e-001,+3.471e-001,+1.921e-001,-1.494e-001,-2.108e-001,+3.269e-001,-5.224e-001,+1.759e-001,-2.981e-001,+2.162e-001,-1.516e-001,+3.896e-001,+3.038e-001,-2.868e-001,-4.037e-001,+3.231e-001,+4.484e-001,-3.037e-002,+1.563e-001,+1.548e-001,+1.306e-002,-3.247e-002,-5.847e-001,+5.132e-001,-5.753e-002,-1.988e-001,-3.228e-002,+2.960e-001,+4.749e-001,-6.629e-002,-5.449e-001,+2.534e-001,-3.812e-002,+6.512e-001,-2.810e-002,+1.392e-001,-8.753e-002,+1.793e-001,+6.718e-002,-3.623e-001,-1.480e-001,-5.298e-001,-4.029e-002,+3.735e-001,-2.061e-001,+3.642e-001,-1.294e-001,+1.521e-001,-3.959e-001,+5.519e-001,-4.854e-001,+1.460e-001,-3.843e-001,+3.988e-002,+4.432e-001,-6.716e-001,+2.903e-001,+5.910e-001 },
  {+2.083e-001,-3.504e-001,-6.713e-001,+5.748e-001,-4.101e-001,+2.336e-001,-2.154e-001,-5.404e-001,-4.982e-001,+2.231e-001,-4.730e-003,-1.973e-001,+5.439e-001,-4.593e-001,-2.488e-001,+6.283e-002,+3.769e-001,-2.374e-001,+2.895e-001,+8.602e-002,-4.785e-001,+5.325e+000,+1.544e-001,+1.028e-001,+5.062e-001,+3.020e-001,-2.970e-001,+4.994e-002,+4.631e-002,+4.400e-002,+4.673e-001,+3.145e-001,+4.455e-002,-2.698e-001,-1.875e-001,-2.034e-001,+4.643e-001,+2.056e-001,+3.917e-001,+1.641e-001,-2.664e-001,-1.759e-001,+9.346e-002,+9.941e-002,-4.071e-001,-2.343e-001,-7.083e-001,-3.867e-001,-1.020e-001,+5.784e-001,+2.052e-002,+2.938e-001,+1.303e-001,+9.225e-002,-8.636e-002,+1.849e-002,-7.873e-002,-6.286e-002,+8.255e-001,-4.122e-001,+3.167e-001,-1.544e-002,-3.614e-001,+1.850e-001,-5.159e-001,-2.107e-001,-3.064e-001,-1.406e-001,-1.672e-001,-1.770e-001,+5.322e-001,-4.830e-001,+7.137e-001,+3.357e-001,-7.539e-002,-1.337e-001,-4.712e-001,+2.289e-001,-5.976e-002,+3.142e-001,-1.792e-001,-2.732e-002,-5.384e-002,+7.783e-002,+1.588e-001,-3.151e-001,-1.861e-001,-2.349e-001,-2.445e-001,+2.516e-001,+4.045e-001,-3.368e-002,+5.481e-002,+2.118e-001,+7.595e-002,+1.280e-001,-9.323e-002,+2.633e-001,-1.067e-001,-6.726e-001 },
  {+5.776e-001,+2.595e-001,-4.966e-002,-1.769e-001,+7.967e-001,-1.766e-001,-7.850e-001,+1.201e-001,+3.409e-002,+3.641e-001,+4.117e-001,-2.386e-001,-2.659e-001,+2.816e-001,+5.014e-001,+2.549e-001,-3.290e-001,+4.379e-001,-1.137e-001,+1.578e-001,+2.489e-002,+1.544e-001,+5.565e+000,-2.870e-001,+1.160e-001,+1.475e-001,+5.863e-001,-2.370e-001,+1.249e-001,-1.190e-001,-3.526e-001,+1.018e-001,-3.510e-001,+6.732e-004,+2.032e-001,-6.052e-002,+3.804e-001,-1.496e-001,-1.783e-001,+1.972e-001,+3.159e-001,-1.018e-001,-2.138e-001,+4.443e-001,-1.577e-001,-2.029e-001,-3.033e-001,-3.626e-001,+4.604e-001,-1.353e-003,-1.393e-001,+7.674e-002,-4.135e-001,-1.494e-001,-4.233e-001,+3.256e-002,+2.951e-001,+4.293e-002,+1.491e-002,+4.683e-001,+4.737e-001,-3.852e-002,-1.204e-001,-3.735e-001,+6.956e-002,-3.792e-001,+4.529e-001,+3.146e-001,+2.569e-002,-6.678e-001,+4.939e-001,+4.949e-001,+1.281e-001,+9.717e-001,-1.546e-001,+4.049e-001,+1.272e-001,+3.494e-001,+1.208e-001,-2.200e-001,+3.864e-001,-7.547e-001,-2.275e-002,-2.347e-001,-1.079e-001,+9.498e-002,-3.509e-001,+2.770e-001,-3.472e-001,-4.602e-002,+1.314e-001,+4.335e-001,+4.955e-002,-2.066e-002,+4.513e-001,+3.597e-002,+5.233e-002,+1.031e-001,-3.607e-002,-1.547e-001 },
  {-3.028e-001,+1.437e-001,-2.971e-003,-7.147e-002,+1.234e-001,+3.820e-002,-3.098e-001,+2.123e-001,-1.386e-001,-3.310e-001,+5.880e-001,-1.756e-001,+1.153e-001,-1.044e-001,-1.768e-001,+1.452e-002,-1.907e-001,+2.877e-001,+1.388e-001,-3.511e-001,-6.269e-002,+1.028e-001,-2.870e-001,+5.720e+000,-3.154e-001,-2.746e-001,+4.493e-001,-2.874e-002,+4.373e-001,+7.638e-002,-2.485e-001,+4.253e-001,+3.523e-001,-2.971e-001,+2.763e-001,-7.726e-001,-3.242e-001,-3.238e-001,+1.423e-001,+1.750e-001,+8.257e-001,+1.252e-001,-1.689e-001,+3.447e-001,+7.011e-001,+4.117e-001,+1.366e-001,-1.932e-001,-1.940e-001,-3.600e-001,+9.001e-002,+1.471e-001,+2.538e-001,+1.028e-002,-1.994e-001,-3.288e-001,-2.860e-001,+3.396e-002,+3.135e-001,+2.315e-001,-5.076e-001,+3.769e-001,-1.447e-001,-2.159e-001,+2.234e-001,-1.163e-001,+2.882e-001,-5.135e-002,-3.366e-001,-1.876e-001,-2.745e-001,-7.654e-001,+7.236e-001,+1.403e-001,+2.978e-001,-4.287e-001,+2.984e-001,-3.560e-001,+1.310e-002,+2.061e-001,+2.361e-001,+2.126e-001,+1.061e-001,-1.693e-001,+4.420e-001,+8.835e-002,+6.451e-002,-2.751e-001,+3.447e-001,-9.939e-002,-2.357e-001,-7.051e-002,-2.436e-001,-5.639e-002,-1.039e-001,-2.342e-001,-4.277e-001,+1.596e-001,+2.846e-001,-1.047e-001 },
  {-1.710e-001,+3.574e-001,-1.495e-001,-4.517e-001,-3.221e-001,+5.663e-001,+4.320e-001,-1.743e-001,+4.596e-001,-1.481e-001,-4.848e-001,-6.112e-002,+3.186e-002,+4.731e-001,+4.322e-001,-2.029e-001,-4.543e-001,-5.030e-001,+5.955e-003,+5.345e-001,-2.604e-001,+5.062e-001,+1.160e-001,-3.154e-001,+5.191e+000,+3.117e-001,-2.007e-001,-5.031e-001,-1.809e-001,-1.464e-001,-2.621e-001,-5.088e-001,-1.838e-001,-2.775e-002,-2.045e-001,+3.756e-001,-9.344e-002,-8.594e-002,+5.112e-002,+9.392e-002,+4.348e-002,-4.197e-002,-5.566e-001,+8.015e-001,-1.684e-001,+7.344e-001,+1.897e-001,-4.371e-001,-2.969e-001,+4.235e-001,-5.544e-002,-1.377e-001,+1.918e-002,-2.323e-002,+1.552e-001,+3.656e-001,-1.077e-001,+1.125e-001,+1.223e-001,-2.768e-001,+2.030e-001,+7.864e-001,+3.794e-001,-2.283e-001,-5.275e-001,+3.831e-001,+3.591e-001,+1.361e-001,+3.034e-001,+3.588e-001,+3.510e-002,-4.200e-001,-9.603e-002,-2.417e-001,+6.832e-002,+2.249e-001,-5.569e-001,+6.531e-002,-2.750e-001,+8.344e-002,-3.747e-001,-6.278e-001,+4.149e-001,+2.270e-002,-2.067e-001,+9.723e-002,-1.297e-001,-2.993e-001,+3.772e-001,+1.819e-001,+3.804e-002,-4.250e-002,-1.859e-001,+2.419e-001,-4.183e-001,+3.154e-002,+7.259e-001,+1.940e-001,-7.780e-002,+2.460e-001 },
  {-2.933e-001,+1.315e-001,-3.272e-001,+2.800e-002,+3.154e-001,+1.374e-001,+3.042e-001,-4.284e-002,-5.190e-002,-2.053e-001,+1.333e-002,+2.538e-002,+2.248e-001,+3.506e-002,-3.243e-001,-4.377e-002,-7.231e-003,-4.283e-001,-1.469e-002,+9.374e-002,+5.496e-002,+3.020e-001,+1.475e-001,-2.746e-001,+3.117e-001,+5.757e+000,-5.429e-001,-6.417e-002,+2.460e-001,+5.985e-002,+8.878e-002,-3.313e-001,+5.443e-001,+4.875e-001,-2.670e-001,+3.016e-001,+1.651e-001,+2.490e-001,+1.824e-001,-6.243e-002,-9.517e-002,-2.898e-001,+1.201e-001,-8.283e-003,+1.586e-001,+1.722e-001,+2.439e-001,+2.377e-001,-8.903e-002,-7.471e-002,-4.693e-001,-1.336e-001,+3.702e-001,-1.466e-001,-1.926e-001,-3.770e-001,-3.160e-001,-1.327e-001,-4.014e-003,+2.621e-001,-7.863e-001,+1.124e-001,+1.543e-001,+2.909e-001,+3.084e-001,-4.441e-001,-6.853e-002,-2.460e-002,+6.524e-002,-1.042e-001,+1.350e-003,+5.794e-001,-7.498e-002,-4.627e-001,-2.791e-001,-2.898e-001,+2.562e-001,+1.108e-001,+6.119e-001,-5.635e-001,-2.567e-001,+2.012e-001,-5.288e-001,-4.719e-002,-2.886e-002,-1.946e-002,+1.549e-002,+1.196e-001,-7.186e-001,+2.703e-002,+3.524e-001,-1.748e-001,-2.380e-001,+3.562e-001,+2.491e-001,+5.197e-002,-8.942e-002,-7.314e-001,-1.956e-001,-2.198e-001 },
  {-3.138e-001,+1.575e-001,-1.520e-001,-2.494e-001,+2.794e-001,+3.981e-002,+1.092e-001,+1.643e-001,+2.418e-002,+2.007e-001,+1.476e-001,+5.703e-002,-1.217e-001,-7.032e-002,-2.978e-001,-4.856e-001,+1.993e-001,-3.537e-001,-2.021e-001,-3.806e-002,+5.755e-002,-2.970e-001,+5.863e-001,+4.493e-001,-2.007e-001,-5.429e-001,+5.378e+000,-4.175e-001,+2.200e-001,-2.036e-001,+1.032e-001,+1.289e-002,+4.330e-001,+4.321e-002,+5.118e-001,+3.433e-001,+1.194e-001,+2.071e-001,-5.862e-002,-4.255e-001,-2.536e-001,-1.901e-001,+6.305e-001,+4.660e-001,-1.371e-001,-5.076e-001,+1.716e-002,+1.732e-001,-3.873e-001,-2.265e-001,+3.462e-001,+1.406e-001,-3.723e-001,+1.706e-002,-1.185e-001,+1.626e-001,+5.834e-001,-2.742e-001,+6.231e-002,-8.616e-002,-3.524e-001,+1.148e-001,-2.055e-001,-4.856e-001,-3.849e-001,-2.152e-001,-3.134e-001,-2.901e-002,+6.004e-002,-7.766e-002,+2.997e-002,-1.364e-001,+3.990e-002,+1.013e-001,-3.430e-002,+4.370e-001,-8.958e-002,+3.433e-002,-9.286e-002,+3.037e-001,-1.242e-001,+3.659e-001,-9.199e-002,+4.206e-001,-8.533e-002,-1.882e-001,-3.965e-002,-3.285e-003,+5.242e-001,+2.427e-001,-1.648e-001,+2.331e-001,-5.379e-001,+2.925e-001,+2.824e-001,+9.385e-002,-3.025e-001,+2.067e-001,+4.425e-001,+3.655e-001 },
  {+5.090e-001,-2.252e-001,-8.066e-001,+1.654e-001,-2.174e-002,-2.932e-001,-1.285e-001,+4.336e-001,+2.661e-001,+2.672e-001,-1.692e-002,-3.712e-001,-3.744e-001,+2.985e-001,+2.358e-001,+6.091e-001,-1.364e-001,+1.448e-001,+3.887e-001,-6.342e-002,-2.178e-001,+4.994e-002,-2.370e-001,-2.874e-002,-5.031e-001,-6.417e-002,-4.175e-001,+5.623e+000,+7.041e-001,+2.690e-002,+2.083e-001,+8.362e-002,+3.169e-002,+1.614e-002,+2.911e-001,-6.423e-001,-1.323e-001,+4.014e-001,-5.552e-003,+6.751e-001,-3.534e-001,-9.917e-003,+1.302e-001,+3.488e-001,-3.543e-002,-6.322e-001,+5.213e-001,+4.402e-001,-8.426e-001,+6.391e-002,-2.167e-001,+4.666e-001,-3.282e-001,+9.463e-002,-5.095e-001,-9.215e-002,+3.396e-001,+4.600e-001,-3.269e-001,+2.875e-001,-4.900e-002,+4.376e-001,-1.854e-001,-4.274e-002,+6.206e-001,-1.944e-001,-2.234e-001,-8.205e-002,+4.193e-001,-1.896e-001,+3.137e-001,+6.298e-002,+1.703e-001,+5.344e-001,-1.539e-001,+3.300e-001,+1.262e-001,-4.920e-001,-2.974e-001,-1.443e-001,-1.203e-002,+2.670e-001,+6.499e-002,-5.456e-001,+5.287e-003,+3.016e-001,+4.226e-001,-5.755e-001,+1.815e-001,+1.017e-001,-8.634e-002,+1.269e-001,-3.030e-001,-2.295e-001,-8.620e-002,-3.166e-001,-2.257e-001,+3.674e-001,+1.331e-002,-1.346e-001 },
  {+1.895e-001,-2.848e-001,-1.474e-002,-1.794e-002,-2.208e-001,-1.175e-001,-4.579e-001,+6.650e-002,-3.894e-001,+2.781e-001,+4.316e-002,+2.355e-001,+1.672e-001,-5.384e-002,-1.103e-001,+2.843e-001,+4.787e-001,-3.020e-001,-3.803e-001,-6.788e-001,+3.039e-001,+4.631e-002,+1.249e-001,+4.373e-001,-1.809e-001,+2.460e-001,+2.200e-001,+7.041e-001,+5.081e+000,+1.927e-001,+2.308e-001,+1.025e-001,-2.159e-001,-8.991e-001,-4.585e-003,+1.953e-001,+4.832e-002,+1.475e-001,+6.932e-001,-2.678e-001,+6.939e-002,+3.233e-002,+9.563e-002,+1.963e-001,-7.781e-002,+2.574e-001,+4.304e-001,+3.501e-001,-6.826e-002,-6.757e-001,-1.133e-001,-8.935e-001,+6.294e-002,-1.000e-001,-2.303e-001,+2.557e-001,+6.888e-002,-1.116e-001,+1.171e-001,-4.597e-001,-6.257e-002,-1.976e-001,-3.314e-001,-2.602e-002,-4.160e-001,-1.340e-001,+7.713e-002,+1.792e-001,+3.256e-001,+2.211e-001,+9.627e-002,-2.502e-001,-1.399e-001,-1.248e-001,-3.743e-001,+1.350e-001,-2.594e-001,+2.060e-001,+1.096e-001,-1.088e-001,+1.481e-001,-1.915e-001,+1.754e-001,+2.338e-001,+1.526e-001,-5.132e-001,-2.105e-002,-3.095e-001,+6.518e-001,-6.757e-002,+4.227e-001,+1.710e-001,+2.830e-001,-2.266e-001,+1.536e-001,-3.886e-001,+4.115e-001,-2.305e-001,-3.186e-002,-9.870e-002 },
