Answer of test tests\large2\large2-100-6.dat-s
[General Setting]
Primal solution:
[[ 0.0204508   0.03677918 -0.01423254 ... -0.00613533 -0.01653126
  -0.00494778]
 [ 0.03677918  0.07338332 -0.02941333 ... -0.01688369 -0.02911855
  -0.01101231]
 [-0.01423254 -0.02941333  0.01191792 ...  0.00735457  0.01118224
   0.00455819]
 ...
 [-0.00613533 -0.01688369  0.00735457 ...  0.00656792  0.00446517
   0.00319281]
 [-0.01653126 -0.02911855  0.01118224 ...  0.00446517  0.0134146
   0.00382087]
 [-0.00494778 -0.01101231  0.00455819 ...  0.00319281  0.00382087
   0.00181448]]
Dual solution:
0
Tr(CX) = 3.4200669710180023
Primal and dual gap: 0
Number of iterations: 9999
Max error in symmetry of Q: 0
Maximum h bound: 0.05
Method name is: Physarum SDC modified (v.2)
Restart factor: 1000
Infeasibility: 1.6628167417484e-12
Time spent (seconds): 172.31848073005676
