SDPA start at [Tue Sep 07 12:42:32 2021]
param  is ./param.sdpa 
data   is G:\Research\PhysarumSDPSolver\SDPA\testSet\large2\large2-100-17.dat-s  : sparse
""Large randomly generated tests with n = 100 and m in [5,2]""
out    is G:\Research\PhysarumSDPSolver\SDPA\testSet\large2\large2-100-17.dat-s.res
NumThreads  is set as 1
Schur computation : DENSE 
   mu      thetaP  thetaD  objP      objD      alphaP  alphaD  beta 
 0 1.0e+004 1.0e+000 1.0e+000 -0.00e+000 -5.57e+004 9.1e-001 1.0e+000 2.00e-001
 1 1.8e+003 9.2e-002 2.2e-015 +9.02e-002 -6.97e+004 9.9e-001 1.6e+000 2.00e-001
 2 3.0e+002 6.3e-004 2.5e-015 +1.10e-001 -2.92e+004 1.0e+000 1.1e+000 2.00e-001
 3 4.5e+001 9.3e-018 1.2e-015 +1.20e-001 -4.53e+003 7.0e+001 9.8e-001 1.00e-001
 4 5.3e+000 9.3e-018 2.7e-016 -4.11e+000 -5.38e+002 9.8e-001 9.8e-001 1.00e-001
 5 6.1e-001 1.9e-017 2.8e-017 -3.94e+000 -6.46e+001 8.8e-001 9.5e-001 1.00e-001
 6 9.0e-002 1.9e-017 1.1e-017 -4.61e+000 -1.37e+001 1.0e+000 7.6e-001 1.00e-001
 7 2.8e-002 1.9e-017 8.6e-018 -4.79e+000 -7.61e+000 1.1e+000 9.7e-001 1.00e-001
 8 3.6e-003 1.9e-017 6.5e-018 -4.82e+000 -5.17e+000 1.0e+000 9.9e-001 1.00e-001
 9 3.9e-004 1.9e-017 1.4e-017 -4.82e+000 -4.86e+000 1.0e+000 1.0e+000 1.00e-001
10 4.0e-005 2.8e-017 8.6e-018 -4.82e+000 -4.83e+000 1.0e+000 1.0e+000 1.00e-001
11 4.0e-006 2.8e-017 1.7e-017 -4.82e+000 -4.82e+000 1.0e+000 1.0e+000 1.00e-001
12 4.0e-007 2.8e-017 2.8e-017 -4.82e+000 -4.82e+000 1.0e+000 1.0e+000 1.00e-001
13 4.0e-008 2.8e-017 3.9e-017 -4.82e+000 -4.82e+000 1.0e+000 1.0e+000 1.00e-001
14 4.0e-009 2.8e-017 7.7e-017 -4.82e+000 -4.82e+000 1.0e+000 1.0e+000 1.00e-001

phase.value  = pdOPT     
   Iteration = 14
          mu = +3.9902766024724198e-009
relative gap = +8.2749543968485024e-008
        gap  = +3.9902762516419443e-007
     digits  = +7.0822343909361258e+000
objValPrimal = -4.8221124796347663e+000
objValDual   = -4.8221128786623915e+000
p.feas.error = +2.6645352591003757e-015
d.feas.error = +2.0463630789890885e-012
total time   = 0.932947
** Paramters **
maxIteration = 100
epsilonStar  = +9.9999999999999995e-008
lambdaStar   = +1.0000000000000000e+002
omegaStar    = +2.0000000000000000e+000
lowerBound   = -1.0000000000000000e+005
upperBound   = +1.0000000000000000e+005
betaStar     = +1.0000000000000001e-001
betaBar      = +2.0000000000000001e-001
gammaStar    = +9.0000000000000002e-001
epsilonDash  = +9.9999999999999995e-008
xPrint       = %+8.3e 
XPrint       = %+8.3e 
YPrint       = %+8.3e 
infPrint     = %+10.16e 

                         Time(sec)  Ratio(% : MainLoop) 
 Predictor time  =       0.183410,  23.418118
 Corrector time  =       0.117833,  15.045129
 Make bMat time  =       0.074237,  9.478714
 Make bDia time  =       0.000000,  0.000000
 Make bF1  time  =       0.066120,  8.442320
 Make bF2  time  =       0.000000,  0.000000
 Make bF3  time  =       0.000000,  0.000000
 Make bPRE time  =       0.066120,  8.442320
 Make rMat time  =       0.007999,  1.021327
 Make gVec Mul   =       0.000155,  0.019791
 Make gVec time  =       0.000155,  0.019791
 Cholesky bMat   =       0.000000,  0.000000
 Ste Pre time    =       0.000000,  0.000000
 Ste Cor time    =       0.423930,  54.128144
 solve           =       0.000000,  0.000000
 sumDz           =       0.000499,  0.063713
 makedX          =       0.009247,  1.180674
 symmetriseDx    =       0.209106,  26.699030
 makedXdZ        =       0.218852,  27.943417
 xMatTime        =       0.032684,  4.173152
 zMatTime        =       0.016764,  2.140458
 invzMatTime     =       0.000000,  0.000000
 xMatzMatTime    =       0.000000,  0.000000
 EigxMatTime     =       0.208321,  26.598800
 EigzMatTime     =       0.215609,  27.529344
 EigxMatzMatTime =       0.000000,  0.000000
 updateRes       =       0.008576,  1.094999
 EigTime         =       0.423930,  54.128144
 sub_total_bMat  =       0.708960,  90.521286
 Main Loop       =       0.783197,  100.000000
 File Check      =       0.000000,  0.000000
 File Change     =       0.000000,  0.000000
 File Read       =       0.149750,  19.120349
 Total           =       0.932947,  119.120349

xVec = 
{+1.852e-003,+8.736e-003,-2.504e-003,-1.842e-004,+5.077e-003,-6.691e-004,-3.089e-003,+6.503e-003}
xMat = 
{
{ {+6.068e+000,-4.789e-002,-2.402e-001,-3.127e-001,-1.356e-001,-2.700e-001,+5.639e-001,-3.243e-001,-4.693e-001,-6.681e-002,+1.897e-001,+6.474e-001,+6.433e-001,+3.330e-001,+7.250e-002,+3.167e-001,+3.868e-001,+1.498e-001,-1.062e-001,-8.006e-002,+3.059e-002,-3.931e-001,+1.002e-001,-1.428e-001,-2.939e-001,-3.833e-003,-2.380e-001,+7.699e-002,+2.780e-001,-4.241e-001,+4.798e-001,-2.828e-002,-9.144e-002,-3.029e-001,-1.804e-001,+3.513e-001,-3.001e-001,-2.944e-001,+8.318e-001,+8.205e-002,+2.997e-001,+1.492e-001,-2.701e-001,-4.503e-001,+3.751e-001,+7.378e-002,+4.672e-001,+3.651e-001,+6.782e-002,+9.293e-002,-6.072e-001,+3.141e-001,-2.800e-002,-9.661e-002,+7.619e-002,-2.131e-001,+2.840e-001,+5.114e-002,-8.004e-001,-4.340e-001,-5.759e-001,-4.602e-001,+1.682e-001,+5.787e-002,+1.982e-001,-3.847e-001,-2.699e-001,+1.120e-003,+5.001e-002,-1.357e-001,+2.307e-001,+2.377e-001,-1.091e-001,+1.891e-001,-6.015e-002,+8.140e-003,-6.595e-001,-4.909e-001,+3.527e-001,+5.026e-001,-4.188e-001,+3.107e-002,+1.378e-001,-4.979e-001,-5.960e-002,+1.176e-001,+7.528e-002,+2.705e-001,+5.660e-002,+2.223e-001,-2.611e-001,+1.570e-001,-1.989e-001,+4.764e-001,-3.247e-001,+1.732e-001,-4.739e-001,+7.445e-002,-1.015e-001,+7.619e-002 },
  {-4.789e-002,+6.069e+000,+8.419e-002,+4.319e-001,-4.662e-001,-1.962e-001,-4.795e-001,+2.974e-001,+3.352e-002,+6.294e-001,+1.506e-001,+6.185e-001,+5.917e-001,-4.177e-001,-1.351e-002,+3.722e-001,-1.751e-001,-7.598e-003,-3.569e-001,+1.164e-001,+9.487e-002,-2.026e-001,+6.206e-003,+2.675e-001,+4.652e-002,-1.978e-003,-4.277e-002,+3.845e-002,-1.800e-001,+1.518e-001,-4.786e-002,+3.962e-002,+3.454e-001,-2.880e-001,-9.878e-002,+1.288e-001,+1.141e-002,+4.082e-001,-4.846e-001,-3.151e-001,+3.745e-002,-8.125e-002,-2.739e-001,-1.989e-001,-6.882e-001,-5.099e-001,+3.324e-002,+1.384e-001,-2.402e-001,-5.306e-003,+1.145e-001,-4.080e-001,+2.165e-001,-1.869e-001,-4.134e-001,-6.983e-001,+1.894e-001,-4.326e-002,+5.295e-001,-1.124e-001,+6.543e-001,-3.698e-002,+2.321e-001,-1.904e-001,-2.661e-001,-7.274e-002,-2.448e-001,-5.966e-001,+7.992e-002,-1.020e-001,+2.264e-001,+1.346e-001,-1.207e-001,+1.599e-001,+4.575e-001,-2.250e-001,+1.454e-001,-2.269e-001,+2.470e-001,-6.054e-001,+2.905e-002,+3.117e-001,-4.619e-002,-4.482e-001,+6.668e-001,+5.785e-001,-2.353e-001,+5.832e-002,-1.966e-002,-1.837e-001,-7.174e-001,-5.083e-001,+2.404e-002,-5.193e-001,-3.505e-001,-3.722e-002,+3.865e-001,-1.746e-001,+1.456e-001,-1.981e-001 },
  {-2.402e-001,+8.419e-002,+5.940e+000,+1.750e-001,+3.840e-002,+3.428e-002,+1.141e-001,-5.636e-002,+1.168e-001,-1.336e-001,+8.181e-003,-3.069e-001,-3.508e-002,+1.464e-001,+6.906e-002,-6.424e-001,+9.995e-001,+1.467e-001,-5.748e-002,-1.120e-001,+2.999e-001,-6.607e-001,-7.532e-002,-3.333e-001,+2.119e-001,-1.116e-001,+1.861e-002,-2.452e-001,+7.486e-002,-3.831e-001,-1.719e-002,-6.126e-002,-5.090e-001,-2.664e-001,-6.221e-001,-4.274e-002,-1.906e-001,+1.841e-001,-4.261e-002,-1.920e-001,-2.328e-001,+4.808e-002,+3.362e-001,+3.306e-001,+7.776e-002,-4.796e-002,+3.825e-001,+5.790e-001,+2.614e-001,-2.490e-001,+3.226e-001,+2.649e-001,-4.141e-001,+5.180e-001,+4.514e-001,-1.609e-001,+6.324e-001,-1.792e-001,+5.819e-001,-4.327e-001,+1.403e-001,-1.989e-001,+1.336e-001,+3.432e-002,-3.872e-001,+4.709e-001,+1.606e-001,-8.288e-002,+2.409e-001,-2.884e-001,-1.097e-001,-3.066e-001,+2.826e-001,+1.786e-001,+6.050e-002,+8.595e-002,+1.507e-001,-8.009e-002,-5.496e-002,+1.690e-001,-7.405e-001,+1.380e-001,-1.931e-001,-4.746e-001,-2.206e-001,-1.311e-001,+2.225e-001,+2.752e-001,-5.522e-001,+2.666e-001,-2.420e-001,-1.392e-001,-5.820e-001,+7.935e-001,-1.080e-001,+2.490e-001,-1.762e-001,-4.421e-001,+4.492e-001,+4.137e-001 },
  {-3.127e-001,+4.319e-001,+1.750e-001,+5.746e+000,-1.587e-001,-6.891e-002,+1.571e-001,+1.629e-001,+8.816e-002,-8.608e-003,+2.506e-001,+3.744e-001,-3.435e-002,+1.301e-002,+4.068e-001,-9.095e-002,-4.441e-001,+1.551e-001,-7.491e-002,-6.213e-001,+2.635e-001,-3.877e-001,+2.738e-001,-1.788e-001,+1.114e-001,-1.380e-001,+1.128e-002,-3.485e-001,+6.103e-001,+4.348e-001,-3.959e-001,+9.846e-002,+3.754e-001,-1.926e-001,+6.565e-002,-3.829e-001,+4.991e-001,+2.294e-001,-2.879e-002,-1.075e-001,+4.863e-001,+2.304e-001,+5.941e-001,-1.029e-001,+2.834e-002,-1.300e-001,-1.770e-001,-1.098e-001,-2.636e-002,-3.960e-001,+7.069e-002,-4.793e-004,-5.440e-003,+1.603e-001,+5.072e-002,+2.526e-001,-1.008e-001,-3.480e-001,-2.545e-001,+1.561e-002,+1.258e-001,-4.375e-002,+7.952e-002,+5.503e-003,-1.577e-001,-2.702e-001,+1.599e-001,+7.854e-002,+5.659e-002,-9.601e-002,+4.435e-001,+3.503e-001,+1.264e-001,-1.388e-001,+1.923e-001,+5.548e-001,-9.364e-002,-4.822e-001,+1.389e-001,+1.010e-002,-2.156e-002,+2.925e-002,-1.089e-001,+1.258e-003,-1.555e-001,-1.718e-001,-1.934e-001,-3.282e-001,-2.173e-001,+1.962e-002,+1.908e-001,+5.144e-001,-5.580e-001,+1.145e-002,-1.573e-001,+1.152e-001,+1.267e-001,-3.797e-001,+2.493e-001,-3.312e-001 },
  {-1.356e-001,-4.662e-001,+3.840e-002,-1.587e-001,+4.905e+000,-1.441e-002,-2.150e-001,-4.960e-001,+2.459e-001,+7.111e-003,-1.131e-001,-2.030e-001,+1.405e-001,-1.123e-001,-4.936e-003,-4.265e-002,+3.776e-001,-3.427e-001,+3.762e-001,-1.740e-001,-2.027e-002,-3.097e-001,-1.060e-001,-1.229e-002,+1.640e-001,-2.719e-001,-7.247e-002,-3.806e-001,-8.704e-002,+3.297e-001,-2.638e-001,+3.239e-001,-5.885e-002,+1.478e-001,+1.174e-001,-6.314e-002,-8.224e-002,+2.059e-001,-3.135e-001,-2.262e-002,+1.828e-001,-2.762e-001,-4.352e-001,+8.162e-002,+3.724e-001,-2.249e-001,-3.207e-001,+3.083e-001,-1.727e-001,+3.827e-001,-3.403e-001,+1.296e-001,-4.235e-001,+3.608e-002,+1.725e-001,+2.164e-001,-6.684e-002,+1.355e-001,-5.416e-001,+7.768e-002,+4.152e-001,+1.529e-001,+5.798e-002,-2.847e-001,-8.219e-002,+3.906e-001,+4.297e-002,+8.464e-002,-1.695e-001,-1.700e-001,-2.131e-001,-7.394e-001,-2.457e-001,-2.536e-001,-2.477e-001,+3.364e-001,-2.860e-001,-2.179e-001,-2.743e-001,+2.740e-001,+4.238e-001,-5.802e-001,+4.180e-001,-2.937e-001,-4.380e-001,-4.043e-002,+3.457e-001,-2.083e-001,+2.840e-002,-3.359e-001,+1.481e-001,-1.187e-001,-1.787e-001,+2.932e-001,+5.205e-001,+9.816e-002,-1.664e-001,+5.419e-003,-3.136e-001,-5.453e-001 },
  {-2.700e-001,-1.962e-001,+3.428e-002,-6.891e-002,-1.441e-002,+6.089e+000,+7.200e-002,-1.793e-001,+1.697e-001,+1.548e-001,-5.324e-001,+3.034e-001,+1.167e-001,+5.284e-003,+3.382e-001,+3.045e-001,+2.010e-001,+2.232e-001,-1.483e-001,+4.094e-001,-1.520e-001,+1.055e-001,-7.107e-001,+3.455e-001,-4.078e-001,-3.035e-001,+3.769e-001,-2.141e-002,+2.249e-002,-4.453e-002,-1.485e-001,-1.873e-001,-2.953e-001,+1.724e-001,-2.599e-001,-1.235e-001,-1.681e-001,-5.345e-001,+6.234e-001,+4.209e-001,-2.295e-001,-6.316e-003,-8.822e-002,-1.346e-001,+5.150e-001,+3.120e-001,-5.854e-002,+1.050e-001,+2.348e-001,-1.036e-002,+2.472e-002,+1.395e-001,+5.993e-001,-2.630e-001,+6.833e-001,-4.285e-002,+5.076e-001,+3.706e-001,-4.689e-001,+9.773e-002,+1.314e-001,+7.608e-002,-3.360e-001,+6.871e-001,-2.650e-001,+1.807e-001,+2.445e-001,-3.404e-002,+5.018e-001,+3.967e-001,-4.441e-001,-7.091e-002,-2.638e-001,-1.537e-001,+4.042e-002,-1.808e-001,-4.617e-002,+4.209e-001,+2.198e-001,-2.483e-001,-2.298e-002,-2.563e-001,-4.598e-001,+2.256e-001,+3.904e-001,+2.535e-001,-1.336e-001,-1.845e-001,+4.611e-002,+5.449e-001,+4.212e-002,-7.519e-002,-4.123e-001,+3.261e-001,-4.131e-001,+8.078e-002,+2.301e-001,+2.920e-001,+8.339e-003,-4.182e-001 },
  {+5.639e-001,-4.795e-001,+1.141e-001,+1.571e-001,-2.150e-001,+7.200e-002,+5.799e+000,+7.003e-001,+5.797e-001,+6.171e-001,+3.841e-001,-2.471e-001,-2.716e-001,-3.343e-001,+7.292e-002,+4.401e-002,+1.339e-001,-1.621e-001,+1.008e+000,-1.873e-001,-8.731e-002,-3.908e-002,-5.730e-002,+2.947e-001,-2.009e-001,+1.780e-001,+4.291e-001,+3.896e-001,-2.012e-001,+1.570e-001,-4.296e-002,-1.844e-001,+3.702e-001,+1.117e-001,+1.859e-001,-2.176e-001,-9.322e-001,-8.353e-002,+7.328e-002,+3.952e-001,+4.248e-001,-4.028e-001,-1.105e-001,+1.909e-001,-3.853e-001,-3.321e-001,-2.807e-001,+1.035e-001,-8.903e-003,-6.502e-002,+3.364e-001,-6.003e-001,+4.542e-001,-3.244e-001,-2.897e-001,-1.872e-003,-3.162e-001,-1.223e-001,+1.458e-001,-6.142e-001,-2.714e-001,+1.618e-001,-3.671e-001,-3.244e-001,+3.606e-001,-3.999e-001,-3.915e-001,+4.559e-001,-1.213e-001,+4.622e-001,+4.329e-001,-3.097e-002,-1.285e-001,+1.151e-001,+7.093e-001,-3.089e-001,-3.212e-001,+2.082e-001,+1.658e-001,+7.255e-002,-9.260e-001,+2.494e-001,-2.790e-001,+4.102e-001,-4.392e-001,+1.073e-001,+2.982e-001,+2.742e-001,+2.702e-001,-1.689e-001,+1.553e-001,+1.777e-001,+2.108e-001,-1.454e-001,-2.858e-001,+6.587e-001,-3.716e-001,+4.417e-001,-3.567e-001,-2.129e-002 },
  {-3.243e-001,+2.974e-001,-5.636e-002,+1.629e-001,-4.960e-001,-1.793e-001,+7.003e-001,+5.789e+000,-5.063e-001,-2.476e-001,-1.137e-001,-1.463e-001,+1.518e-001,+1.547e-001,+1.810e-001,+6.186e-001,-3.807e-001,+6.223e-002,-2.400e-001,-4.849e-001,+8.956e-002,-2.857e-001,-3.589e-001,-2.649e-002,-2.291e-001,+5.125e-001,+3.535e-001,+9.665e-002,+2.598e-002,+3.826e-001,-1.337e-001,-2.672e-001,-6.446e-002,+1.329e-001,+1.245e-001,-9.742e-002,-2.902e-001,-4.391e-002,-3.561e-001,+3.314e-001,-2.438e-001,+7.250e-002,+1.758e-001,+1.284e+000,+5.868e-001,+7.176e-002,+3.570e-001,-5.205e-001,+1.646e-001,+4.795e-002,-1.892e-001,-7.771e-001,-1.076e-001,-2.222e-002,-2.808e-002,+2.079e-001,-5.460e-001,-3.797e-002,-1.287e-001,-2.848e-001,+2.875e-001,-9.159e-001,+2.361e-001,-2.534e-001,+2.832e-001,-8.057e-002,+1.736e-001,+1.219e-001,-5.103e-002,-3.395e-001,-1.477e-001,-1.370e-001,-6.452e-001,+2.439e-001,+1.505e-001,+4.928e-001,-3.790e-001,+1.055e-001,-7.144e-003,-5.991e-003,+6.469e-001,+3.575e-003,+4.900e-002,-1.820e-001,-1.567e-001,-1.535e-001,+2.027e-001,+4.937e-001,-6.696e-002,-1.048e-001,-6.446e-002,+2.437e-001,+3.093e-002,-3.746e-001,+1.093e-001,-1.928e-001,+1.513e-001,-2.588e-001,+2.853e-001,+4.758e-001 },
  {-4.693e-001,+3.352e-002,+1.168e-001,+8.816e-002,+2.459e-001,+1.697e-001,+5.797e-001,-5.063e-001,+5.282e+000,-4.692e-002,+6.430e-002,+5.580e-002,+3.800e-001,-3.852e-001,+2.267e-001,+4.786e-002,+3.886e-001,+3.173e-001,-3.766e-001,+5.449e-002,+2.195e-001,-3.418e-002,-4.026e-001,+2.691e-001,-8.325e-002,-5.206e-001,-1.746e-001,+5.084e-001,-3.669e-001,+3.170e-001,+3.952e-001,-2.241e-001,+1.879e-001,-3.135e-001,+1.236e-002,-5.763e-001,-4.324e-001,-3.224e-002,-4.420e-001,+2.825e-001,-4.138e-001,+7.744e-003,-2.734e-001,-1.181e-001,-3.973e-002,-3.091e-001,+2.667e-001,-3.606e-002,-7.275e-003,+2.291e-001,-1.878e-001,+1.567e-001,+4.572e-001,-2.861e-001,+2.907e-002,-4.129e-001,+5.499e-002,+1.346e-001,+3.167e-001,+1.863e-001,+4.546e-001,-1.283e-001,+4.698e-001,-9.997e-002,-5.256e-001,+1.087e-002,-8.206e-002,+2.398e-001,-2.052e-001,+4.285e-001,-1.023e-001,+6.895e-002,+1.035e-001,+3.990e-001,+2.494e-001,-4.225e-001,-4.735e-001,+1.367e-002,-2.344e-002,+2.546e-001,-4.636e-002,-8.754e-002,+2.999e-001,-2.250e-001,+1.643e-001,+1.189e-001,+3.926e-001,+3.728e-001,+2.233e-001,+2.596e-002,+2.323e-001,+3.122e-001,+2.767e-002,-1.268e-002,+1.937e-001,+3.817e-003,-4.706e-002,-1.011e-001,+4.441e-001,-1.343e-001 },
  {-6.681e-002,+6.294e-001,-1.336e-001,-8.608e-003,+7.111e-003,+1.548e-001,+6.171e-001,-2.476e-001,-4.692e-002,+5.132e+000,+1.853e-001,-2.694e-001,-3.975e-001,+5.323e-001,-6.917e-002,+4.662e-001,+2.950e-002,-2.072e-001,+3.435e-001,+3.190e-001,-6.259e-002,+2.780e-001,-9.597e-003,-1.561e-001,-2.030e-002,+1.921e-001,+1.488e-001,-3.723e-001,+9.312e-002,+1.464e-001,+3.110e-001,-4.374e-001,-2.753e-001,-3.482e-001,+2.745e-001,+8.001e-002,+2.812e-001,+5.620e-002,+2.262e-001,-1.712e-001,+2.304e-001,+3.224e-001,+3.816e-002,-1.736e-001,-3.224e-001,+1.370e-001,+3.572e-001,+3.455e-001,-4.362e-001,-3.377e-001,-2.606e-001,-5.999e-001,-1.131e-001,-9.292e-002,+3.933e-002,+2.835e-001,-6.302e-002,+2.130e-001,+5.580e-001,+5.159e-001,-3.752e-001,-8.479e-002,+4.814e-002,-2.600e-001,+5.848e-002,-1.915e-001,+2.555e-001,+1.065e-001,-3.883e-001,+1.669e-001,+1.513e-001,-4.790e-001,-2.829e-001,+2.593e-002,+4.585e-001,-4.922e-001,-4.135e-001,+2.918e-002,+4.193e-001,+5.435e-001,-8.317e-002,-3.435e-001,+1.539e-001,+6.254e-001,+2.231e-002,-2.428e-002,-1.859e-001,-4.351e-001,-1.385e-001,-2.255e-001,-6.528e-001,+1.275e-001,+5.488e-001,+3.081e-001,-4.780e-001,-1.187e-001,+9.083e-001,+1.205e-001,+6.851e-002,+1.407e-001 },
  {+1.897e-001,+1.506e-001,+8.181e-003,+2.506e-001,-1.131e-001,-5.324e-001,+3.841e-001,-1.137e-001,+6.430e-002,+1.853e-001,+5.441e+000,-1.798e-001,-6.819e-002,+4.254e-001,-8.000e-001,+3.448e-001,+5.190e-002,-6.071e-001,+4.987e-001,+3.891e-001,+2.196e-001,+6.471e-001,-3.981e-001,+1.369e-001,-3.671e-002,+8.702e-002,-7.315e-002,+2.205e-002,-6.649e-001,+4.359e-002,-7.961e-002,+9.185e-002,-1.327e-001,-5.043e-001,+4.572e-001,-6.120e-002,-8.893e-002,+3.289e-004,-8.978e-002,-2.134e-001,+4.987e-001,+4.030e-001,-4.723e-001,-3.077e-002,+1.915e-001,-3.893e-001,-2.648e-001,-6.865e-002,+2.488e-001,-2.208e-002,+2.557e-001,-3.383e-001,-2.137e-001,-6.210e-002,+2.519e-001,-1.398e-001,+3.158e-001,+7.950e-002,+3.092e-002,+1.874e-001,+1.405e-001,+1.428e-001,-4.220e-001,+4.428e-001,-3.603e-001,-3.187e-001,+2.739e-003,+1.907e-001,+1.859e-001,+2.398e-003,-2.873e-001,-2.663e-001,-1.674e-001,-2.241e-001,-3.088e-001,+7.576e-002,-6.635e-001,+3.083e-001,-3.774e-001,-3.146e-001,-1.121e-001,-4.371e-001,-5.447e-001,+4.592e-002,+3.323e-001,+2.115e-001,-3.493e-001,+3.170e-001,-1.980e-001,-1.767e-001,-3.472e-001,-2.562e-001,+7.844e-002,+4.900e-001,+3.327e-001,-1.963e-001,-3.619e-001,-7.482e-002,+4.231e-002,-6.980e-002 },
  {+6.474e-001,+6.185e-001,-3.069e-001,+3.744e-001,-2.030e-001,+3.034e-001,-2.471e-001,-1.463e-001,+5.580e-002,-2.694e-001,-1.798e-001,+5.310e+000,+9.442e-002,-5.970e-001,-4.449e-002,+1.271e-001,+2.291e-002,+7.430e-001,-4.442e-001,+3.761e-002,-4.187e-003,-2.374e-002,+1.138e-001,-3.791e-001,-3.821e-002,+1.414e-001,+2.373e-001,-5.215e-003,-6.051e-001,+2.829e-002,+1.920e-001,-3.310e-002,-3.939e-001,+3.587e-001,-9.255e-002,-5.197e-001,+1.720e-001,+4.154e-002,+4.270e-001,-8.648e-003,+2.685e-001,-1.544e-001,+2.389e-001,+2.425e-001,-1.702e-001,-2.300e-001,-1.748e-001,+3.888e-001,-6.156e-001,-2.112e-001,+9.374e-002,-5.767e-002,-7.990e-001,-5.362e-001,-1.303e-001,-2.724e-001,+7.542e-002,+3.738e-001,-4.111e-002,-3.651e-001,+1.495e-001,+3.702e-003,+1.248e-002,+4.059e-001,+5.179e-001,-9.850e-002,-4.002e-001,-1.240e-001,-3.942e-001,+2.152e-001,+3.217e-001,+4.514e-001,-4.123e-001,+6.799e-002,-1.999e-001,-1.350e-001,-4.757e-001,+5.964e-004,+2.502e-001,+3.067e-001,-9.188e-002,+1.390e-002,+3.447e-001,+5.289e-002,+2.459e-001,-8.021e-002,-1.460e-001,-1.193e-001,+2.058e-001,+1.800e-001,-5.556e-001,+3.989e-003,+2.549e-001,-2.095e-001,+8.514e-002,-1.409e-001,-7.119e-002,+2.408e-001,-4.142e-001,-2.567e-001 },
  {+6.433e-001,+5.917e-001,-3.508e-002,-3.435e-002,+1.405e-001,+1.167e-001,-2.716e-001,+1.518e-001,+3.800e-001,-3.975e-001,-6.819e-002,+9.442e-002,+5.637e+000,+3.474e-001,-1.312e-001,-2.162e-001,-1.461e-001,-8.514e-001,+5.338e-002,-1.403e-001,+5.576e-001,-2.644e-001,+3.230e-001,-4.183e-001,-1.718e-001,-1.718e-001,+2.145e-001,-1.659e-001,+5.920e-001,-5.600e-001,+5.005e-002,-2.388e-001,-1.457e-002,+1.356e-002,+3.421e-001,+4.042e-001,-3.883e-001,-3.134e-002,-6.648e-002,-7.895e-002,+4.912e-001,+3.819e-001,-3.848e-001,-1.415e-001,-3.457e-001,-1.647e-001,+2.462e-001,+1.940e-001,-4.243e-001,-3.058e-001,-3.493e-001,+1.178e-001,-4.576e-001,+2.080e-001,-1.523e-001,+1.647e-001,-3.386e-001,+8.833e-002,-5.248e-001,+3.931e-001,-7.666e-002,-1.567e-001,-2.534e-001,-6.095e-001,-8.301e-002,-2.639e-001,+4.661e-002,+1.971e-001,-7.291e-003,-6.440e-002,-7.941e-002,+3.371e-002,-3.824e-001,+1.595e-001,+1.956e-001,+5.324e-001,+6.617e-001,-2.326e-001,+1.021e+000,-1.895e-001,+7.633e-002,+1.403e-001,+4.368e-001,-8.426e-002,+3.386e-001,-4.343e-001,+1.549e-002,+9.274e-002,+3.370e-001,-1.992e-001,+4.808e-001,-2.116e-002,+5.617e-002,-6.279e-002,-1.901e-001,+6.000e-001,-2.565e-001,+3.751e-001,-4.150e-001,-2.403e-001 },
  {+3.330e-001,-4.177e-001,+1.464e-001,+1.301e-002,-1.123e-001,+5.284e-003,-3.343e-001,+1.547e-001,-3.852e-001,+5.323e-001,+4.254e-001,-5.970e-001,+3.474e-001,+5.834e+000,-2.936e-001,+4.259e-001,+2.626e-001,+3.611e-001,+2.930e-001,-1.078e-001,-6.653e-001,-5.024e-002,-1.069e-001,+1.357e-001,+2.357e-002,+4.142e-001,+7.387e-002,+2.370e-003,-2.378e-001,-4.413e-002,+7.158e-001,-5.264e-001,+2.615e-001,+2.481e-002,+9.874e-002,+8.622e-002,+1.105e-001,-1.075e-001,-3.511e-001,-1.959e-001,-5.910e-001,+6.035e-001,-1.822e-001,+6.221e-003,+1.786e-001,+2.314e-001,+1.054e-001,+1.635e-001,-1.459e-002,-1.015e-001,+3.144e-002,-7.061e-001,+4.050e-001,+3.679e-001,+1.120e-001,+2.088e-001,+1.227e-001,-4.777e-001,-2.966e-001,-1.459e-001,+2.577e-001,+7.027e-001,-6.174e-003,-1.307e-001,+1.907e-001,-1.155e-001,+3.416e-001,+1.456e-001,+3.931e-001,+1.166e-001,-1.244e-001,-1.766e-001,-3.734e-001,+4.213e-002,+2.803e-001,-2.264e-001,-2.011e-001,+7.095e-002,-2.135e-001,-8.034e-001,+1.292e-001,-1.664e-001,-5.567e-001,-1.897e-001,-3.674e-001,-1.039e-001,-7.783e-002,+3.331e-001,-3.011e-001,-1.726e-002,-2.201e-002,-2.127e-001,-4.735e-002,-7.602e-002,-1.735e-001,+1.594e-001,-4.885e-002,-2.916e-002,-2.518e-001,+3.950e-001 },
  {+7.250e-002,-1.351e-002,+6.906e-002,+4.068e-001,-4.936e-003,+3.382e-001,+7.292e-002,+1.810e-001,+2.267e-001,-6.917e-002,-8.000e-001,-4.449e-002,-1.312e-001,-2.936e-001,+5.405e+000,-1.669e-001,-1.466e-001,+8.128e-001,-3.009e-002,-5.080e-001,+6.369e-002,+2.110e-001,+1.504e-001,-3.990e-002,+2.700e-001,+7.018e-002,-2.424e-001,-1.324e-001,+3.789e-001,-1.712e-002,-2.128e-001,+6.355e-002,-3.673e-002,+8.412e-002,+5.021e-001,-9.537e-002,+2.041e-001,+5.292e-002,-1.458e-002,+1.747e-001,+1.870e-001,+2.675e-001,+2.167e-001,-4.145e-002,-1.585e-001,-3.253e-003,-1.772e-001,+2.216e-001,+2.255e-001,+1.319e-001,-2.713e-001,-1.133e-001,+6.336e-001,-2.272e-002,-2.013e-001,-1.119e-001,+4.512e-002,+8.288e-002,-2.442e-001,+3.245e-001,-8.907e-001,+2.429e-001,+1.224e-001,+2.361e-002,+4.981e-001,-1.278e-001,+2.178e-001,+2.225e-001,-4.942e-001,+5.043e-001,+5.160e-001,+4.169e-001,+2.439e-001,-1.295e-002,-8.439e-003,+1.125e-001,+4.710e-001,-2.716e-001,+9.261e-002,+1.925e-002,-2.356e-001,+1.672e-001,-3.949e-001,+8.229e-001,+2.751e-001,-7.826e-002,+5.753e-001,-3.291e-001,-5.860e-001,-2.854e-001,-6.273e-001,-2.056e-001,+2.114e-001,+3.353e-001,+2.860e-003,+1.656e-002,-1.528e-001,+1.323e-001,-1.288e-002,+3.078e-001 },
  {+3.167e-001,+3.722e-001,-6.424e-001,-9.095e-002,-4.265e-002,+3.045e-001,+4.401e-002,+6.186e-001,+4.786e-002,+4.662e-001,+3.448e-001,+1.271e-001,-2.162e-001,+4.259e-001,-1.669e-001,+5.439e+000,-7.987e-003,+5.341e-001,-9.409e-002,+1.642e-001,+1.185e-001,-1.059e-001,-2.514e-001,+1.400e-001,-2.066e-001,+2.072e-001,-3.051e-001,-1.188e-001,+2.473e-001,-2.348e-001,+4.453e-001,-1.489e-001,-1.727e-001,+3.066e-001,+1.357e-001,-2.407e-001,-4.798e-001,-1.770e-001,-4.196e-002,-7.501e-002,-7.416e-002,-3.862e-001,-1.569e-001,-2.985e-002,-2.017e-002,+2.944e-001,+1.141e-001,+1.927e-001,+8.809e-002,-1.378e-001,+3.926e-003,-3.159e-001,+1.604e-002,+2.009e-001,-1.387e-001,-6.756e-002,-2.075e-001,-6.393e-001,-4.371e-002,+2.827e-002,-2.437e-001,-3.514e-001,-6.743e-002,-3.110e-001,-6.778e-001,+5.337e-003,+3.547e-001,+3.398e-001,-1.623e-001,+2.253e-001,-1.779e-001,-1.162e-001,-5.774e-002,-5.788e-002,-3.542e-001,+3.497e-001,-4.278e-001,+1.123e-001,+4.788e-002,-6.621e-001,+1.404e-001,+6.215e-002,-9.269e-002,+1.144e-001,+6.119e-002,+2.771e-001,+5.151e-001,-6.522e-004,-9.682e-002,+1.132e-001,+2.954e-002,-3.496e-001,+5.038e-002,+2.259e-001,+5.123e-001,-3.002e-002,-3.604e-001,-4.667e-002,-3.123e-001,-2.474e-001 },
  {+3.868e-001,-1.751e-001,+9.995e-001,-4.441e-001,+3.776e-001,+2.010e-001,+1.339e-001,-3.807e-001,+3.886e-001,+2.950e-002,+5.190e-002,+2.291e-002,-1.461e-001,+2.626e-001,-1.466e-001,-7.987e-003,+5.767e+000,+2.776e-001,-5.433e-002,-5.155e-001,+1.250e-001,+1.737e-001,+3.128e-001,+1.770e-001,+2.391e-001,-2.810e-001,-4.255e-001,+3.127e-001,+2.755e-001,-2.600e-001,-7.689e-002,+4.951e-001,+1.912e-001,-1.192e-001,+2.516e-001,+5.581e-001,-2.046e-002,-5.093e-001,+1.063e-001,-2.189e-002,-2.218e-001,+4.631e-001,+3.857e-001,-4.023e-003,+2.616e-001,-7.669e-002,-3.793e-001,-5.363e-001,-2.004e-001,+4.268e-001,+4.824e-001,+6.395e-002,+1.018e-001,+7.205e-002,-1.615e-001,-2.813e-001,+8.898e-002,+1.048e-001,-2.790e-001,+2.508e-001,-3.356e-001,+3.779e-001,-2.173e-001,+2.219e-001,+7.993e-002,+1.458e-001,+1.563e-001,+2.963e-002,+4.351e-001,+1.805e-001,+6.669e-002,-2.643e-001,+3.842e-003,-5.884e-002,-1.782e-001,-4.688e-001,-2.173e-002,-2.804e-001,+4.571e-001,+3.436e-001,+2.704e-001,-2.522e-002,-3.465e-001,+3.091e-002,-6.600e-001,+8.421e-001,-1.687e-003,+1.714e-001,-3.695e-003,-4.904e-001,-3.090e-001,+3.319e-001,-2.935e-001,+7.108e-003,+1.665e-001,-2.565e-002,+4.466e-002,-7.272e-002,+3.534e-001,-2.600e-001 },
  {+1.498e-001,-7.598e-003,+1.467e-001,+1.551e-001,-3.427e-001,+2.232e-001,-1.621e-001,+6.223e-002,+3.173e-001,-2.072e-001,-6.071e-001,+7.430e-001,-8.514e-001,+3.611e-001,+8.128e-001,+5.341e-001,+2.776e-001,+5.625e+000,+4.560e-001,-3.538e-002,+1.015e-001,+7.522e-002,+9.853e-003,+6.355e-002,-5.888e-001,-3.930e-001,-1.048e-001,-9.707e-002,+1.140e-001,-3.384e-001,-9.432e-002,-4.498e-001,+4.157e-001,-6.298e-001,-1.507e-001,+1.666e-001,-1.123e-001,-2.234e-001,+4.418e-002,-1.153e-001,+1.799e-001,-8.839e-002,-3.331e-001,+3.303e-001,+2.678e-001,-6.585e-002,+4.976e-001,+1.264e-001,-2.019e-001,+2.713e-001,-1.028e-001,+1.966e-001,-6.118e-001,+2.786e-002,+1.293e-001,-6.137e-002,-2.773e-001,+4.851e-001,+4.749e-001,-1.408e-001,-1.998e-001,-4.879e-001,+1.901e-001,-5.525e-001,-7.488e-001,+1.651e-001,+5.240e-002,+2.584e-001,+2.554e-001,-4.574e-001,+1.866e-001,-4.835e-001,-1.428e-001,+3.350e-001,-1.494e-001,-2.915e-001,-2.089e-001,+3.505e-001,-1.041e+000,-4.674e-001,+2.314e-002,-2.077e-001,-2.479e-001,+1.192e-001,-1.869e-001,+5.985e-002,-7.185e-002,-4.662e-001,+7.092e-002,-2.677e-001,-2.245e-001,+7.675e-002,-7.163e-001,+6.640e-001,-3.676e-001,+6.477e-002,-5.712e-001,+6.239e-003,-2.733e-001,-2.290e-002 },
  {-1.062e-001,-3.569e-001,-5.748e-002,-7.491e-002,+3.762e-001,-1.483e-001,+1.008e+000,-2.400e-001,-3.766e-001,+3.435e-001,+4.987e-001,-4.442e-001,+5.338e-002,+2.930e-001,-3.009e-002,-9.409e-002,-5.433e-002,+4.560e-001,+5.846e+000,-4.448e-001,+6.489e-002,-3.445e-001,-4.988e-001,-8.352e-001,-4.339e-001,-3.545e-001,-3.303e-001,-5.459e-001,+5.396e-001,+3.211e-001,+2.606e-001,+3.282e-001,-7.300e-003,-3.304e-002,-8.485e-002,-1.260e-001,+1.258e-001,+1.138e-001,-4.234e-001,+5.499e-001,+7.878e-002,+2.738e-001,-5.025e-001,-5.572e-001,-2.525e-002,-8.045e-002,+6.857e-002,-2.693e-001,+3.257e-001,-2.885e-001,+9.396e-002,-1.333e-001,+5.891e-001,-5.035e-001,-1.228e-001,+9.880e-002,+2.605e-001,-4.600e-001,-2.319e-001,-3.672e-001,-3.035e-001,-3.633e-001,-1.617e-002,-1.498e-001,+4.064e-001,-4.945e-002,-3.097e-001,+6.495e-001,-1.989e-001,+1.296e-001,+4.360e-001,-3.623e-001,+4.109e-001,-1.077e-001,-3.030e-001,-5.028e-001,-2.532e-001,+3.451e-002,-1.057e-002,-5.731e-002,+2.305e-001,+4.239e-002,-1.218e-001,+2.933e-001,-3.023e-001,+5.628e-001,+5.748e-002,-1.338e-001,-1.209e-001,+7.573e-002,+5.861e-001,+1.925e-001,+6.361e-001,-2.262e-002,+2.345e-001,-6.094e-001,-4.634e-001,+2.592e-001,-6.261e-001,+3.099e-001 },
  {-8.006e-002,+1.164e-001,-1.120e-001,-6.213e-001,-1.740e-001,+4.094e-001,-1.873e-001,-4.849e-001,+5.449e-002,+3.190e-001,+3.891e-001,+3.761e-002,-1.403e-001,-1.078e-001,-5.080e-001,+1.642e-001,-5.155e-001,-3.538e-002,-4.448e-001,+4.985e+000,+3.620e-001,+9.473e-002,+1.827e-001,-2.282e-001,-5.495e-001,-3.478e-001,+9.276e-002,+6.774e-001,-3.401e-001,-5.383e-001,-4.506e-001,+1.492e-001,-2.281e-001,+8.804e-001,-1.300e-001,+1.447e-001,+3.747e-001,-1.627e-001,+7.560e-002,-6.968e-001,-4.035e-002,-8.419e-002,+6.587e-001,-1.491e-001,+7.206e-002,+2.789e-002,+5.121e-001,-4.216e-001,+1.679e-001,+2.746e-001,+4.761e-001,-6.255e-002,-1.897e-001,+6.822e-002,+1.176e-001,-5.170e-001,+2.019e-001,+2.509e-001,-1.988e-002,-4.482e-001,+1.193e-001,-3.756e-001,+4.877e-001,-2.709e-001,-2.375e-001,+2.125e-001,+2.725e-001,-1.410e-001,+3.063e-001,-1.202e-001,+4.175e-001,-2.996e-001,-3.171e-001,+1.182e-001,+2.530e-002,+2.285e-001,-5.276e-001,+6.332e-002,+2.501e-001,-2.565e-001,+1.439e-001,+3.023e-001,+1.813e-001,-2.334e-001,-1.994e-001,+5.942e-002,+3.690e-001,-4.024e-001,+1.495e-001,+3.187e-001,+4.661e-001,-5.091e-002,+1.992e-001,+9.944e-002,+3.312e-001,+5.040e-002,-8.183e-002,+6.207e-001,-2.712e-001,+2.147e-001 },
  {+3.059e-002,+9.487e-002,+2.999e-001,+2.635e-001,-2.027e-002,-1.520e-001,-8.731e-002,+8.956e-002,+2.195e-001,-6.259e-002,+2.196e-001,-4.187e-003,+5.576e-001,-6.653e-001,+6.369e-002,+1.185e-001,+1.250e-001,+1.015e-001,+6.489e-002,+3.620e-001,+5.934e+000,+4.283e-002,+5.243e-001,-3.725e-001,-4.346e-002,+2.315e-001,-9.111e-002,-2.598e-001,-9.867e-002,-6.775e-001,+2.085e-001,+2.850e-001,+4.667e-001,-1.411e-002,+2.281e-001,-1.401e-001,-1.230e-001,-2.985e-001,-2.512e-001,-1.982e-001,-1.195e-001,-2.819e-001,-6.323e-001,+2.459e-001,+5.884e-001,-2.605e-001,+1.638e-002,+3.940e-001,+1.659e-001,-1.834e-001,-4.562e-001,+2.865e-001,-1.592e-001,+3.901e-001,+3.418e-003,-1.596e-002,-1.282e-001,-6.125e-001,+2.878e-001,-3.946e-001,-1.260e-001,+5.584e-001,-1.690e-001,-2.985e-001,-2.900e-001,-3.913e-001,+7.812e-002,-3.570e-001,-6.429e-003,-6.782e-002,-8.273e-002,-3.386e-001,+2.916e-001,+1.797e-002,+7.845e-002,+1.855e-001,-7.226e-002,-1.746e-003,-2.970e-001,+2.979e-001,+8.793e-003,-1.032e-001,-3.329e-001,-1.166e-001,+1.396e-001,-5.862e-001,-6.930e-001,-1.163e-001,-4.418e-001,-3.187e-001,-2.561e-001,+1.352e-001,+8.079e-002,-1.537e-001,+5.960e-002,+3.487e-002,+1.124e-001,+2.052e-001,+5.773e-002,+6.797e-001 },
  {-3.931e-001,-2.026e-001,-6.607e-001,-3.877e-001,-3.097e-001,+1.055e-001,-3.908e-002,-2.857e-001,-3.418e-002,+2.780e-001,+6.471e-001,-2.374e-002,-2.644e-001,-5.024e-002,+2.110e-001,-1.059e-001,+1.737e-001,+7.522e-002,-3.445e-001,+9.473e-002,+4.283e-002,+5.823e+000,-9.750e-002,+9.739e-002,-4.012e-001,-4.419e-002,-1.175e-001,+4.129e-001,-2.674e-001,-6.739e-001,+5.722e-001,+6.518e-002,+2.847e-001,+3.031e-001,-6.205e-001,-3.157e-001,+4.428e-001,-2.853e-001,+3.298e-001,-6.867e-002,+4.574e-001,-6.683e-001,-4.087e-001,+1.730e-001,+4.305e-001,+3.741e-001,-3.470e-001,-2.481e-001,-1.894e-002,+4.372e-001,+1.164e-001,-6.350e-002,-4.277e-001,+8.225e-002,-5.666e-001,+4.972e-002,-2.238e-001,+3.865e-001,-2.688e-001,-2.833e-001,+4.703e-001,-8.341e-002,+6.011e-001,+3.952e-001,-1.531e-002,+2.078e-001,+9.645e-002,+1.563e-001,-1.565e-001,-1.060e-001,-5.124e-001,-6.477e-001,+1.294e-001,+4.731e-001,+3.071e-001,-1.923e-002,+3.376e-001,+5.503e-002,+8.057e-002,+8.050e-001,-2.597e-001,-3.835e-001,+2.000e-001,-3.069e-001,-1.520e-001,-2.995e-001,+3.573e-001,-3.398e-001,-3.301e-002,-3.012e-001,-1.035e-002,+3.757e-001,-3.522e-001,+1.865e-001,+1.954e-001,-4.099e-001,-1.156e-001,-5.635e-002,+1.226e-001,+5.220e-001 },
  {+1.002e-001,+6.206e-003,-7.532e-002,+2.738e-001,-1.060e-001,-7.107e-001,-5.730e-002,-3.589e-001,-4.026e-001,-9.597e-003,-3.981e-001,+1.138e-001,+3.230e-001,-1.069e-001,+1.504e-001,-2.514e-001,+3.128e-001,+9.853e-003,-4.988e-001,+1.827e-001,+5.243e-001,-9.750e-002,+5.434e+000,-4.347e-001,+2.748e-001,-8.911e-002,-1.149e-001,-2.758e-001,+3.311e-002,-3.938e-002,-6.259e-001,+9.864e-002,-2.269e-001,-2.098e-002,+3.560e-001,+1.264e-001,-4.869e-001,+3.985e-001,+3.275e-001,-7.548e-002,+3.302e-001,+3.359e-001,+1.015e-001,-3.608e-002,-3.229e-001,+4.365e-001,+1.031e-001,-2.704e-001,+1.967e-001,-1.505e-001,-1.142e-001,+3.497e-001,+4.236e-004,+4.302e-002,-1.726e-001,-3.914e-001,-1.112e-001,-4.855e-002,-5.155e-001,-4.030e-001,+2.530e-001,+1.731e-001,-7.709e-002,-6.039e-001,-3.414e-001,+7.982e-001,+6.010e-001,-6.655e-001,-6.827e-002,+2.079e-001,+2.178e-001,-6.116e-001,-5.418e-002,-1.013e-001,-1.533e-001,-3.122e-001,+1.207e-001,-4.189e-002,+2.967e-002,+7.009e-002,-6.496e-001,+4.506e-003,-3.735e-001,+2.158e-001,+2.269e-001,+4.142e-001,-2.548e-001,+2.696e-001,-3.084e-001,+2.875e-001,+1.507e-001,+2.285e-001,-1.870e-001,+7.249e-004,-4.403e-001,-4.532e-002,+3.873e-001,+4.566e-001,+6.241e-001,+2.332e-001 },
  {-1.428e-001,+2.675e-001,-3.333e-001,-1.788e-001,-1.229e-002,+3.455e-001,+2.947e-001,-2.649e-002,+2.691e-001,-1.561e-001,+1.369e-001,-3.791e-001,-4.183e-001,+1.357e-001,-3.990e-002,+1.400e-001,+1.770e-001,+6.355e-002,-8.352e-001,-2.282e-001,-3.725e-001,+9.739e-002,-4.347e-001,+5.330e+000,+2.406e-001,-5.321e-001,-1.924e-001,-2.005e-001,+5.677e-001,-9.767e-002,+2.219e-002,-2.996e-001,+1.879e-001,-1.261e-001,+3.773e-001,-2.392e-001,+2.079e-001,-1.840e-001,+1.918e-001,+4.186e-001,+1.198e-001,-2.406e-003,+4.155e-001,-5.695e-001,+3.155e-001,-6.231e-001,+2.179e-002,-3.793e-001,-5.122e-001,-5.135e-002,-1.781e-001,+4.272e-001,+6.803e-002,-1.471e-001,+2.849e-001,-4.013e-001,-1.185e-001,-3.755e-001,-2.797e-001,-5.189e-001,-4.023e-001,+3.655e-001,-1.920e-002,+1.683e-001,-9.835e-003,-1.679e-001,-2.549e-001,-2.184e-001,-2.315e-001,-3.242e-001,-1.468e-001,+3.128e-001,-6.741e-001,-1.216e-001,+7.586e-002,+2.164e-002,-1.385e-001,-1.323e-002,+2.058e-001,+4.913e-002,-4.441e-001,-1.990e-001,+3.914e-001,-2.857e-002,-1.800e-001,+6.367e-001,-1.853e-001,+5.707e-001,-1.123e-001,-2.113e-001,+2.603e-001,+9.100e-002,+3.566e-001,+3.573e-001,-5.718e-002,-6.576e-002,+1.500e-001,-3.880e-001,+1.506e-001,+6.990e-001 },
  {-2.939e-001,+4.652e-002,+2.119e-001,+1.114e-001,+1.640e-001,-4.078e-001,-2.009e-001,-2.291e-001,-8.325e-002,-2.030e-002,-3.671e-002,-3.821e-002,-1.718e-001,+2.357e-002,+2.700e-001,-2.066e-001,+2.391e-001,-5.888e-001,-4.339e-001,-5.495e-001,-4.346e-002,-4.012e-001,+2.748e-001,+2.406e-001,+5.694e+000,-3.225e-003,+1.266e-001,+7.243e-001,-2.702e-001,+4.483e-001,-5.076e-001,+3.090e-001,+2.613e-001,+2.976e-001,+1.203e-001,-2.980e-001,-1.526e-001,-1.805e-001,-1.804e-001,+4.993e-001,+2.892e-001,+4.420e-001,+2.403e-001,-4.029e-002,+1.406e-001,-2.974e-001,+3.113e-001,-2.263e-002,-4.086e-001,+4.118e-001,-3.529e-001,+6.736e-002,-3.662e-002,-2.715e-001,+1.669e-001,+4.475e-001,-4.226e-001,+3.271e-001,+1.753e-001,+2.723e-001,+1.884e-001,+9.507e-003,-2.721e-001,-3.167e-002,-7.056e-002,-4.295e-001,+3.567e-001,+6.618e-002,+1.251e-001,+2.299e-001,-1.164e-001,-3.818e-001,-4.017e-002,+1.284e-001,+3.037e-002,+2.846e-001,-5.466e-001,+2.269e-001,-3.533e-001,-2.278e-001,-1.298e-001,-2.450e-002,-4.646e-001,-3.430e-001,+2.087e-001,+1.150e-001,-6.722e-002,+9.294e-002,-1.045e-001,+4.238e-001,-1.877e-001,-2.997e-001,+1.823e-001,-1.923e-002,-1.073e-001,+3.906e-001,-2.126e-001,+3.773e-001,+6.232e-001,-2.578e-001 },
  {-3.833e-003,-1.978e-003,-1.116e-001,-1.380e-001,-2.719e-001,-3.035e-001,+1.780e-001,+5.125e-001,-5.206e-001,+1.921e-001,+8.702e-002,+1.414e-001,-1.718e-001,+4.142e-001,+7.018e-002,+2.072e-001,-2.810e-001,-3.930e-001,-3.545e-001,-3.478e-001,+2.315e-001,-4.419e-002,-8.911e-002,-5.321e-001,-3.225e-003,+6.024e+000,+1.025e-001,-1.125e-001,-2.438e-001,+5.196e-001,+2.965e-001,+1.386e-001,+1.091e-001,+8.363e-002,-5.576e-002,-5.982e-001,+5.904e-002,-6.584e-001,+2.228e-001,+1.510e-001,+5.196e-001,-1.706e-001,-2.897e-001,-8.006e-001,+6.056e-002,+5.856e-001,+9.042e-002,-1.923e-001,+1.958e-001,-3.060e-001,+3.838e-002,-1.240e-001,+3.041e-001,+1.640e-001,+5.304e-001,-1.505e-002,+6.360e-002,+7.190e-001,-4.788e-002,+1.102e-001,+1.255e-001,+3.423e-001,-7.811e-002,+1.715e-001,+3.610e-001,-5.571e-001,-1.472e-001,-1.879e-001,-1.683e-001,-2.756e-001,-7.607e-002,-1.819e-001,-2.130e-001,-2.545e-001,-1.902e-001,+1.588e-001,-4.417e-001,-4.339e-002,+8.427e-002,-4.907e-001,-2.493e-001,-1.372e-001,+2.455e-001,-3.356e-001,-1.972e-001,-2.385e-001,+4.907e-001,-2.785e-001,-9.955e-001,-1.564e-001,-1.370e-001,-4.629e-002,-2.654e-001,-1.371e-001,+2.707e-001,+3.333e-001,-5.910e-001,+5.889e-002,+6.835e-001,-1.801e-001 },
  {-2.380e-001,-4.277e-002,+1.861e-002,+1.128e-002,-7.247e-002,+3.769e-001,+4.291e-001,+3.535e-001,-1.746e-001,+1.488e-001,-7.315e-002,+2.373e-001,+2.145e-001,+7.387e-002,-2.424e-001,-3.051e-001,-4.255e-001,-1.048e-001,-3.303e-001,+9.276e-002,-9.111e-002,-1.175e-001,-1.149e-001,-1.924e-001,+1.266e-001,+1.025e-001,+5.047e+000,-7.884e-001,-1.167e-001,-1.480e-001,-3.602e-001,+2.878e-001,-5.671e-001,-1.269e-001,-3.400e-001,+1.269e-001,+2.142e-002,+1.256e-001,+3.111e-001,+4.526e-002,-5.220e-001,+1.163e-001,+5.776e-001,-1.241e-001,+5.250e-001,+1.453e-001,+1.788e-001,-2.468e-001,+2.308e-001,+6.375e-001,+8.947e-002,-3.694e-001,+3.010e-001,+3.977e-001,+4.726e-001,+4.025e-002,+5.085e-001,-9.153e-002,-1.035e-001,-1.962e-001,+4.140e-001,-8.720e-004,-2.028e-001,-2.552e-001,-3.664e-001,+2.046e-001,+3.693e-001,-2.439e-002,+4.409e-001,+3.893e-001,-1.199e-001,+8.092e-002,-1.453e-001,-1.487e-001,+4.930e-001,+1.397e-001,+1.965e-001,-7.653e-002,-7.251e-001,+3.580e-001,-8.461e-001,-1.901e-001,-1.186e-001,+7.072e-002,+4.324e-001,+1.778e-001,+3.056e-001,-2.119e-001,+2.529e-001,-3.203e-004,-9.541e-002,+2.134e-001,+5.095e-001,+2.424e-001,-1.604e-001,+6.789e-002,-3.121e-001,-4.826e-001,-4.594e-001,+4.103e-001 },
  {+7.699e-002,+3.845e-002,-2.452e-001,-3.485e-001,-3.806e-001,-2.141e-002,+3.896e-001,+9.665e-002,+5.084e-001,-3.723e-001,+2.205e-002,-5.215e-003,-1.659e-001,+2.370e-003,-1.324e-001,-1.188e-001,+3.127e-001,-9.707e-002,-5.459e-001,+6.774e-001,-2.598e-001,+4.129e-001,-2.758e-001,-2.005e-001,+7.243e-001,-1.125e-001,-7.884e-001,+5.623e+000,+9.617e-002,-4.451e-001,-3.336e-002,+1.213e-001,-1.479e-001,-3.863e-001,+3.071e-001,-2.572e-001,+3.660e-001,-1.679e-001,-2.073e-001,-6.375e-001,-3.129e-001,+7.391e-001,-4.550e-001,-6.994e-001,-4.523e-001,+2.104e-001,-2.519e-001,+1.256e-001,-4.405e-001,+1.535e-001,-1.170e-001,+2.601e-001,-4.143e-001,+4.365e-002,-3.444e-001,+1.306e-001,+1.053e-001,-2.017e-002,+3.074e-001,+4.233e-002,+3.426e-001,+6.739e-002,+3.140e-001,-1.427e-001,+5.369e-001,+2.112e-001,+3.607e-001,+2.003e-001,-3.327e-001,+1.550e-001,-4.508e-001,+1.978e-001,-2.693e-001,+3.635e-002,+2.834e-001,+1.557e-001,-1.816e-002,-6.525e-001,+8.831e-002,-1.930e-001,-4.695e-001,-2.676e-001,-3.702e-001,+2.060e-002,+1.797e-001,-2.282e-001,+1.999e-001,-3.532e-001,-5.342e-002,+3.872e-001,-1.427e-001,-6.865e-001,+1.398e-001,+2.354e-001,-6.070e-002,+1.742e-001,+2.119e-001,+3.132e-001,-3.445e-001,-2.382e-001 },
  {+2.780e-001,-1.800e-001,+7.486e-002,+6.103e-001,-8.704e-002,+2.249e-002,-2.012e-001,+2.598e-002,-3.669e-001,+9.312e-002,-6.649e-001,-6.051e-001,+5.920e-001,-2.378e-001,+3.789e-001,+2.473e-001,+2.755e-001,+1.140e-001,+5.396e-001,-3.401e-001,-9.867e-002,-2.674e-001,+3.311e-002,+5.677e-001,-2.702e-001,-2.438e-001,-1.167e-001,+9.617e-002,+5.191e+000,+1.312e-001,-6.354e-002,-2.861e-001,+3.845e-002,-5.229e-001,+7.477e-002,+2.050e-001,-3.769e-001,+3.572e-001,+3.221e-001,-3.257e-001,-2.137e-001,+4.228e-003,-7.573e-001,+2.321e-001,-1.028e-001,+4.591e-001,-5.269e-001,+1.877e-001,+5.766e-002,+8.643e-002,-2.949e-001,+1.846e-001,-3.369e-001,-1.046e-001,+3.984e-001,+3.985e-001,-3.046e-001,-7.167e-001,+7.073e-002,-6.471e-001,-4.096e-001,-7.444e-002,-2.731e-002,+6.459e-001,+2.807e-001,+3.615e-001,+3.867e-001,+1.984e-002,-1.305e-001,-5.363e-002,+9.083e-002,+6.309e-001,+1.058e-001,-3.210e-002,+2.685e-001,-1.833e-001,-3.808e-001,-1.392e-001,+1.952e-002,+9.554e-002,+8.444e-003,-3.323e-001,+6.172e-002,-1.963e-001,-1.580e-001,+1.574e-001,-1.842e-001,-4.067e-002,-3.110e-001,+1.973e-001,-2.663e-001,+5.822e-001,-2.025e-002,-1.294e-002,+4.316e-001,+4.217e-002,+1.573e-001,-2.905e-001,+3.528e-001,+4.799e-001 },
