SDPA start at [Tue Sep 07 12:42:41 2021]
param  is ./param.sdpa 
data   is G:\Research\PhysarumSDPSolver\SDPA\testSet\large2\large2-100-9.dat-s  : sparse
""Large randomly generated tests with n = 100 and m in [5,2]""
out    is G:\Research\PhysarumSDPSolver\SDPA\testSet\large2\large2-100-9.dat-s.res
NumThreads  is set as 1
Schur computation : DENSE 
   mu      thetaP  thetaD  objP      objD      alphaP  alphaD  beta 
 0 1.0e+004 1.0e+000 1.0e+000 -0.00e+000 -5.84e+004 9.1e-001 1.0e+000 2.00e-001
 1 1.8e+003 9.2e-002 1.4e-015 +7.81e-001 -7.30e+004 9.9e-001 1.6e+000 2.00e-001
 2 2.9e+002 6.4e-004 2.9e-015 +7.86e-001 -2.88e+004 1.0e+000 1.1e+000 2.00e-001
 3 4.6e+001 9.4e-018 1.4e-015 +7.91e-001 -4.55e+003 5.0e+001 9.8e-001 1.00e-001
 4 5.3e+000 9.4e-018 1.6e-016 -4.53e+000 -5.35e+002 9.8e-001 9.8e-001 1.00e-001
 5 6.3e-001 9.4e-018 2.3e-017 -4.47e+000 -6.70e+001 8.5e-001 9.3e-001 1.00e-001
 6 1.1e-001 9.4e-018 4.6e-018 -5.40e+000 -1.59e+001 8.7e-001 7.0e-001 1.00e-001
 7 3.8e-002 1.9e-017 8.7e-018 -5.68e+000 -9.52e+000 1.1e+000 8.6e-001 1.00e-001
 8 8.7e-003 1.9e-017 5.2e-017 -5.74e+000 -6.61e+000 1.2e+000 9.8e-001 1.00e-001
 9 1.0e-003 2.8e-017 2.1e-017 -5.74e+000 -5.85e+000 1.1e+000 9.9e-001 1.00e-001
10 1.1e-004 1.9e-017 1.7e-017 -5.75e+000 -5.76e+000 1.1e+000 9.9e-001 1.00e-001
11 1.2e-005 2.8e-017 2.1e-017 -5.75e+000 -5.75e+000 1.1e+000 1.0e+000 1.00e-001
12 1.2e-006 2.8e-017 5.1e-017 -5.75e+000 -5.75e+000 1.1e+000 1.0e+000 1.00e-001
13 1.2e-007 2.8e-017 3.5e-016 -5.75e+000 -5.75e+000 1.1e+000 1.0e+000 1.00e-001
14 1.2e-008 3.7e-017 8.9e-016 -5.75e+000 -5.75e+000 1.0e+000 1.0e+000 1.00e-001
15 1.2e-009 3.7e-017 1.9e-015 -5.75e+000 -5.75e+000 1.0e+000 1.0e+000 1.00e-001

phase.value  = pdOPT     
   Iteration = 15
          mu = +1.1873506072790364e-009
relative gap = +2.0665466918385047e-008
        gap  = +1.1873448535482112e-007
     digits  = +7.6847547777625156e+000
objValPrimal = -5.7455505165642844e+000
objValDual   = -5.7455506352987697e+000
p.feas.error = +3.5527136788005009e-015
d.feas.error = +5.5138116294983774e-011
total time   = 0.503498
** Paramters **
maxIteration = 100
epsilonStar  = +9.9999999999999995e-008
lambdaStar   = +1.0000000000000000e+002
omegaStar    = +2.0000000000000000e+000
lowerBound   = -1.0000000000000000e+005
upperBound   = +1.0000000000000000e+005
betaStar     = +1.0000000000000001e-001
betaBar      = +2.0000000000000001e-001
gammaStar    = +9.0000000000000002e-001
epsilonDash  = +9.9999999999999995e-008
xPrint       = %+8.3e 
XPrint       = %+8.3e 
YPrint       = %+8.3e 
infPrint     = %+10.16e 

                         Time(sec)  Ratio(% : MainLoop) 
 Predictor time  =       0.089784,  26.162135
 Corrector time  =       0.033269,  9.694245
 Make bMat time  =       0.041189,  12.002051
 Make bDia time  =       0.000000,  0.000000
 Make bF1  time  =       0.041189,  12.002051
 Make bF2  time  =       0.000000,  0.000000
 Make bF3  time  =       0.000000,  0.000000
 Make bPRE time  =       0.041139,  11.987482
 Make rMat time  =       0.000000,  0.000000
 Make gVec Mul   =       0.000000,  0.000000
 Make gVec time  =       0.000000,  0.000000
 Cholesky bMat   =       0.000000,  0.000000
 Ste Pre time    =       0.000000,  0.000000
 Ste Cor time    =       0.187409,  54.609057
 solve           =       0.000000,  0.000000
 sumDz           =       0.000000,  0.000000
 makedX          =       0.000000,  0.000000
 symmetriseDx    =       0.081864,  23.854328
 makedXdZ        =       0.081864,  23.854328
 xMatTime        =       0.016063,  4.680593
 zMatTime        =       0.008614,  2.510031
 invzMatTime     =       0.000000,  0.000000
 xMatzMatTime    =       0.000000,  0.000000
 EigxMatTime     =       0.095027,  27.689891
 EigzMatTime     =       0.084355,  24.580180
 EigxMatzMatTime =       0.000000,  0.000000
 updateRes       =       0.008044,  2.343939
 EigTime         =       0.179382,  52.270072
 sub_total_bMat  =       0.301994,  87.997949
 Main Loop       =       0.343183,  100.000000
 File Check      =       0.000000,  0.000000
 File Change     =       0.000000,  0.000000
 File Read       =       0.160315,  46.714144
 Total           =       0.503498,  146.714144

xVec = 
{+2.591e-003,-1.549e-004,+2.200e-003,+2.259e-003,+1.076e-003,+5.620e-003,+6.912e-003,+5.851e-003,-4.887e-003,+2.523e-003,-4.033e-003}
xMat = 
{
{ {+6.452e+000,-6.328e-001,+1.680e-001,-2.717e-001,-7.048e-001,+6.321e-002,-4.234e-002,-5.302e-001,-9.589e-002,+4.480e-001,-3.916e-001,-5.479e-001,-6.542e-003,-2.510e-001,-3.100e-001,+2.964e-001,+7.261e-003,-1.245e-002,-1.835e-002,-2.486e-001,+7.685e-002,-3.852e-002,+4.631e-001,+7.377e-002,-6.003e-002,-5.798e-001,+5.049e-001,+3.673e-001,-1.312e-001,-6.816e-001,+3.037e-001,-9.463e-002,+2.982e-002,+3.587e-001,+5.441e-001,+2.182e-001,+5.999e-001,+3.517e-001,+4.731e-002,-3.218e-001,+5.968e-001,+4.569e-001,+3.660e-001,+1.364e-001,-1.875e-001,-3.225e-001,-3.827e-001,-7.168e-002,+2.891e-001,+5.101e-001,-3.158e-001,+7.011e-002,-2.211e-002,+9.742e-002,+7.112e-001,+2.655e-001,+3.988e-001,-7.462e-001,+3.404e-001,-3.052e-001,+4.296e-001,-2.100e-001,-7.137e-002,+2.826e-001,+3.107e-001,+4.755e-002,-1.506e-001,-2.377e-001,-5.693e-001,-3.785e-001,+6.260e-001,-2.610e-001,+2.347e-001,-5.197e-001,-9.013e-002,-7.062e-002,+1.525e-001,-3.810e-001,+8.113e-002,-5.038e-002,-1.035e-002,-6.833e-001,-1.599e-001,+9.840e-001,+3.247e-001,-5.248e-001,+7.447e-001,-3.876e-001,+2.872e-001,-3.506e-002,-2.766e-001,-4.357e-001,-3.671e-001,-7.907e-002,-5.074e-001,+6.537e-001,+1.344e-001,-1.234e-001,-1.998e-002,-1.828e-001 },
  {-6.328e-001,+6.066e+000,-7.735e-001,+2.001e-001,-2.601e-001,+2.212e-001,-4.155e-001,-5.804e-002,+1.402e-001,-1.293e-001,-3.955e-001,+8.959e-002,+2.511e-001,-2.592e-001,-2.277e-001,+5.435e-001,-6.032e-001,+9.789e-002,+5.990e-001,+3.345e-001,+1.705e-001,+3.044e-001,-5.941e-001,-3.437e-002,-3.154e-001,-8.104e-002,-2.077e-001,+3.725e-001,+3.588e-002,-4.545e-001,-6.620e-001,-1.140e-001,-1.841e-001,-4.310e-001,+3.593e-001,-1.606e-002,-9.203e-002,+3.371e-001,-4.993e-001,+6.169e-002,+2.154e-001,+3.118e-002,+3.494e-002,-5.211e-001,+5.516e-001,-3.361e-001,+2.788e-001,+1.457e-001,-3.744e-001,+3.169e-001,+5.030e-001,+5.957e-002,-3.986e-002,-7.515e-002,+2.300e-001,-3.834e-001,-2.777e-001,-1.291e-001,-9.406e-003,+3.648e-002,+4.502e-001,+4.349e-001,+2.347e-001,+2.396e-001,+1.973e-002,-4.510e-002,+1.321e-001,+3.412e-001,-7.043e-001,-2.524e-001,+1.450e-001,-4.083e-002,-4.833e-001,-8.906e-002,-3.384e-001,-1.134e-001,+1.974e-002,+2.972e-001,+2.578e-002,+1.059e-001,-7.509e-002,+4.627e-001,-3.917e-001,-5.175e-002,-2.979e-001,-5.378e-002,+2.149e-001,+6.207e-002,-2.656e-001,+2.983e-001,+1.631e-001,-2.048e-001,+3.150e-001,+3.684e-002,+3.670e-001,+4.123e-001,+4.234e-001,-2.077e-001,+2.080e-001,+2.196e-001 },
  {+1.680e-001,-7.735e-001,+5.911e+000,+4.188e-002,+4.169e-001,+1.956e-001,-1.846e-001,+1.527e-001,-2.540e-001,-2.870e-001,+5.327e-001,+2.106e-001,-3.120e-001,-3.840e-001,-1.817e-001,-3.621e-001,-2.736e-001,-9.810e-002,-3.242e-001,-4.857e-001,+4.257e-002,-1.026e-001,+2.025e-001,+6.704e-001,-5.353e-001,+5.074e-001,-8.372e-002,-7.120e-001,-1.030e-001,-6.101e-001,+5.611e-001,+1.757e-001,-8.834e-002,-3.411e-001,-4.284e-001,-7.010e-001,+6.374e-002,-3.552e-001,-1.742e-001,+1.725e-001,-1.240e-001,+4.075e-002,+4.525e-001,+1.392e-001,-2.391e-001,-1.972e-001,+3.367e-001,-7.572e-002,-7.663e-002,+3.943e-001,+3.192e-001,+1.100e-001,+9.622e-002,-4.257e-001,-1.207e-002,-1.284e-001,+1.190e-001,+1.282e-001,+6.562e-002,+3.169e-001,+8.545e-003,-5.063e-001,+5.069e-002,+6.554e-002,+5.463e-001,+2.723e-001,-1.932e-001,+7.419e-001,-7.706e-003,+3.801e-001,-3.632e-001,-5.969e-002,-1.310e-001,-3.590e-001,-4.845e-001,+3.676e-001,-1.890e-001,-7.274e-002,-2.105e-001,-9.802e-002,+3.427e-001,+3.955e-001,+4.551e-002,-6.222e-001,-3.338e-001,-3.249e-001,+3.505e-001,+1.119e-001,+2.769e-002,+1.744e-001,+3.822e-002,+1.084e-001,-6.219e-001,-7.209e-002,-2.075e-001,+2.811e-001,+5.174e-001,+1.554e-001,-2.731e-001,+7.491e-002 },
  {-2.717e-001,+2.001e-001,+4.188e-002,+6.138e+000,-2.417e-001,-3.975e-002,+4.991e-001,+9.917e-002,-4.119e-002,-5.431e-001,+4.778e-001,+3.258e-001,-1.184e-001,+6.598e-002,+2.814e-001,+2.525e-001,+6.785e-002,-2.509e-001,-3.888e-001,-1.099e-001,+2.844e-002,-8.746e-001,-2.287e-003,+7.059e-001,-2.329e-002,+3.454e-002,+2.760e-001,-3.320e-001,+6.433e-001,+3.013e-001,-1.735e-001,-2.399e-001,-9.700e-002,-2.616e-001,-3.148e-001,-2.877e-001,+1.005e-001,-1.016e-001,-3.111e-001,-1.938e-001,-1.251e-001,-1.511e-001,-3.970e-001,+1.834e-001,+3.296e-001,-1.511e-001,-2.827e-001,+3.955e-001,-8.375e-002,-6.510e-002,+7.507e-003,+4.667e-001,+2.978e-001,-4.435e-001,-4.277e-001,-3.252e-001,+3.998e-001,+7.595e-001,-4.203e-002,-2.600e-001,+3.160e-001,-3.728e-002,-2.766e-001,+6.763e-002,+6.507e-001,-1.724e-001,-1.093e-001,-3.757e-001,+5.826e-002,+1.686e-001,+4.182e-001,-3.303e-002,-3.094e-001,+1.267e-001,+2.121e-001,-9.863e-002,+2.025e-001,+3.605e-001,+4.518e-001,-2.232e-001,+1.176e-001,+1.243e-001,+9.115e-002,+3.199e-001,+4.681e-001,-4.406e-002,-1.797e-001,-2.319e-002,+4.585e-001,-5.892e-001,+2.187e-001,-2.763e-001,-5.408e-002,-3.717e-001,-3.467e-001,-6.757e-002,-1.902e-001,+2.145e-001,-2.561e-001,-4.923e-001 },
  {-7.048e-001,-2.601e-001,+4.169e-001,-2.417e-001,+5.951e+000,+9.626e-002,-1.029e-001,+1.213e-001,-1.734e-001,-1.081e-001,-2.070e-001,+2.332e-001,-2.882e-001,-2.207e-001,-3.228e-001,+3.147e-001,+4.481e-001,+9.342e-002,-1.568e-001,+1.192e-001,-9.014e-002,+3.675e-001,+3.902e-001,+8.788e-001,+1.765e-001,+5.544e-001,-2.787e-001,-8.778e-002,-1.646e-001,-2.636e-001,+6.474e-002,+3.125e-001,+1.423e-001,-3.536e-001,-1.652e-001,-4.436e-001,-7.600e-002,+6.427e-001,-1.760e-001,+1.183e-001,+4.905e-001,+2.292e-001,+5.011e-001,+8.178e-001,+9.158e-002,+4.430e-001,+3.589e-001,+1.100e-001,+2.053e-002,+2.457e-001,-6.532e-002,+8.252e-002,+1.760e-001,-1.259e-001,-9.687e-003,+1.624e-001,+1.448e-001,-1.583e-001,+3.798e-002,-7.182e-002,+2.892e-003,+6.075e-001,+1.149e-001,-1.227e-001,-3.242e-004,-1.205e-001,-1.473e-001,-2.906e-001,-6.841e-002,-4.165e-002,-3.537e-001,+6.852e-002,-1.237e-001,-3.331e-001,-1.080e+000,+1.530e-002,+7.482e-002,-1.801e-001,+1.670e-001,+6.927e-001,+1.487e-001,+4.569e-001,+3.526e-001,+9.181e-001,+6.593e-001,-3.809e-001,+9.946e-002,-1.119e-001,+2.017e-001,-4.571e-001,-3.341e-002,+1.175e-001,-1.414e-001,+7.113e-001,-4.869e-001,-4.009e-002,-4.513e-002,-1.218e-001,+3.290e-001,-1.308e-001 },
  {+6.321e-002,+2.212e-001,+1.956e-001,-3.975e-002,+9.626e-002,+5.720e+000,+5.388e-002,+5.607e-002,+3.209e-001,+7.923e-002,-6.072e-001,-7.991e-002,-2.746e-001,+1.777e-001,-3.300e-001,-1.643e-001,-7.758e-001,+1.072e-001,+2.530e-001,-2.262e-001,-2.001e-002,-2.112e-001,-7.239e-001,-2.467e-001,-4.530e-001,+2.567e-001,+1.364e-001,-1.093e-001,+1.542e-001,-2.761e-001,-5.389e-002,+1.933e-001,-2.845e-001,-2.125e-001,-2.198e-001,-2.361e-001,-2.495e-001,+2.734e-001,+4.245e-001,+5.612e-001,+3.090e-001,+5.320e-001,-2.261e-001,-5.975e-002,+2.720e-001,-3.449e-002,+1.906e-001,-6.838e-002,+5.562e-001,+2.409e-001,+5.818e-001,+7.685e-002,-1.340e-002,+2.670e-001,+5.039e-002,-2.824e-001,-3.601e-001,+2.676e-001,+9.964e-001,-2.145e-001,+2.035e-001,-2.028e-001,+3.000e-001,-3.979e-001,+5.763e-001,+1.150e-001,-2.070e-001,+1.688e-001,+1.993e-001,+1.446e-001,-2.878e-001,+1.412e-001,+2.284e-001,-9.247e-002,+1.011e+000,-1.753e-001,-3.608e-001,-2.333e-001,-1.888e-001,-1.200e-002,+4.754e-001,-2.997e-001,+2.331e-001,+1.762e-001,+6.017e-003,-3.921e-001,+2.844e-001,-1.545e-002,-7.786e-001,-4.260e-001,-2.103e-001,-7.207e-003,-1.182e-001,+7.517e-002,-1.457e-001,+3.466e-001,+7.208e-001,+1.119e-001,+4.559e-001,+1.744e-001 },
  {-4.234e-002,-4.155e-001,-1.846e-001,+4.991e-001,-1.029e-001,+5.388e-002,+6.053e+000,-4.161e-001,-3.369e-001,+8.555e-003,-1.119e-002,-3.840e-001,+7.951e-001,-9.009e-003,+1.559e-001,+8.484e-002,+7.712e-002,-4.554e-002,-1.299e-001,-2.408e-001,-3.008e-001,+3.795e-001,-4.573e-001,+4.863e-001,+5.139e-002,+3.061e-001,-6.687e-002,+6.082e-001,+3.640e-001,-6.442e-002,-2.581e-001,+3.739e-001,-1.693e-001,-2.484e-002,-3.697e-001,+4.355e-001,-2.652e-001,+1.416e-001,+2.300e-001,+4.799e-002,-5.139e-001,+2.405e-001,+1.260e-001,-3.130e-001,-1.632e-001,+3.494e-001,+3.518e-001,-3.172e-001,-1.935e-001,+3.291e-001,-1.998e-001,+2.834e-001,+4.447e-001,-1.404e-002,+4.482e-002,+1.308e-001,-3.555e-001,+2.372e-001,-1.634e-001,+3.064e-001,+3.314e-001,+7.182e-002,+3.309e-001,+7.560e-002,-1.529e-001,+3.357e-001,+7.865e-002,-3.706e-001,+3.590e-001,+9.121e-002,-3.883e-002,-1.814e-002,-4.516e-002,+4.699e-001,+3.290e-001,-3.197e-001,-2.027e-001,+7.972e-001,+3.741e-001,-1.947e-001,-5.371e-001,+9.368e-002,+1.237e-001,-2.263e-001,-1.076e-001,-1.495e-001,-1.023e-001,-1.500e-001,+4.805e-001,+5.179e-001,+4.221e-001,+4.326e-002,+2.683e-001,-1.654e-001,+3.785e-001,-1.226e-002,+2.110e-002,-1.869e-001,-9.593e-002,-2.067e-001 },
  {-5.302e-001,-5.804e-002,+1.527e-001,+9.917e-002,+1.213e-001,+5.607e-002,-4.161e-001,+6.348e+000,-3.519e-001,-1.960e-001,+2.095e-001,+9.615e-003,-2.126e-001,+1.494e-001,-3.448e-001,-4.625e-001,-2.042e-002,+1.864e-001,-2.765e-001,+5.870e-003,-9.511e-002,-7.685e-002,-2.748e-001,+3.931e-001,-3.506e-001,-2.998e-001,+5.791e-002,+1.623e-001,-3.507e-001,+5.098e-001,+9.339e-002,-2.170e-002,+2.622e-001,+4.233e-001,+5.080e-002,+4.986e-002,+1.277e-001,-4.209e-001,+2.674e-001,+9.807e-003,-3.859e-002,+2.609e-001,-1.528e-001,+1.537e-001,+3.262e-001,-5.657e-001,-2.970e-001,-6.037e-001,+1.237e-002,-1.682e-001,+3.617e-001,+1.122e-001,-2.153e-001,+4.217e-001,-3.233e-001,+4.881e-001,+4.993e-001,+4.100e-001,-5.341e-002,-2.860e-001,+1.492e-001,+1.019e-001,-5.448e-002,+1.391e-001,+8.883e-002,-1.816e-001,+2.240e-001,+6.393e-001,-3.889e-001,-1.269e-001,+1.772e-001,-3.928e-001,+5.831e-002,+2.682e-001,+6.904e-001,-5.328e-001,+2.927e-002,+2.110e-001,-9.073e-002,+3.378e-001,-4.552e-001,-4.032e-001,+9.100e-002,+4.819e-001,+9.403e-002,-3.018e-001,+6.175e-002,+6.777e-001,+2.955e-001,+3.282e-001,-4.478e-001,-2.023e-001,-5.403e-001,-2.674e-002,+3.146e-001,-3.319e-001,+1.204e-001,+5.762e-001,-2.092e-001,-4.659e-001 },
  {-9.589e-002,+1.402e-001,-2.540e-001,-4.119e-002,-1.734e-001,+3.209e-001,-3.369e-001,-3.519e-001,+5.255e+000,+2.438e-001,+2.802e-001,+6.159e-001,+4.430e-002,+2.889e-001,-3.400e-001,-3.777e-001,-3.717e-001,-1.404e-001,-1.261e-001,+1.933e-001,+3.075e-001,+1.764e-001,-3.307e-001,-2.128e-001,-5.622e-001,-1.050e-001,-7.894e-002,-1.245e-001,-4.924e-001,+3.505e-001,+1.364e-001,+1.786e-001,-2.864e-001,+7.878e-001,-3.079e-001,+3.794e-002,+7.307e-002,-2.966e-001,+9.248e-002,-6.743e-002,+4.379e-002,+2.814e-001,-1.573e-001,-4.092e-001,+4.319e-002,+4.969e-001,-2.060e-001,+4.823e-002,-2.844e-001,-5.273e-001,+7.337e-002,-4.624e-001,-2.452e-001,+3.226e-001,+2.639e-001,-9.602e-002,-2.347e-001,-6.384e-002,+1.608e-003,+3.153e-001,+1.251e-001,+1.450e-002,+1.381e-001,+7.612e-002,-3.555e-002,-1.432e-002,+3.056e-001,-4.798e-001,-6.559e-001,+2.493e-003,+3.229e-001,-7.205e-001,-1.111e-001,+4.251e-001,-5.982e-001,-3.226e-001,+3.287e-001,+2.167e-001,-3.172e-001,-2.574e-002,+6.896e-003,-3.646e-001,+1.208e-001,+2.156e-001,+2.195e-002,+3.206e-001,+2.354e-001,+3.624e-001,-2.175e-002,+2.294e-001,+1.999e-001,-4.285e-001,+4.109e-001,+1.345e-001,+1.034e-001,+2.019e-001,+4.488e-001,+2.983e-001,+5.620e-002,+4.315e-001 },
  {+4.480e-001,-1.293e-001,-2.870e-001,-5.431e-001,-1.081e-001,+7.923e-002,+8.555e-003,-1.960e-001,+2.438e-001,+5.617e+000,-3.721e-001,-2.283e-001,+4.844e-002,-1.796e-001,+3.452e-001,+9.122e-002,+2.096e-001,-1.109e-001,+1.440e-001,-3.704e-002,+3.301e-001,+2.231e-001,-4.560e-001,-3.456e-001,+3.569e-001,+5.492e-002,+3.021e-002,+1.359e-001,-6.466e-002,+5.219e-001,+9.479e-002,-1.294e-001,-5.073e-003,+1.474e-001,-1.870e-001,+1.174e-001,+4.041e-001,-1.174e-001,-4.171e-003,+2.498e-001,-8.018e-002,+3.903e-003,+3.924e-001,-1.957e-001,+1.595e-001,-4.048e-002,+5.966e-001,-7.585e-002,-2.439e-001,-8.953e-002,+7.394e-002,+4.985e-001,-7.483e-003,+3.423e-001,+3.686e-003,-4.996e-001,+2.993e-001,-1.905e-001,+3.097e-003,-2.036e-001,+3.926e-001,+3.236e-001,+9.530e-002,+4.431e-001,-2.481e-001,-9.973e-002,+4.764e-002,-5.122e-002,+1.100e-001,-3.691e-001,+3.599e-001,-1.551e-002,+2.530e-002,-3.383e-001,-1.265e-001,-1.411e-001,-1.483e-001,-2.373e-001,+3.668e-001,-1.667e-001,-9.383e-002,-3.769e-001,+2.604e-001,-4.348e-001,+1.683e-001,+1.152e-002,-2.658e-001,-9.061e-002,-2.129e-001,-2.264e-001,-2.191e-001,-2.503e-001,+2.102e-001,+4.719e-001,+5.459e-002,+1.108e-001,-9.090e-002,+1.980e-001,+1.119e-001,-1.904e-001 },
  {-3.916e-001,-3.955e-001,+5.327e-001,+4.778e-001,-2.070e-001,-6.072e-001,-1.119e-002,+2.095e-001,+2.802e-001,-3.721e-001,+6.268e+000,-4.464e-002,+3.199e-001,-8.761e-002,-2.646e-001,+2.430e-001,+2.422e-001,+4.053e-002,+2.224e-001,-1.821e-001,-1.168e-001,+3.144e-001,-2.249e-002,+1.341e-001,-3.092e-001,-1.079e-002,+5.848e-001,-3.756e-002,-2.239e-001,-4.898e-002,+1.544e-001,-1.875e-001,-5.648e-001,-3.446e-001,-2.655e-001,+1.395e-001,-2.052e-001,+4.027e-001,+6.847e-002,+1.336e-001,+1.080e-001,+1.202e-001,-2.726e-001,-2.716e-001,+2.955e-001,+2.357e-002,+9.967e-003,-2.583e-001,+4.948e-001,+1.965e-001,+1.335e-001,+1.403e-002,-1.693e-001,-4.773e-001,-1.903e-001,+3.336e-001,+2.009e-001,+2.723e-002,-2.913e-001,-5.713e-001,+1.467e-001,-3.965e-001,+1.833e-001,+6.438e-002,+6.870e-002,-2.351e-001,+4.260e-001,+6.933e-002,-2.991e-003,+1.468e-001,-7.920e-002,+3.848e-001,+3.285e-002,-3.843e-001,+1.305e-002,-4.770e-001,+6.459e-001,+1.001e-001,+1.066e-001,+1.982e-001,-4.379e-002,+3.401e-001,-7.559e-002,+1.504e-001,-3.167e-001,-2.409e-002,-1.528e-001,-4.435e-001,+5.635e-001,-1.725e-001,-5.089e-002,-1.076e-001,+5.289e-001,-7.227e-002,-4.082e-001,+4.863e-001,+5.487e-001,-4.990e-001,-3.593e-001,+3.184e-001 },
  {-5.479e-001,+8.959e-002,+2.106e-001,+3.258e-001,+2.332e-001,-7.991e-002,-3.840e-001,+9.615e-003,+6.159e-001,-2.283e-001,-4.464e-002,+5.791e+000,-2.040e-001,+3.609e-001,-3.471e-001,+4.243e-001,+3.593e-001,-6.699e-002,-3.032e-001,-9.224e-002,+9.130e-003,-3.385e-001,+3.050e-001,-2.544e-001,-6.239e-003,-5.218e-001,+2.334e-001,-1.385e-002,+3.633e-001,-2.134e-001,-6.297e-003,+2.023e-001,+3.945e-001,-1.758e-001,-2.912e-002,-9.548e-003,+3.622e-001,+5.453e-001,-9.882e-002,+3.289e-001,-1.198e-001,-5.455e-001,+1.518e-001,+1.378e-001,+3.861e-001,+3.545e-001,+4.873e-001,-2.639e-001,+3.034e-001,-2.300e-001,-4.603e-001,-4.078e-001,+1.841e-002,+3.411e-001,-4.870e-002,-3.332e-002,-1.499e-001,+2.972e-001,+3.334e-001,-1.557e-001,-5.893e-002,-2.372e-001,-1.863e-001,+5.816e-002,+9.727e-002,+1.401e-002,+3.172e-001,+1.369e-001,-3.858e-001,-6.227e-002,+2.212e-001,-5.506e-001,+1.127e-001,-3.224e-001,-4.838e-002,+5.276e-001,+3.763e-002,+1.553e-001,-1.423e-003,+2.076e-001,+5.193e-001,+5.409e-003,+2.977e-001,-2.263e-001,+6.439e-001,+2.254e-001,-2.099e-001,+4.890e-001,-1.394e-001,+2.326e-001,+5.268e-001,-3.757e-001,-2.142e-001,+1.041e-001,-3.313e-002,+7.375e-001,-1.454e-001,-3.608e-001,-2.250e-001,+4.104e-001 },
  {-6.542e-003,+2.511e-001,-3.120e-001,-1.184e-001,-2.882e-001,-2.746e-001,+7.951e-001,-2.126e-001,+4.430e-002,+4.844e-002,+3.199e-001,-2.040e-001,+6.099e+000,-4.067e-001,-1.664e-001,-2.444e-003,-3.987e-001,-2.019e-001,-6.782e-002,-7.443e-002,+1.766e-001,-2.131e-001,+2.985e-001,-9.709e-001,+2.779e-001,+2.721e-001,-5.892e-002,-8.041e-001,+6.273e-002,-1.473e-001,-3.426e-001,+4.731e-002,+2.454e-001,-1.955e-001,+4.004e-001,+4.063e-001,+4.191e-001,+3.619e-001,+5.700e-001,+2.312e-001,+4.259e-001,+1.089e-001,-1.233e-001,+1.505e-001,+6.512e-001,+1.018e-001,+1.585e-001,-1.039e-002,-3.181e-001,-9.649e-002,-4.315e-001,-1.590e-001,-4.659e-001,+2.453e-002,+6.328e-001,+1.826e-001,+1.737e-001,-3.231e-003,+2.123e-002,-1.790e-001,+2.057e-002,+5.059e-001,+6.889e-002,-7.564e-002,-4.872e-001,-1.041e-002,-3.569e-001,+3.577e-001,+3.727e-001,+9.229e-001,-1.155e-001,-2.858e-001,-4.565e-001,+3.419e-001,-2.537e-001,-8.204e-002,-1.465e-001,+1.729e-001,-1.111e-001,+5.154e-004,+4.438e-001,-1.088e-001,-2.500e-001,+1.045e-002,-3.222e-001,+3.211e-001,-2.193e-002,-3.669e-001,+1.928e-001,+1.004e-002,-2.336e-001,-1.712e-002,+4.618e-002,+1.387e-001,+4.687e-001,-1.333e-002,+5.826e-001,-1.181e-001,-2.469e-001,+4.414e-001 },
  {-2.510e-001,-2.592e-001,-3.840e-001,+6.598e-002,-2.207e-001,+1.777e-001,-9.009e-003,+1.494e-001,+2.889e-001,-1.796e-001,-8.761e-002,+3.609e-001,-4.067e-001,+5.619e+000,+9.698e-002,+8.170e-001,+8.358e-003,+1.457e-001,+1.513e-001,-1.461e-001,+1.310e-001,+6.608e-001,-3.772e-001,-3.908e-001,-1.072e-001,-1.817e-001,+1.960e-001,+2.058e-001,-7.282e-001,+5.058e-001,+1.206e-001,-3.095e-001,+6.007e-001,-6.123e-002,-5.770e-002,-4.714e-002,-1.535e-002,-3.629e-001,-2.552e-001,-7.780e-001,+9.885e-002,+3.126e-001,+3.114e-002,+2.334e-001,+4.098e-001,+3.122e-001,+2.158e-001,+1.511e-001,+8.041e-002,-5.987e-001,+2.864e-002,-1.222e-001,-6.830e-001,-7.549e-002,-1.726e-001,-2.889e-002,+3.268e-001,+1.975e-002,+1.421e-001,+6.845e-001,-3.191e-001,-1.510e-001,+3.403e-001,+1.776e-001,-3.660e-001,+6.883e-001,-2.602e-001,-1.353e-001,-4.253e-001,+3.529e-001,-3.555e-001,-4.085e-001,-2.939e-001,+2.249e-001,-2.812e-001,+3.072e-001,-5.242e-001,+2.778e-001,-1.175e-001,+1.186e-001,-5.196e-001,-4.721e-001,+4.074e-002,+2.979e-001,+2.517e-001,+2.970e-001,-6.986e-001,+6.450e-001,+6.208e-001,+1.572e-001,-5.275e-001,-2.075e-001,-9.695e-002,+4.279e-001,-2.751e-003,+4.899e-001,-3.743e-001,-4.669e-005,+3.247e-001,-6.648e-001 },
  {-3.100e-001,-2.277e-001,-1.817e-001,+2.814e-001,-3.228e-001,-3.300e-001,+1.559e-001,-3.448e-001,-3.400e-001,+3.452e-001,-2.646e-001,-3.471e-001,-1.664e-001,+9.698e-002,+5.868e+000,+4.574e-002,+1.972e-001,-1.791e-001,+1.735e-001,-1.297e-001,+2.134e-002,-1.742e-001,-5.978e-003,+1.020e-001,-3.056e-002,-4.495e-001,-4.978e-001,+6.888e-002,+4.055e-001,-1.306e-001,-1.441e-001,-8.199e-002,+1.231e-001,+5.364e-001,-3.773e-001,-2.566e-002,+8.077e-002,+7.305e-001,+7.728e-001,+1.423e-001,+3.472e-001,-2.681e-001,+1.744e-001,-6.726e-002,+2.990e-001,-2.536e-001,-4.128e-001,+1.409e-001,+4.029e-002,-1.248e-001,-1.883e-001,+1.744e-002,-3.715e-002,-1.971e-001,-1.150e-001,+1.930e-001,-4.738e-001,+2.737e-001,-3.276e-001,+2.208e-001,-3.922e-001,+9.506e-001,-1.592e-001,+1.795e-001,+2.775e-002,-1.984e-001,+3.217e-001,-2.241e-001,-1.234e-001,+3.889e-002,-2.972e-002,+4.954e-001,-6.165e-001,+3.762e-002,-2.360e-001,-1.040e-001,+3.454e-002,-1.948e-001,+2.905e-001,-2.180e-001,+1.977e-001,-1.627e-001,-4.534e-002,-9.895e-002,-3.295e-002,+2.564e-001,+3.565e-002,-8.484e-002,+2.848e-001,-5.260e-001,+6.968e-002,+3.624e-001,-2.052e-002,+6.807e-001,+3.272e-001,-5.113e-002,-4.294e-001,+2.641e-001,+2.875e-001,-2.659e-001 },
  {+2.964e-001,+5.435e-001,-3.621e-001,+2.525e-001,+3.147e-001,-1.643e-001,+8.484e-002,-4.625e-001,-3.777e-001,+9.122e-002,+2.430e-001,+4.243e-001,-2.444e-003,+8.170e-001,+4.574e-002,+5.653e+000,+5.614e-002,-1.896e-001,-1.228e-001,+1.875e-001,-2.515e-002,-1.777e-001,+5.626e-002,-1.891e-002,-3.222e-001,-4.203e-002,-2.243e-001,-5.487e-002,+2.430e-002,-5.970e-001,+2.257e-001,+2.005e-001,-2.773e-002,+1.266e-001,-6.046e-002,-3.318e-002,-1.898e-001,-6.710e-003,+2.183e-001,-2.460e-002,+2.765e-001,-5.949e-001,-3.161e-001,+2.959e-001,-7.051e-002,-4.936e-001,+4.288e-001,-1.435e-001,-2.062e-001,+2.764e-001,-1.227e-001,+1.736e-001,+4.008e-001,+1.749e-001,-1.740e-001,-4.830e-002,-1.460e-002,-8.262e-002,-3.120e-001,+2.137e-002,+3.973e-001,-1.544e-001,+5.137e-001,+1.315e-003,+2.141e-001,-2.380e-002,-1.849e-002,+1.079e-001,-3.059e-001,+3.548e-001,-8.085e-002,-5.386e-001,+1.764e-001,-1.946e-001,+1.988e-001,+1.851e-001,-2.007e-001,-1.688e-002,+3.604e-001,+2.882e-001,+2.868e-001,+3.051e-001,-2.855e-002,+8.760e-002,-3.184e-002,-1.313e-001,+3.519e-001,+7.907e-002,-3.930e-001,+3.621e-001,+8.054e-002,-1.670e-003,+4.380e-003,+1.022e-001,+5.005e-002,-3.041e-001,+5.189e-001,-6.194e-001,-1.082e-001,+3.826e-001 },
  {+7.261e-003,-6.032e-001,-2.736e-001,+6.785e-002,+4.481e-001,-7.758e-001,+7.712e-002,-2.042e-002,-3.717e-001,+2.096e-001,+2.422e-001,+3.593e-001,-3.987e-001,+8.358e-003,+1.972e-001,+5.614e-002,+5.721e+000,-2.091e-001,-3.123e-001,+5.275e-001,-4.469e-001,+3.725e-002,-4.924e-001,+7.152e-003,-2.119e-001,-3.087e-001,+5.413e-002,-1.627e-001,+2.726e-001,+5.593e-002,-1.518e-001,+1.414e-001,-8.201e-001,-3.022e-001,+3.307e-002,-2.320e-001,-6.206e-001,+4.029e-001,-3.357e-001,-3.816e-001,-1.256e-001,-1.731e-001,+2.299e-001,+4.574e-001,-7.562e-002,-1.860e-002,-2.088e-001,-2.749e-001,+2.580e-001,+4.552e-001,-4.442e-001,+9.642e-002,-8.956e-002,-7.742e-002,+3.929e-001,+4.303e-001,+1.195e-001,+1.882e-001,+2.184e-001,-3.275e-001,-2.509e-001,-2.524e-002,+3.292e-001,+8.429e-002,-3.677e-001,-3.423e-001,+1.079e-001,+7.661e-004,-2.257e-001,-4.614e-001,+4.286e-001,+1.454e-001,+7.443e-002,+3.749e-001,+1.038e-001,-6.039e-001,+3.605e-001,+7.865e-002,+9.813e-002,+4.308e-001,+4.340e-002,-8.325e-002,+1.045e-001,-1.886e-001,+3.095e-001,-5.179e-001,-7.101e-001,+3.401e-001,-7.871e-002,-5.872e-002,-2.933e-001,-7.232e-001,-3.279e-001,+1.883e-001,+6.430e-001,-4.794e-001,+3.056e-001,+7.934e-002,-1.792e-001,+2.220e-002 },
  {-1.245e-002,+9.789e-002,-9.810e-002,-2.509e-001,+9.342e-002,+1.072e-001,-4.554e-002,+1.864e-001,-1.404e-001,-1.109e-001,+4.053e-002,-6.699e-002,-2.019e-001,+1.457e-001,-1.791e-001,-1.896e-001,-2.091e-001,+6.256e+000,+3.122e-001,+2.168e-001,+1.282e-001,+9.767e-002,-5.963e-001,+3.043e-001,+1.304e-001,+1.959e-002,-3.454e-001,-5.188e-001,+9.534e-002,+1.442e-001,-1.235e-002,+5.901e-001,+9.883e-002,-4.047e-001,+2.528e-001,-2.126e-001,-1.183e-002,-3.016e-001,-3.074e-001,+1.258e-001,+4.794e-001,+3.609e-001,+1.935e-001,+7.685e-002,-2.653e-001,-2.609e-001,-4.093e-001,-3.938e-001,-2.375e-001,-7.195e-002,-4.256e-001,+6.506e-002,-3.077e-002,+5.262e-002,-1.188e-001,+1.031e-002,+1.917e-001,+3.612e-001,+6.037e-002,-1.410e-002,-4.023e-001,+7.035e-002,+9.108e-002,+2.741e-001,+3.340e-001,-1.828e-001,-6.459e-001,+5.233e-001,-2.448e-001,+4.223e-001,+1.966e-001,-4.197e-001,+2.045e-001,+4.026e-001,-7.783e-001,+4.878e-001,+2.343e-001,+2.676e-001,+9.118e-002,-6.653e-001,+3.572e-001,-5.482e-001,-1.202e-001,-1.043e-004,+5.561e-002,+1.130e-001,-3.179e-001,-8.045e-002,+4.025e-001,-1.417e-001,+1.249e-001,-3.134e-001,-6.117e-001,-2.516e-001,-2.078e-001,+8.115e-002,-8.488e-003,+1.636e-001,+1.331e-001,-3.230e-001 },
  {-1.835e-002,+5.990e-001,-3.242e-001,-3.888e-001,-1.568e-001,+2.530e-001,-1.299e-001,-2.765e-001,-1.261e-001,+1.440e-001,+2.224e-001,-3.032e-001,-6.782e-002,+1.513e-001,+1.735e-001,-1.228e-001,-3.123e-001,+3.122e-001,+6.074e+000,+8.579e-002,-4.189e-002,+1.536e-001,-1.789e-002,+3.621e-001,+1.667e-001,+6.145e-002,+2.615e-001,-4.374e-001,-3.694e-001,-2.421e-003,+2.736e-001,-1.266e-001,+1.810e-001,+4.370e-002,-2.158e-001,+3.898e-001,+6.212e-002,-3.464e-001,+4.064e-001,-1.833e-002,+3.174e-001,-2.451e-001,-2.272e-001,+6.674e-001,+3.927e-002,-5.652e-001,+1.426e-001,+6.484e-001,+3.251e-001,-1.525e-001,+4.597e-001,-6.065e-001,-9.165e-002,-3.822e-001,+4.067e-001,-2.863e-002,-8.809e-002,-2.785e-001,+6.951e-002,+1.814e-001,+3.394e-001,+5.568e-001,+3.992e-001,-9.809e-003,-6.189e-001,+4.444e-001,+3.674e-001,-5.264e-001,-5.215e-001,-1.689e-001,+5.723e-001,-2.494e-001,-7.453e-002,+4.807e-001,-1.954e-001,+1.707e-001,+1.544e-001,-1.866e-001,-2.260e-001,-4.483e-001,-2.584e-001,+8.330e-002,+9.338e-003,-2.610e-001,+1.097e-002,+7.542e-002,+3.230e-002,+3.636e-001,-1.562e-001,+7.924e-002,+3.408e-001,-3.038e-001,+2.343e-001,+1.119e-001,+3.294e-001,+2.210e-001,+9.273e-002,+1.900e-001,+7.187e-002,-2.387e-001 },
  {-2.486e-001,+3.345e-001,-4.857e-001,-1.099e-001,+1.192e-001,-2.262e-001,-2.408e-001,+5.870e-003,+1.933e-001,-3.704e-002,-1.821e-001,-9.224e-002,-7.443e-002,-1.461e-001,-1.297e-001,+1.875e-001,+5.275e-001,+2.168e-001,+8.579e-002,+6.085e+000,+2.263e-002,+3.677e-001,-9.264e-002,-2.953e-001,+3.385e-001,+4.059e-001,+3.670e-001,-1.632e-002,-6.465e-002,-3.451e-001,-5.902e-003,-1.260e-001,+1.009e-001,-4.522e-001,+2.836e-001,+2.805e-001,-1.234e-001,-5.896e-001,+2.181e-001,-3.714e-001,+4.231e-001,-4.790e-001,+5.662e-001,-2.006e-001,-1.047e-001,-6.978e-002,+3.982e-002,-4.560e-001,-4.221e-001,-3.616e-002,-3.231e-001,-2.721e-001,+2.852e-001,+4.770e-001,-2.898e-001,-3.980e-001,+4.991e-001,+2.839e-001,+4.131e-001,+1.603e-001,-1.740e-001,+2.257e-001,-4.299e-002,-2.066e-001,+3.624e-001,-6.699e-002,-4.661e-001,+3.510e-001,+3.333e-001,+1.976e-001,-1.088e-001,+1.160e-001,+9.309e-002,+6.367e-002,+9.558e-001,+1.435e-001,+3.973e-001,+1.456e-003,-1.228e-001,+1.283e-001,+1.483e-002,+3.827e-001,+1.725e-001,+1.699e-001,-5.447e-001,+2.858e-001,+8.140e-002,-2.281e-002,-1.482e-001,-5.771e-001,+5.668e-001,-2.176e-001,-8.787e-002,+3.366e-002,+2.610e-001,-2.048e-001,+4.416e-001,+3.756e-001,-4.701e-001,+3.135e-001 },
  {+7.685e-002,+1.705e-001,+4.257e-002,+2.844e-002,-9.014e-002,-2.001e-002,-3.008e-001,-9.511e-002,+3.075e-001,+3.301e-001,-1.168e-001,+9.130e-003,+1.766e-001,+1.310e-001,+2.134e-002,-2.515e-002,-4.469e-001,+1.282e-001,-4.189e-002,+2.263e-002,+5.728e+000,-3.529e-001,-6.303e-003,+1.324e-001,-3.415e-001,+1.526e-001,+4.233e-002,+9.351e-002,+2.176e-001,-4.491e-002,-4.899e-002,-3.752e-001,+6.853e-001,-1.313e-001,-3.370e-001,+1.743e-001,+2.173e-001,-6.020e-001,-1.784e-001,-2.256e-002,-7.582e-001,+2.873e-002,+1.979e-001,+3.483e-001,-1.335e-002,-2.574e-001,+4.483e-001,-1.346e-001,-1.819e-001,-7.699e-002,-1.694e-001,+5.663e-001,-4.430e-001,+5.300e-001,-2.881e-001,+1.589e-001,-5.466e-001,-8.897e-002,+1.413e-001,-1.144e-001,+3.008e-001,+9.653e-002,+1.163e-001,-5.747e-001,+3.933e-001,-7.171e-002,+1.462e-001,+3.790e-001,-2.215e-002,-1.293e-001,-1.336e-001,+3.048e-001,-8.191e-002,-2.399e-001,+1.196e-001,-3.701e-001,-1.658e-001,-3.997e-001,-6.724e-001,+2.003e-001,+2.193e-001,-6.383e-003,-1.921e-001,-3.117e-001,+4.113e-001,-3.504e-001,-3.048e-001,-7.196e-001,-1.876e-001,+6.488e-001,-1.217e-002,-3.662e-002,-6.636e-001,+1.016e-001,+1.166e-001,-3.748e-002,+2.747e-001,+3.859e-001,-1.460e-001,+1.896e-002 },
  {-3.852e-002,+3.044e-001,-1.026e-001,-8.746e-001,+3.675e-001,-2.112e-001,+3.795e-001,-7.685e-002,+1.764e-001,+2.231e-001,+3.144e-001,-3.385e-001,-2.131e-001,+6.608e-001,-1.742e-001,-1.777e-001,+3.725e-002,+9.767e-002,+1.536e-001,+3.677e-001,-3.529e-001,+5.431e+000,+2.953e-001,-1.508e-001,-2.704e-001,+3.094e-001,+8.479e-001,+5.495e-001,-1.764e-001,-1.475e-001,+1.060e-001,-8.792e-002,+5.686e-001,-1.432e-001,+2.510e-001,-3.191e-001,+4.154e-001,+3.439e-001,+1.615e-001,-3.643e-001,-2.769e-001,-2.068e-001,-2.150e-001,-1.986e-001,-1.174e-001,-6.359e-002,-6.254e-002,+6.285e-001,-1.264e-001,-4.428e-001,-2.379e-001,+2.880e-001,+1.346e-001,+3.392e-001,+8.073e-002,+1.314e-001,+2.393e-001,-5.516e-001,+2.010e-002,+6.296e-002,+3.706e-001,-2.517e-001,-1.886e-001,+1.198e-001,-9.977e-002,+2.141e-001,+8.238e-003,+1.536e-001,-5.259e-002,-4.386e-001,-3.699e-002,+3.352e-001,+5.646e-002,+6.995e-001,-1.656e-001,-6.112e-002,-5.296e-001,-3.816e-001,+2.582e-001,+8.085e-001,+1.729e-001,+1.930e-001,+5.227e-001,+4.888e-001,-3.645e-001,+6.653e-001,-1.372e-001,-6.191e-002,-2.029e-001,+7.109e-001,+7.765e-002,-6.302e-001,+4.424e-001,+1.029e-001,-1.604e-002,+4.991e-001,-7.208e-002,+3.330e-001,+1.343e-002,-6.175e-002 },
  {+4.631e-001,-5.941e-001,+2.025e-001,-2.287e-003,+3.902e-001,-7.239e-001,-4.573e-001,-2.748e-001,-3.307e-001,-4.560e-001,-2.249e-002,+3.050e-001,+2.985e-001,-3.772e-001,-5.978e-003,+5.626e-002,-4.924e-001,-5.963e-001,-1.789e-002,-9.264e-002,-6.303e-003,+2.953e-001,+5.820e+000,+3.316e-001,+4.648e-001,+1.486e-001,-3.690e-001,-1.288e-002,+1.996e-001,-4.085e-001,-2.927e-001,+3.355e-001,-5.303e-001,-1.510e-001,+1.412e-002,-3.641e-001,+2.602e-001,-7.683e-002,-4.253e-001,+2.095e-001,+1.186e-001,-1.225e-001,+4.731e-002,-3.662e-001,-2.368e-001,+5.991e-001,-1.081e-001,-1.053e-001,-2.140e-002,+4.595e-002,-1.239e-002,-2.330e-001,-1.073e-001,+8.330e-001,-4.780e-001,+5.386e-002,+4.070e-001,-3.203e-001,-1.330e-001,-1.239e-001,-3.606e-001,-1.134e-001,-7.874e-002,-6.707e-001,+4.351e-001,+6.933e-001,-5.830e-001,+1.083e-001,-2.474e-001,-1.752e-001,+1.019e-001,+4.626e-002,-9.642e-002,+2.253e-001,-3.427e-001,+1.799e-002,-2.608e-001,+3.907e-002,+4.145e-001,-5.091e-001,-4.432e-001,-2.064e-001,-2.113e-001,+1.424e-001,-5.869e-001,-2.438e-001,+2.237e-001,-1.721e-001,+4.743e-003,+5.360e-001,+1.346e-001,-4.801e-001,+2.180e-001,-9.738e-002,-5.796e-002,+4.214e-001,-8.617e-002,+2.804e-001,-1.774e-001,-4.212e-001 },
  {+7.377e-002,-3.437e-002,+6.704e-001,+7.059e-001,+8.788e-001,-2.467e-001,+4.863e-001,+3.931e-001,-2.128e-001,-3.456e-001,+1.341e-001,-2.544e-001,-9.709e-001,-3.908e-001,+1.020e-001,-1.891e-002,+7.152e-003,+3.043e-001,+3.621e-001,-2.953e-001,+1.324e-001,-1.508e-001,+3.316e-001,+6.105e+000,-3.268e-001,-1.903e-001,-2.193e-001,-2.571e-001,-1.964e-001,+6.465e-001,-3.213e-001,-2.869e-001,+6.785e-001,-1.478e-002,+2.275e-001,+1.443e-001,-3.020e-001,-4.090e-001,-5.358e-001,-9.498e-002,-7.117e-003,-3.530e-002,+1.133e-001,-2.236e-001,-8.711e-002,+3.111e-001,+1.564e-001,+4.122e-001,-7.907e-002,+3.567e-002,+1.439e-001,-1.795e-001,-1.723e-001,-1.955e-001,-2.109e-001,-7.109e-002,-4.023e-002,+2.038e-001,+7.606e-002,+1.827e-001,-2.287e-001,-1.503e-001,+1.228e-001,-1.528e-001,-1.538e-001,+7.481e-002,-3.332e-001,+5.220e-001,-1.521e-001,+3.161e-001,-2.081e-001,-1.512e-001,+6.689e-001,-4.945e-001,-1.322e-001,-3.621e-001,-1.911e-001,-2.596e-001,+1.666e-001,-4.426e-001,+3.235e-002,+1.686e-001,+2.910e-005,-1.666e-001,+1.407e-001,+6.730e-002,-2.129e-001,-4.624e-002,+3.870e-001,+6.953e-001,-7.335e-002,-3.302e-001,+5.514e-001,+1.521e-001,+2.411e-001,-4.033e-001,-4.342e-001,-4.721e-001,+1.582e-001,+2.587e-001 },
  {-6.003e-002,-3.154e-001,-5.353e-001,-2.329e-002,+1.765e-001,-4.530e-001,+5.139e-002,-3.506e-001,-5.622e-001,+3.569e-001,-3.092e-001,-6.239e-003,+2.779e-001,-1.072e-001,-3.056e-002,-3.222e-001,-2.119e-001,+1.304e-001,+1.667e-001,+3.385e-001,-3.415e-001,-2.704e-001,+4.648e-001,-3.268e-001,+5.972e+000,-4.616e-001,+1.922e-001,-2.514e-001,-2.343e-001,-2.572e-001,+3.121e-001,+1.661e-001,+2.989e-002,+1.215e-001,+3.432e-001,-1.219e-001,-5.708e-001,+9.325e-001,-9.653e-002,-4.248e-003,+6.167e-001,-4.801e-001,-1.485e-001,-3.093e-001,+3.669e-002,-3.167e-001,-3.541e-001,+2.605e-001,-6.859e-001,+1.054e-001,-3.525e-001,+2.254e-002,-3.932e-001,-1.676e-001,+2.283e-001,+2.910e-001,+2.593e-001,-6.531e-002,-6.871e-001,-1.975e-001,-4.899e-001,+1.605e-001,+1.957e-001,-8.394e-002,-5.915e-001,+2.595e-002,-1.540e-002,+6.786e-001,-5.577e-003,+3.299e-001,+6.930e-002,-2.283e-001,+2.317e-001,-1.463e-001,-1.567e-002,+2.863e-002,+1.526e-001,-5.709e-002,-1.865e-001,-1.516e-001,-2.074e-002,-1.248e-002,+1.456e-001,-2.045e-001,-2.340e-001,-4.876e-001,+3.908e-001,-4.651e-002,+1.733e-001,+4.906e-001,+1.136e-001,-2.420e-001,-2.002e-001,-1.322e-001,-1.880e-002,+1.128e-001,+4.854e-001,+4.396e-001,-3.847e-001,-9.654e-002 },
  {-5.798e-001,-8.104e-002,+5.074e-001,+3.454e-002,+5.544e-001,+2.567e-001,+3.061e-001,-2.998e-001,-1.050e-001,+5.492e-002,-1.079e-002,-5.218e-001,+2.721e-001,-1.817e-001,-4.495e-001,-4.203e-002,-3.087e-001,+1.959e-002,+6.145e-002,+4.059e-001,+1.526e-001,+3.094e-001,+1.486e-001,-1.903e-001,-4.616e-001,+5.986e+000,-6.389e-001,-2.245e-001,+5.213e-001,+5.607e-001,+1.236e-001,-1.917e-001,+3.327e-001,-2.955e-001,+3.514e-001,+9.557e-002,-7.414e-002,+1.877e-001,+7.425e-002,-7.962e-002,+6.614e-002,-2.402e-001,-2.099e-003,-2.787e-001,+2.228e-002,+5.948e-001,+2.953e-001,-3.626e-001,+1.721e-002,-3.308e-001,-2.215e-001,-3.914e-001,+4.619e-001,-2.043e-001,+5.929e-001,+2.127e-001,+2.712e-001,-3.052e-002,+1.844e-001,-1.733e-001,-6.887e-003,-2.523e-001,-2.312e-001,+2.594e-001,-3.175e-001,-2.823e-001,+7.128e-002,-4.969e-001,-1.462e-001,+9.299e-002,-9.470e-002,+2.046e-001,+2.350e-001,+5.675e-004,+2.857e-001,+2.575e-001,-5.491e-001,-1.601e-001,+3.258e-001,-7.435e-001,-1.580e-001,-1.098e-001,+1.068e-001,-2.021e-001,+7.253e-001,+3.936e-001,-1.826e-001,+4.541e-001,+6.672e-001,+2.190e-001,-1.198e-001,+1.635e-001,+1.768e-001,-2.484e-001,+4.748e-001,+2.862e-001,+3.385e-002,-3.566e-001,-9.871e-002,-1.245e-001 },
  {+5.049e-001,-2.077e-001,-8.372e-002,+2.760e-001,-2.787e-001,+1.364e-001,-6.687e-002,+5.791e-002,-7.894e-002,+3.021e-002,+5.848e-001,+2.334e-001,-5.892e-002,+1.960e-001,-4.978e-001,-2.243e-001,+5.413e-002,-3.454e-001,+2.615e-001,+3.670e-001,+4.233e-002,+8.479e-001,-3.690e-001,-2.193e-001,+1.922e-001,-6.389e-001,+5.983e+000,-2.102e-002,+6.881e-002,+3.066e-002,+8.675e-002,+3.800e-002,+3.572e-001,+5.308e-001,+1.486e-001,+5.936e-001,+2.730e-001,+1.172e-001,-3.512e-001,-3.847e-003,+3.986e-001,-2.829e-001,+1.980e-001,-4.692e-001,-4.946e-001,-3.978e-001,-1.905e-001,+3.767e-001,+5.135e-002,-2.268e-001,-3.547e-001,+5.901e-002,+3.752e-001,+6.253e-001,+8.525e-003,-1.112e-002,+1.752e-001,+4.873e-001,+6.385e-002,-1.489e-001,-6.111e-002,+2.300e-001,+5.709e-001,+8.761e-002,-1.841e-001,-4.251e-001,+3.003e-001,+3.214e-001,+1.335e-001,-3.847e-001,-3.063e-002,+1.475e-002,-1.954e-001,+7.033e-001,-1.030e-001,+8.049e-002,+4.670e-001,-3.327e-001,+2.503e-001,+2.862e-001,-4.480e-002,-9.354e-002,-1.946e-001,+2.467e-001,+2.695e-002,-2.137e-001,-4.246e-002,-4.061e-001,+7.228e-001,+3.010e-001,+3.365e-001,+1.086e-002,+2.896e-001,-2.746e-001,-1.659e-002,-3.166e-001,-1.464e-001,-1.717e-001,+7.777e-001,-4.046e-001 },
  {+3.673e-001,+3.725e-001,-7.120e-001,-3.320e-001,-8.778e-002,-1.093e-001,+6.082e-001,+1.623e-001,-1.245e-001,+1.359e-001,-3.756e-002,-1.385e-002,-8.041e-001,+2.058e-001,+6.888e-002,-5.487e-002,-1.627e-001,-5.188e-001,-4.374e-001,-1.632e-002,+9.351e-002,+5.495e-001,-1.288e-002,-2.571e-001,-2.514e-001,-2.245e-001,-2.102e-002,+5.564e+000,-1.601e-001,+3.934e-001,-2.360e-001,+2.615e-001,-4.399e-001,-3.036e-001,+5.413e-001,+2.907e-001,-1.128e-001,-3.595e-002,-3.329e-001,+1.061e-001,+4.090e-001,+2.014e-001,-5.392e-001,-1.267e-001,+3.573e-001,+8.602e-002,-2.357e-001,-2.587e-001,+3.071e-001,+1.415e-001,+1.021e-001,+2.302e-001,-6.317e-001,+4.524e-001,+1.410e-001,+1.208e-001,+8.751e-001,+1.276e-001,-5.983e-001,-1.456e-001,+4.827e-002,+2.759e-001,+4.805e-001,-2.714e-001,+1.978e-002,+2.748e-001,+4.110e-001,+4.376e-001,+2.675e-001,-1.683e-001,-1.502e-001,+2.420e-001,-1.223e-002,+1.611e-001,+7.765e-001,-4.006e-002,-1.351e-001,+3.551e-001,-6.660e-001,-5.316e-001,-8.817e-002,+2.467e-002,-8.395e-002,-1.726e-001,+1.655e-001,+5.263e-002,-5.226e-001,+5.448e-002,-1.623e-001,+6.494e-002,+4.371e-001,-4.554e-001,-4.642e-001,+2.926e-001,-6.871e-002,-6.102e-001,+8.890e-002,-7.159e-002,+5.265e-001,-1.903e-001 },
  {-1.312e-001,+3.588e-002,-1.030e-001,+6.433e-001,-1.646e-001,+1.542e-001,+3.640e-001,-3.507e-001,-4.924e-001,-6.466e-002,-2.239e-001,+3.633e-001,+6.273e-002,-7.282e-001,+4.055e-001,+2.430e-002,+2.726e-001,+9.534e-002,-3.694e-001,-6.465e-002,+2.176e-001,-1.764e-001,+1.996e-001,-1.964e-001,-2.343e-001,+5.213e-001,+6.881e-002,-1.601e-001,+6.176e+000,+3.626e-001,+9.543e-002,+2.653e-001,-5.789e-002,+4.192e-001,+6.799e-003,+4.887e-001,-3.872e-001,-7.817e-002,+2.128e-001,-9.155e-002,-3.509e-001,-3.940e-003,+6.588e-002,-2.453e-001,+5.561e-001,+6.086e-002,-1.314e-001,-1.535e-001,+1.395e-001,+3.364e-001,+5.976e-002,-5.891e-002,+5.245e-002,+3.650e-001,-2.851e-001,+2.689e-001,-8.532e-002,+3.596e-001,+2.850e-002,+3.670e-001,+9.106e-001,-6.657e-002,+2.489e-001,+3.237e-001,-4.559e-001,+3.657e-003,+5.296e-001,-1.321e-001,-6.888e-002,-4.358e-002,+2.117e-001,-3.483e-001,+1.293e-001,-2.382e-001,-3.436e-001,+3.701e-001,+3.254e-001,+3.934e-002,-1.932e-001,+4.928e-001,-2.979e-001,+2.311e-001,+3.794e-001,+6.015e-002,+1.269e-001,-1.254e-001,-1.184e-001,+3.121e-002,-1.502e-001,-2.855e-001,-9.640e-003,+2.443e-001,+2.471e-001,-2.142e-001,-1.435e-001,-2.900e-001,+3.308e-002,+6.577e-001,-9.772e-002,+2.044e-001 },
