Answer of test tests\large2\large2-100-5.dat-s
[General Setting]
Primal solution:
[[ 0.04596449 -0.07430604 -0.01140905 ... -0.03436898 -0.02575538
   0.01459308]
 [-0.07430604  0.12111022  0.00844561 ...  0.05481836  0.03812359
  -0.01438048]
 [-0.01140905  0.00844561  0.10408212 ...  0.01604926  0.04196302
  -0.09689688]
 ...
 [-0.03436898  0.05481836  0.01604926 ...  0.02625696  0.02189932
  -0.01783783]
 [-0.02575538  0.03812359  0.04196302 ...  0.02189932  0.0269277
  -0.04094525]
 [ 0.01459308 -0.01438048 -0.09689688 ... -0.01783783 -0.04094525
   0.09056045]]
Dual solution:
0
Tr(CX) = 7.542630527543757
Primal and dual gap: 0
Number of iterations: 8069
Max error in symmetry of Q: 0
Maximum h bound: 0.05
Method name is: Physarum SDC modified (v.2)
Restart factor: 1000
Infeasibility: 7.673861546209082e-13
Time spent (seconds): 182.55774807929993
