SDPA start at [Tue Sep 07 12:42:36 2021]
param  is ./param.sdpa 
data   is G:\Research\PhysarumSDPSolver\SDPA\testSet\large2\large2-100-4.dat-s  : sparse
""Large randomly generated tests with n = 100 and m in [5,2]""
out    is G:\Research\PhysarumSDPSolver\SDPA\testSet\large2\large2-100-4.dat-s.res
NumThreads  is set as 1
Schur computation : DENSE 
   mu      thetaP  thetaD  objP      objD      alphaP  alphaD  beta 
 0 1.0e+004 1.0e+000 1.0e+000 -0.00e+000 -5.01e+004 9.1e-001 1.0e+000 2.00e-001
 1 1.8e+003 9.3e-002 9.6e-016 +3.37e-001 -6.31e+004 9.8e-001 1.6e+000 2.00e-001
 2 3.0e+002 1.5e-003 2.9e-015 +3.72e-001 -2.88e+004 1.0e+000 1.1e+000 2.00e-001
 3 4.6e+001 9.3e-018 1.2e-015 +3.25e-001 -4.64e+003 8.9e+001 9.8e-001 1.00e-001
 4 5.5e+000 9.3e-018 5.9e-016 -3.22e+000 -5.54e+002 9.9e-001 9.9e-001 1.00e-001
 5 6.2e-001 9.3e-018 4.4e-017 -3.03e+000 -6.47e+001 1.0e+000 9.4e-001 1.00e-001
 6 9.4e-002 1.9e-017 1.0e-017 -3.64e+000 -1.31e+001 2.1e+000 6.7e-001 1.00e-001
 7 3.7e-002 1.9e-017 1.1e-017 -3.73e+000 -7.43e+000 1.7e+000 8.9e-001 1.00e-001
 8 7.3e-003 1.9e-017 1.2e-017 -3.75e+000 -4.49e+000 1.2e+000 9.6e-001 1.00e-001
 9 1.0e-003 1.9e-017 1.1e-017 -3.76e+000 -3.86e+000 1.2e+000 9.8e-001 1.00e-001
10 1.2e-004 1.9e-017 6.1e-017 -3.76e+000 -3.77e+000 1.2e+000 1.0e+000 1.00e-001
11 1.2e-005 1.9e-017 1.9e-016 -3.76e+000 -3.76e+000 1.2e+000 1.0e+000 1.00e-001
12 1.2e-006 1.9e-017 1.6e-016 -3.76e+000 -3.76e+000 1.2e+000 1.0e+000 1.00e-001
13 1.3e-007 1.9e-017 5.9e-016 -3.76e+000 -3.76e+000 1.2e+000 1.0e+000 1.00e-001
14 1.3e-008 1.9e-017 1.5e-015 -3.76e+000 -3.76e+000 1.2e+000 1.0e+000 1.00e-001
15 1.3e-009 2.8e-017 6.2e-015 -3.76e+000 -3.76e+000 1.2e+000 1.0e+000 1.00e-001

phase.value  = pdOPT     
   Iteration = 15
          mu = +1.2511638969314731e-009
relative gap = +3.3297281358741850e-008
        gap  = +1.2511636349188393e-007
     digits  = +7.4775912241241800e+000
objValPrimal = -3.7575548604366338e+000
objValDual   = -3.7575549855529973e+000
p.feas.error = +2.6645352591003757e-015
d.feas.error = +1.5421619536937214e-010
total time   = 0.459637
** Paramters **
maxIteration = 100
epsilonStar  = +9.9999999999999995e-008
lambdaStar   = +1.0000000000000000e+002
omegaStar    = +2.0000000000000000e+000
lowerBound   = -1.0000000000000000e+005
upperBound   = +1.0000000000000000e+005
betaStar     = +1.0000000000000001e-001
betaBar      = +2.0000000000000001e-001
gammaStar    = +9.0000000000000002e-001
epsilonDash  = +9.9999999999999995e-008
xPrint       = %+8.3e 
XPrint       = %+8.3e 
YPrint       = %+8.3e 
infPrint     = %+10.16e 

                         Time(sec)  Ratio(% : MainLoop) 
 Predictor time  =       0.077256,  23.070928
 Corrector time  =       0.049411,  14.755587
 Make bMat time  =       0.051222,  15.296405
 Make bDia time  =       0.000000,  0.000000
 Make bF1  time  =       0.050209,  14.993893
 Make bF2  time  =       0.000000,  0.000000
 Make bF3  time  =       0.000000,  0.000000
 Make bPRE time  =       0.042208,  12.604558
 Make rMat time  =       0.008056,  2.405760
 Make gVec Mul   =       0.000000,  0.000000
 Make gVec time  =       0.000000,  0.000000
 Cholesky bMat   =       0.000000,  0.000000
 Ste Pre time    =       0.000000,  0.000000
 Ste Cor time    =       0.198711,  59.340984
 solve           =       0.000000,  0.000000
 sumDz           =       0.000000,  0.000000
 makedX          =       0.016726,  4.994879
 symmetriseDx    =       0.050663,  15.129471
 makedXdZ        =       0.067389,  20.124349
 xMatTime        =       0.008017,  2.394113
 zMatTime        =       0.001468,  0.438388
 invzMatTime     =       0.000000,  0.000000
 xMatzMatTime    =       0.000000,  0.000000
 EigxMatTime     =       0.098531,  29.424272
 EigzMatTime     =       0.100180,  29.916712
 EigxMatzMatTime =       0.000000,  0.000000
 updateRes       =       0.000000,  0.000000
 EigTime         =       0.198711,  59.340984
 sub_total_bMat  =       0.283641,  84.703595
 Main Loop       =       0.334863,  100.000000
 File Check      =       0.000000,  0.000000
 File Change     =       0.000000,  0.000000
 File Read       =       0.124774,  37.261208
 Total           =       0.459637,  137.261208

xVec = 
{+7.087e-003,+1.812e-003,+8.710e-004,-3.045e-003,+1.652e-003,+6.417e-003,+6.651e-004,+7.453e-004}
xMat = 
{
{ {+5.143e+000,-2.633e-001,+2.280e-001,+1.543e-001,+2.100e-001,-5.489e-001,+2.375e-001,+6.588e-002,-2.081e-001,-1.736e-001,+1.642e-001,-2.669e-001,-1.314e-001,-3.529e-001,+3.856e-002,-1.470e-001,-1.616e-001,-2.683e-001,+2.214e-001,+2.151e-001,+6.936e-002,+3.417e-001,-2.416e-001,+3.142e-001,-3.200e-001,-3.157e-001,+2.626e-001,-3.412e-001,+4.174e-001,+6.454e-002,+7.823e-002,-3.132e-001,-2.696e-001,+2.224e-001,-3.079e-001,-8.622e-002,+2.124e-002,-4.140e-002,-1.092e+000,+4.489e-001,+4.142e-001,-1.408e-001,+5.104e-001,-1.023e-002,-2.627e-001,+5.933e-001,-6.054e-002,-5.932e-001,-7.010e-002,-9.578e-002,-1.453e-001,-4.986e-002,+1.420e-001,-1.138e-001,+9.742e-002,+3.243e-001,-1.698e-001,+8.906e-001,-6.035e-002,+2.949e-001,+6.243e-001,+7.013e-002,+2.605e-003,+4.787e-001,+1.149e-001,+3.652e-001,+6.838e-002,-1.629e-001,-2.086e-001,-1.504e-001,-6.194e-001,+1.898e-001,+2.247e-001,+4.107e-001,-8.145e-002,-4.266e-001,-6.970e-001,-4.353e-001,+2.020e-001,-3.908e-001,-3.704e-001,+3.012e-001,+2.592e-001,-3.757e-002,-2.012e-001,-1.408e-001,+2.177e-001,+3.243e-002,+8.395e-001,+5.474e-001,+4.906e-001,-2.755e-001,+3.774e-001,+7.849e-002,-3.366e-001,-2.299e-001,-2.335e-001,-2.706e-001,+2.723e-001,+4.115e-001 },
  {-2.633e-001,+5.117e+000,-1.038e-001,+6.609e-001,+2.168e-002,+4.291e-002,+1.093e-001,+4.564e-002,-2.298e-001,+2.740e-001,+1.160e-001,+4.191e-001,-6.057e-002,-4.705e-003,+5.868e-001,-2.861e-001,+3.722e-001,+1.740e-001,-3.727e-001,-4.112e-001,+5.348e-001,-1.355e-001,-3.408e-001,+2.479e-001,+8.586e-002,+3.618e-001,-2.973e-001,-3.362e-001,+9.429e-002,+1.473e-001,-3.059e-001,-8.691e-001,+3.609e-001,+5.117e-002,+4.307e-002,+1.500e-001,-9.912e-002,-9.434e-002,+1.019e-001,-5.882e-005,+4.813e-002,+3.882e-001,+4.011e-001,+1.377e-001,-3.171e-001,-1.844e-001,+6.004e-001,-5.842e-001,+1.511e-001,+3.087e-002,-6.023e-001,+3.499e-001,-3.094e-001,-5.724e-001,+2.219e-001,+1.596e-001,-5.154e-003,-4.298e-001,-1.003e-001,+5.869e-002,-7.383e-002,-7.570e-002,+1.108e-001,-2.492e-001,-9.660e-002,-3.801e-001,+4.373e-002,+2.322e-001,-3.746e-001,-7.746e-002,+2.155e-002,+1.360e-001,+4.020e-001,+5.539e-001,-2.961e-001,-6.885e-002,+5.841e-001,+3.585e-001,+1.553e-001,+1.489e-001,+3.076e-002,-3.246e-001,-3.429e-001,-6.950e-001,+5.591e-002,-2.415e-001,-2.058e-001,-6.414e-001,+1.735e-001,-2.846e-001,-2.311e-001,-1.968e-001,+4.781e-001,-5.551e-002,-3.595e-001,-5.161e-001,+6.114e-002,+1.020e-001,-5.068e-001,-2.886e-001 },
  {+2.280e-001,-1.038e-001,+4.436e+000,-5.193e-001,+7.705e-002,+8.022e-002,-9.747e-002,-2.527e-001,+2.058e-001,-6.810e-002,-8.720e-004,+3.156e-001,-1.427e-001,+2.613e-002,+1.598e-001,+9.664e-002,-3.626e-001,+7.846e-002,+1.924e-001,-5.602e-001,+5.205e-002,+4.399e-001,+1.612e-001,-3.789e-002,+4.573e-001,+3.279e-001,+2.603e-001,+1.351e-001,+1.492e-001,-1.314e-001,+7.871e-002,+4.960e-002,+6.704e-002,+4.137e-002,+5.464e-002,-9.783e-003,+9.457e-002,+2.804e-001,+6.135e-002,-2.509e-001,+6.393e-002,+8.996e-002,+2.938e-002,-1.903e-002,-1.396e-001,+1.269e-001,-3.196e-001,+4.886e-001,+4.821e-001,-2.588e-001,+2.020e-001,+5.479e-003,-1.265e-001,-4.447e-001,+3.188e-001,-4.611e-001,-2.990e-001,+1.852e-001,-3.647e-001,+4.474e-001,-2.667e-001,-4.349e-001,-6.570e-002,-8.378e-002,+8.978e-002,-4.998e-001,-3.402e-001,+3.935e-002,+1.334e-001,-5.315e-001,+1.640e-002,-2.863e-001,-2.434e-001,+6.003e-001,+1.572e-001,+3.532e-002,+5.970e-002,+2.028e-001,+2.017e-001,+3.395e-001,-9.962e-002,+9.063e-002,-5.750e-001,+1.330e-001,-1.855e-002,-3.494e-001,-5.108e-002,-1.336e-001,-2.221e-001,-5.117e-001,+4.260e-001,-2.527e-002,+1.059e-001,-1.908e-002,+1.374e-001,+7.520e-002,-2.552e-002,-1.191e-002,+2.322e-001,-2.898e-002 },
  {+1.543e-001,+6.609e-001,-5.193e-001,+5.722e+000,+5.440e-001,-4.322e-001,-5.252e-002,-4.860e-001,+2.410e-002,-1.116e-001,-3.109e-001,-1.305e-001,+3.625e-001,+3.099e-001,-1.313e-001,+7.240e-001,+3.508e-001,-5.906e-001,-2.720e-001,+3.995e-001,+2.958e-001,+3.305e-001,-1.020e-001,+1.568e-001,-1.445e-001,+3.831e-001,-3.447e-002,-4.428e-001,-1.632e-001,+8.776e-001,+2.346e-002,-7.467e-002,+1.061e-001,+1.053e-001,+1.761e-001,+5.629e-001,+6.600e-001,-3.863e-001,-3.977e-002,+2.312e-001,+2.144e-001,-3.538e-001,+2.180e-001,+1.924e-001,+7.500e-001,-2.155e-001,+4.575e-001,-1.050e-001,+5.465e-001,-5.416e-001,-5.463e-002,+1.202e-001,-5.626e-003,-1.546e-001,-1.055e-001,+3.508e-002,-1.855e-001,+3.523e-001,+1.351e-002,+4.371e-001,+1.882e-001,-1.968e-001,-6.632e-001,-2.727e-001,-5.162e-001,+3.987e-001,-1.235e-001,+1.022e-001,-9.756e-003,+8.129e-002,+8.476e-002,-2.029e-001,+5.489e-001,-3.713e-001,-3.162e-001,-6.973e-002,-6.356e-002,+2.265e-001,-1.421e-001,+2.139e-001,-5.045e-001,-1.239e-001,-2.236e-001,-1.809e-001,+3.726e-001,-2.713e-002,+1.703e-001,+1.189e-001,+9.800e-002,+1.829e-001,-9.239e-002,+4.363e-001,-1.167e-001,+3.206e-002,-1.979e-001,-6.602e-001,+7.466e-003,-1.765e-001,-3.570e-002,+7.755e-003 },
  {+2.100e-001,+2.168e-002,+7.705e-002,+5.440e-001,+5.234e+000,-3.481e-001,+5.278e-001,+2.522e-001,+6.395e-002,-1.240e-001,-2.521e-001,-3.655e-001,+2.269e-001,-1.258e-001,-1.047e-001,-1.824e-001,+1.553e-001,-4.977e-001,+3.975e-002,-5.311e-002,+5.030e-002,+1.020e-001,+6.508e-002,+4.237e-001,+1.708e-001,+3.809e-002,+1.492e-001,-1.570e-001,-2.713e-001,+4.811e-001,+2.758e-001,+7.028e-002,+3.122e-001,+3.992e-001,+2.023e-001,+4.918e-001,-3.221e-001,+3.176e-001,-1.405e-001,-6.762e-002,+2.686e-001,-1.949e-002,+1.176e-001,+5.003e-001,+5.125e-002,-5.798e-001,-1.771e-001,-3.649e-001,+1.381e-001,-2.672e-001,+4.717e-002,+2.179e-001,+4.905e-001,-1.217e-001,-6.952e-002,-1.684e-002,-2.110e-001,-8.963e-001,+1.005e-001,+5.044e-001,-5.143e-001,+1.413e-001,-1.804e-001,+2.768e-001,-2.728e-001,-1.006e-001,+3.919e-001,+1.109e-001,+1.163e-001,+2.375e-001,+1.931e-001,-1.290e-001,-5.577e-001,+2.100e-001,-3.175e-002,+1.430e-001,+7.661e-002,-2.033e-001,+1.843e-002,+8.279e-001,-1.227e-001,-7.614e-001,-1.530e-001,+4.720e-001,+1.889e-001,-9.143e-002,-1.879e-001,-1.031e-001,-3.054e-002,+9.104e-002,-8.018e-001,+2.749e-001,+1.025e-002,+3.593e-001,+1.001e-001,-1.420e-001,-5.341e-001,+2.003e-001,+1.792e-001,-9.731e-002 },
  {-5.489e-001,+4.291e-002,+8.022e-002,-4.322e-001,-3.481e-001,+5.550e+000,+4.357e-001,-1.090e-001,-1.269e-001,-3.211e-001,+3.708e-001,+6.770e-001,+1.245e-001,+5.065e-001,-5.996e-001,+2.915e-001,-3.740e-001,-5.247e-001,+6.149e-001,-2.960e-001,-2.208e-002,+2.946e-001,+1.745e-001,-8.437e-001,+2.670e-001,+5.827e-001,-2.684e-001,-8.808e-001,-3.004e-001,-2.170e-001,-5.838e-002,-5.650e-002,-1.812e-001,+4.516e-001,-4.272e-001,-3.232e-001,-1.144e-001,+3.736e-001,-4.046e-002,+4.630e-001,+2.312e-002,-2.517e-001,+2.209e-002,+3.186e-001,-5.179e-001,-5.552e-001,-2.604e-001,-3.012e-001,+9.803e-002,+3.304e-001,-5.268e-002,-4.959e-003,+1.486e-001,+4.561e-002,-1.053e-001,-3.202e-001,-3.007e-001,+2.706e-001,-2.706e-002,-5.482e-002,-1.287e-001,-1.082e-001,+3.078e-001,-2.042e-001,-5.743e-002,+2.094e-001,+7.349e-002,+2.108e-001,-3.502e-001,+7.320e-001,-3.745e-001,-1.991e-001,-4.537e-001,+2.865e-001,+5.133e-002,+4.709e-002,-2.873e-002,-1.024e-001,-4.418e-002,-9.250e-002,-1.839e-002,+1.746e-001,+3.818e-001,-7.429e-001,+8.688e-002,-1.795e-001,-3.252e-001,+5.824e-001,+1.311e-001,-1.380e-001,+4.497e-001,-3.000e-001,-2.923e-001,+5.485e-001,-3.015e-001,+3.419e-001,-3.274e-001,-3.190e-001,+2.361e-001,-6.595e-001 },
  {+2.375e-001,+1.093e-001,-9.747e-002,-5.252e-002,+5.278e-001,+4.357e-001,+4.875e+000,+6.475e-002,-7.988e-001,+1.707e-001,+3.666e-001,-1.682e-001,-2.389e-001,+2.656e-001,+2.625e-001,+2.072e-002,+1.573e-001,-3.355e-003,-4.751e-001,-3.872e-001,-1.011e-001,-1.495e-001,+4.521e-001,-1.716e-001,+2.529e-001,-3.380e-001,-1.595e-001,-7.030e-002,+5.776e-002,-4.331e-001,-2.008e-001,+1.501e-001,-1.184e-001,+4.548e-001,-6.941e-001,+1.532e-001,-2.307e-001,+7.630e-002,+1.233e-001,-3.903e-001,-2.056e-001,+2.676e-001,+4.595e-001,-5.465e-001,-9.571e-002,-1.981e-001,-1.489e-001,-2.186e-001,-5.220e-001,+9.193e-002,-1.161e-001,-6.069e-002,+5.932e-002,+1.830e-001,+1.471e-002,-3.269e-001,+1.683e-002,-1.686e-001,-4.178e-001,+2.419e-001,-2.521e-001,+2.070e-002,+4.899e-002,+3.101e-001,+1.457e-001,+3.981e-001,+2.169e-001,-4.043e-001,-4.556e-002,-2.199e-001,+2.045e-001,+2.360e-002,+4.526e-001,+3.921e-001,+5.148e-001,+4.771e-001,+5.476e-002,-1.636e-001,-1.931e-001,+3.557e-001,+3.826e-002,-7.855e-002,+2.543e-001,-7.465e-001,-3.298e-001,-3.371e-001,+9.100e-002,+1.287e-001,+4.387e-001,+6.865e-002,+8.171e-002,+1.323e-001,-4.028e-001,+3.785e-001,-1.560e-001,+2.277e-001,+7.775e-002,-6.258e-001,+3.276e-001,-2.905e-001 },
  {+6.588e-002,+4.564e-002,-2.527e-001,-4.860e-001,+2.522e-001,-1.090e-001,+6.475e-002,+4.758e+000,+2.524e-001,-1.147e-001,+1.754e-002,+1.353e-002,+2.343e-003,-2.027e-001,-3.696e-001,-3.436e-001,+7.737e-002,+9.771e-002,-3.175e-001,-1.748e-003,-4.783e-001,-2.157e-001,+4.266e-002,-9.324e-002,+1.639e-001,+4.833e-003,-5.915e-001,+3.839e-001,-1.536e-003,+1.679e-001,+2.704e-001,+4.280e-001,-2.555e-001,-3.534e-001,+1.840e-002,-7.796e-001,-2.165e-001,+2.383e-001,+1.294e-002,-1.804e-001,+8.249e-002,+3.918e-001,-3.220e-001,-2.807e-001,-2.275e-001,-3.775e-001,+4.434e-001,-1.070e-001,+3.700e-001,+1.312e-001,+2.350e-002,+3.381e-002,+1.695e-001,+3.146e-001,-2.633e-001,+2.422e-001,-7.923e-002,-2.957e-001,+3.408e-002,-1.895e-001,-8.206e-002,-8.197e-001,-2.121e-001,-3.482e-002,-1.224e-001,+4.716e-001,-2.147e-001,-1.379e-002,+3.104e-001,-3.540e-001,+3.567e-001,+5.936e-001,+7.107e-001,-5.299e-001,+2.913e-002,-2.149e-001,-3.097e-001,-7.687e-002,-3.361e-001,+4.088e-001,-4.009e-001,-2.533e-001,-1.555e-001,-4.301e-002,-1.115e-001,-3.636e-001,-2.305e-001,-1.219e-001,-3.121e-002,-3.291e-001,-2.147e-001,+2.044e-001,+2.936e-001,-4.809e-001,+1.339e-001,+4.464e-001,+1.423e-001,-7.801e-002,+1.443e-001,+6.737e-002 },
  {-2.081e-001,-2.298e-001,+2.058e-001,+2.410e-002,+6.395e-002,-1.269e-001,-7.988e-001,+2.524e-001,+5.105e+000,+1.495e-001,-9.518e-002,-1.465e-001,+2.463e-001,-8.840e-002,-6.160e-002,-5.147e-001,-7.755e-001,-4.298e-001,-1.270e-001,+4.259e-001,-5.024e-003,-6.264e-002,-8.676e-002,-7.948e-001,+5.713e-001,-4.146e-001,-2.101e-001,+1.470e-001,+2.863e-001,-4.293e-003,-2.149e-001,+1.249e-001,+6.725e-002,+6.976e-002,+1.367e-001,+4.625e-002,+1.687e-001,-6.889e-002,-2.038e-001,+2.757e-001,+1.067e-001,+6.200e-001,+2.452e-001,-1.275e-001,-5.577e-002,-1.001e-001,+3.536e-001,-5.125e-002,+2.829e-001,+6.586e-002,-4.472e-002,-3.645e-001,+3.975e-001,-5.193e-001,-1.032e-001,+4.776e-001,+4.372e-001,-2.439e-001,+1.617e-001,+1.396e-001,-2.732e-002,-9.904e-002,-2.898e-001,-3.314e-001,+5.026e-001,+4.522e-002,+4.776e-001,-1.796e-001,-2.022e-002,+7.943e-002,-7.144e-001,+1.144e-001,+1.542e-001,+3.093e-001,-4.286e-001,-8.580e-003,-3.253e-002,-2.426e-002,-3.611e-001,+7.304e-001,+1.030e-001,-8.927e-003,-1.336e-001,+1.211e-001,-2.296e-001,-3.383e-001,+3.728e-001,-2.397e-001,-3.094e-001,-4.512e-001,-1.017e-001,+1.941e-001,+3.179e-001,-1.090e-001,+3.382e-001,-2.904e-002,-2.951e-001,+8.564e-002,-4.159e-001,+2.741e-001 },
  {-1.736e-001,+2.740e-001,-6.810e-002,-1.116e-001,-1.240e-001,-3.211e-001,+1.707e-001,-1.147e-001,+1.495e-001,+4.647e+000,+3.676e-002,+1.240e-001,-9.422e-002,+1.803e-001,+2.426e-001,-1.650e-001,+2.223e-001,-7.367e-001,-5.837e-001,-3.427e-001,+2.992e-001,-1.828e-001,+1.381e-001,-6.687e-002,+4.709e-002,+5.082e-002,-5.512e-002,+5.814e-001,-8.185e-001,+4.035e-001,+1.223e-001,-1.805e-001,-8.825e-002,-1.331e-001,-2.816e-001,+2.021e-001,+1.132e-001,+3.573e-001,+2.012e-002,-4.227e-001,+1.424e-001,-2.056e-001,-1.730e-001,+3.700e-001,+2.969e-001,+1.512e-002,+1.676e-001,+5.105e-001,-1.487e-001,+2.634e-002,-1.171e-001,+1.141e-002,-8.401e-002,+2.032e-001,-4.852e-002,-1.366e-001,-3.097e-001,-2.700e-001,-3.589e-001,-4.563e-001,-1.721e-001,+1.720e-001,+5.032e-002,-4.824e-001,+4.759e-001,-1.981e-001,+6.370e-002,-3.103e-001,-4.997e-001,-2.692e-001,-3.841e-001,-8.738e-002,+3.195e-001,-2.385e-001,+2.586e-001,-6.172e-002,-5.038e-001,+1.325e-001,-5.157e-001,+2.782e-001,+5.456e-001,+6.883e-001,-1.019e-001,+4.467e-002,+3.292e-001,-2.921e-001,+3.911e-001,+8.054e-002,-1.836e-001,+4.215e-001,-3.959e-001,-2.320e-001,+3.462e-001,+2.563e-001,-4.766e-001,-1.479e-002,-2.619e-001,+6.879e-001,+3.286e-001,+7.453e-002 },
  {+1.642e-001,+1.160e-001,-8.720e-004,-3.109e-001,-2.521e-001,+3.708e-001,+3.666e-001,+1.754e-002,-9.518e-002,+3.676e-002,+5.741e+000,-1.217e-001,+9.439e-002,-5.379e-002,+5.284e-001,-1.864e-002,+1.230e-001,-1.738e-001,+3.532e-001,-2.508e-001,-7.059e-001,-2.951e-002,-1.855e-002,+2.102e-001,-4.560e-001,-2.472e-001,+1.712e-001,-8.895e-002,-3.085e-001,+1.243e-001,+5.370e-003,-4.419e-001,+7.351e-002,-5.643e-002,-1.590e-001,-5.448e-002,-4.320e-001,-4.644e-001,+1.876e-001,-4.996e-002,-3.213e-001,+1.526e-001,+2.006e-001,+6.935e-002,+1.478e-001,+4.442e-001,-3.325e-002,+9.531e-002,+1.993e-001,+3.407e-001,+4.063e-001,-4.034e-001,+5.167e-002,+1.674e-001,-8.770e-001,+1.540e-001,-1.854e-001,+5.110e-001,+5.323e-001,-1.646e-001,+5.030e-001,-8.492e-002,+2.338e-001,+2.405e-001,-1.722e-001,+1.978e-001,-2.283e-001,-1.915e-002,+3.275e-001,-2.100e-001,-5.136e-001,-5.780e-001,+4.429e-001,+2.327e-001,+2.086e-001,-4.482e-001,+3.237e-001,-3.371e-001,+1.037e-001,-3.523e-001,+1.632e-001,-1.935e-001,-3.371e-001,+7.325e-002,-4.298e-001,-3.130e-001,+3.859e-001,-1.898e-001,+3.118e-001,+1.716e-001,-2.413e-001,-5.243e-002,+2.333e-002,+2.461e-001,-4.870e-001,+1.634e-001,-7.113e-002,+2.265e-001,+8.499e-003,-5.795e-001 },
  {-2.669e-001,+4.191e-001,+3.156e-001,-1.305e-001,-3.655e-001,+6.770e-001,-1.682e-001,+1.353e-002,-1.465e-001,+1.240e-001,-1.217e-001,+5.183e+000,-4.493e-001,-3.300e-001,-2.267e-001,+3.880e-001,-5.010e-001,-4.544e-001,+5.489e-002,-3.057e-001,-1.351e-001,-1.282e-001,-4.644e-001,-1.729e-001,+5.119e-002,+2.090e-001,-7.425e-003,+3.103e-001,-3.843e-002,+2.080e-001,-3.470e-001,+2.312e-001,+1.823e-001,-2.687e-001,+3.141e-001,+1.836e-001,+2.569e-003,-5.053e-001,-3.534e-001,+3.818e-001,-3.438e-001,-3.116e-001,+4.188e-001,-6.447e-001,+3.978e-002,+3.013e-001,+1.913e-001,+4.410e-001,+1.238e-001,-1.850e-001,-3.106e-001,-3.967e-002,+3.482e-001,+6.820e-003,-4.305e-001,+6.740e-002,-3.058e-001,+6.135e-001,-3.737e-001,-9.384e-002,-6.343e-001,-1.348e-001,+1.981e-001,-6.415e-001,-4.977e-003,-1.698e-001,-1.267e-001,+1.385e-002,-1.593e-001,+5.630e-002,+4.098e-001,+1.542e-002,+5.245e-001,+5.345e-002,-3.922e-001,+1.684e-002,+3.614e-002,+1.124e-001,+6.814e-002,-8.958e-003,-3.514e-001,-2.628e-003,+1.579e-001,+2.691e-001,+1.725e-001,+6.995e-002,-1.089e-001,-1.509e-001,+2.013e-002,-4.918e-001,+2.579e-001,+4.244e-001,-4.801e-002,-2.705e-001,+1.505e-001,-5.551e-001,+1.659e-001,-3.886e-001,-5.188e-002,+1.340e-001 },
  {-1.314e-001,-6.057e-002,-1.427e-001,+3.625e-001,+2.269e-001,+1.245e-001,-2.389e-001,+2.343e-003,+2.463e-001,-9.422e-002,+9.439e-002,-4.493e-001,+5.409e+000,+1.127e-002,-1.998e-001,-1.981e-001,+1.101e-001,+7.262e-002,+6.968e-001,+4.921e-001,-7.908e-002,-6.122e-004,+4.796e-001,+2.218e-001,+3.989e-001,+9.828e-002,-2.469e-001,+5.429e-001,+8.502e-001,-2.204e-001,-2.176e-001,+1.121e-001,-2.001e-001,+4.968e-002,-4.113e-001,+7.560e-002,-3.056e-001,+4.385e-002,+1.238e-001,+2.804e-002,+1.792e-001,-1.830e-001,-3.291e-001,+1.622e-001,-2.782e-002,+3.647e-002,+4.292e-001,+1.304e-002,-8.211e-002,+1.160e-001,+2.000e-001,-1.521e-001,-1.439e-001,-6.960e-001,+3.475e-001,-4.509e-001,-3.341e-001,-2.027e-001,-2.088e-001,+1.188e-001,+2.239e-001,+1.412e-001,-1.539e-001,-1.004e-001,+6.625e-002,+3.652e-001,+1.832e-001,-5.139e-002,-1.206e-001,+2.928e-001,-1.912e-001,-3.965e-001,-3.895e-001,-3.666e-001,+1.659e-001,+2.688e-001,-1.640e-001,-9.088e-003,-5.360e-001,+2.407e-001,-3.071e-001,+3.643e-001,+2.420e-001,+3.469e-001,-1.452e-002,-9.196e-002,+8.347e-002,+4.144e-001,-3.151e-001,+2.672e-001,-5.100e-001,+3.560e-004,-5.635e-001,+1.581e-002,+4.381e-001,+3.213e-002,-1.806e-001,-3.518e-002,+1.362e-001,+1.290e-001 },
  {-3.529e-001,-4.705e-003,+2.613e-002,+3.099e-001,-1.258e-001,+5.065e-001,+2.656e-001,-2.027e-001,-8.840e-002,+1.803e-001,-5.379e-002,-3.300e-001,+1.127e-002,+4.794e+000,-3.823e-001,+1.614e-001,+3.132e-001,+3.082e-001,+1.503e-001,+2.967e-001,-4.861e-001,-1.221e-002,+2.186e-001,+3.425e-001,+1.032e-001,-4.711e-002,-4.398e-001,-1.939e-001,+4.089e-001,-9.669e-002,+2.351e-001,+3.948e-002,-4.803e-002,+2.707e-001,-5.908e-002,-7.071e-001,+4.011e-002,-8.295e-004,+9.805e-003,+7.139e-002,-1.965e-001,-3.887e-001,-1.626e-001,+2.026e-002,+3.903e-001,+2.730e-001,-4.135e-002,-3.425e-001,-1.284e-001,-2.318e-001,+2.852e-001,-5.649e-002,-5.916e-001,+1.764e-001,-5.732e-001,+1.338e-001,-8.098e-002,-3.193e-001,-4.557e-001,-3.390e-001,-1.176e-001,+1.206e-001,+3.844e-001,-5.487e-001,-6.267e-001,+2.477e-001,+4.864e-001,-6.514e-002,+4.464e-001,-2.039e-001,-5.572e-001,+1.853e-001,-1.557e-001,-7.426e-002,-4.050e-001,+1.184e-001,+2.657e-001,+2.632e-001,-2.101e-001,-1.950e-001,+1.309e-001,-2.562e-001,-8.820e-002,+5.627e-002,+8.415e-002,-3.835e-001,-3.068e-001,+4.239e-001,+4.679e-003,+4.277e-001,-1.120e-001,+1.638e-002,+5.351e-002,+3.786e-001,+9.195e-002,-4.171e-001,-4.683e-002,-3.636e-001,+4.231e-001,+1.309e-001 },
  {+3.856e-002,+5.868e-001,+1.598e-001,-1.313e-001,-1.047e-001,-5.996e-001,+2.625e-001,-3.696e-001,-6.160e-002,+2.426e-001,+5.284e-001,-2.267e-001,-1.998e-001,-3.823e-001,+5.382e+000,+5.001e-001,+2.132e-001,-5.376e-001,-1.917e-001,-1.206e-001,-2.158e-001,-4.170e-002,-2.123e-001,+1.544e-002,-2.152e-002,+1.880e-001,-4.469e-001,+1.958e-002,+8.509e-002,+1.488e-001,+5.921e-002,+4.482e-002,-3.168e-001,+8.309e-001,+1.282e-002,-3.883e-001,-7.102e-001,+1.285e-001,+2.017e-001,+5.405e-001,-5.321e-001,+9.809e-002,+3.095e-001,-5.253e-002,-1.186e-002,+2.344e-001,+3.115e-001,-2.357e-002,+2.023e-001,+1.179e-001,-7.407e-001,+1.365e-001,-1.363e-001,+3.968e-001,+3.153e-001,+7.748e-002,+3.887e-001,+7.749e-001,-2.885e-001,-4.126e-001,+1.851e-001,+2.393e-001,+3.923e-001,-1.667e-001,-2.414e-002,-2.296e-001,-6.431e-001,+4.015e-002,-4.475e-001,-3.917e-001,+1.505e-001,-3.800e-002,+2.478e-001,+1.469e-001,-3.415e-001,+1.728e-001,+3.867e-001,+8.936e-003,+1.872e-001,+3.819e-001,-2.517e-001,-1.884e-001,+6.452e-001,-3.759e-001,-4.523e-001,-5.382e-002,+1.942e-001,+7.054e-001,-3.189e-001,-4.773e-001,-2.705e-001,+5.275e-001,+5.212e-001,+5.686e-001,+3.813e-002,+4.558e-001,+2.841e-001,+2.441e-002,+8.071e-002,-2.257e-001 },
  {-1.470e-001,-2.861e-001,+9.664e-002,+7.240e-001,-1.824e-001,+2.915e-001,+2.072e-002,-3.436e-001,-5.147e-001,-1.650e-001,-1.864e-002,+3.880e-001,-1.981e-001,+1.614e-001,+5.001e-001,+4.808e+000,+3.273e-001,-3.270e-003,-1.986e-001,-1.287e-001,-3.463e-001,+3.769e-001,+7.445e-002,+4.114e-001,-2.127e-001,-1.385e-001,+1.077e-001,+3.299e-002,+3.850e-001,+3.237e-001,-4.142e-001,-1.926e-001,-7.473e-001,+3.883e-001,+9.865e-002,+5.751e-002,+4.128e-001,-1.065e-001,-1.312e-001,-2.799e-001,+7.156e-002,-4.505e-001,-2.476e-001,+2.927e-001,-7.854e-002,-1.890e-001,-3.859e-001,+2.004e-001,+6.086e-002,-1.009e-001,+4.444e-001,-5.182e-002,+5.624e-002,+2.358e-001,-7.408e-003,-7.780e-002,-2.243e-001,+2.260e-001,-3.727e-001,+7.715e-001,+4.241e-001,-1.571e-001,-3.200e-001,+5.501e-001,-5.096e-002,-2.652e-001,+1.345e-002,+4.019e-001,+2.378e-001,-5.653e-002,+1.157e-001,+8.422e-002,+4.804e-001,-7.627e-003,-6.231e-002,-1.300e-002,+2.824e-001,-1.409e-002,-1.447e-002,+7.389e-003,-2.915e-001,-3.063e-001,-1.536e-001,-1.016e-001,-6.812e-002,-2.656e-001,+7.237e-001,+1.231e-001,+3.948e-002,-3.501e-001,+3.428e-002,-2.286e-001,-1.956e-001,+4.888e-001,+2.340e-001,+8.544e-002,+4.751e-001,-5.186e-001,-1.557e-001,+2.010e-001 },
  {-1.616e-001,+3.722e-001,-3.626e-001,+3.508e-001,+1.553e-001,-3.740e-001,+1.573e-001,+7.737e-002,-7.755e-001,+2.223e-001,+1.230e-001,-5.010e-001,+1.101e-001,+3.132e-001,+2.132e-001,+3.273e-001,+5.223e+000,+3.029e-001,-2.206e-001,+3.564e-001,+1.447e-001,+2.497e-001,-1.785e-002,+3.909e-001,-1.554e-001,-4.898e-001,+3.570e-001,-2.069e-001,+1.020e-001,+1.592e-001,+7.520e-002,+7.999e-002,+3.684e-001,+2.144e-001,+3.607e-001,-3.321e-001,-4.366e-002,-4.414e-001,+2.660e-001,+3.803e-001,+1.940e-001,-6.953e-002,+3.160e-002,+4.625e-002,-2.651e-002,+2.693e-001,-9.120e-002,-1.334e-001,+5.617e-001,-1.168e-001,-4.914e-002,-9.672e-003,+3.008e-002,-1.404e-001,+3.687e-001,-6.045e-001,-3.670e-001,-4.701e-001,-2.735e-001,+3.069e-001,+2.710e-002,-1.522e-003,-1.964e-001,-6.017e-001,-4.098e-001,+2.686e-001,-9.594e-002,-2.709e-002,+1.841e-001,-2.145e-001,-2.838e-001,-4.437e-003,+3.138e-001,+3.003e-002,+4.408e-001,+4.130e-001,+5.010e-002,-2.566e-001,+1.972e-002,+1.297e-001,-3.765e-002,-4.659e-001,+6.090e-001,-2.891e-002,-1.681e-002,-2.216e-001,-3.739e-001,-6.286e-002,-4.765e-001,-6.889e-002,-3.773e-001,-3.021e-001,+1.184e-001,-7.277e-001,+3.779e-001,+1.389e-001,+4.539e-001,-7.466e-002,-2.344e-002,+3.657e-001 },
  {-2.683e-001,+1.740e-001,+7.846e-002,-5.906e-001,-4.977e-001,-5.247e-001,-3.355e-003,+9.771e-002,-4.298e-001,-7.367e-001,-1.738e-001,-4.544e-001,+7.262e-002,+3.082e-001,-5.376e-001,-3.270e-003,+3.029e-001,+4.588e+000,+1.424e-002,-3.971e-001,-2.938e-001,+3.870e-001,+2.969e-001,+4.885e-001,-2.430e-001,+5.852e-002,-4.694e-001,+3.003e-001,+3.165e-003,-3.724e-001,-7.827e-002,-3.017e-001,+7.918e-002,+6.067e-002,-1.928e-001,-2.963e-001,+8.027e-002,-9.132e-001,+3.298e-001,-3.105e-001,-1.569e-001,-8.852e-002,-6.991e-002,+8.950e-002,+1.782e-001,+2.898e-002,-4.630e-001,-4.035e-001,-1.213e-001,+6.788e-001,+1.483e-001,+2.885e-001,+4.289e-001,-5.847e-001,+9.822e-002,-4.450e-001,+3.477e-001,+2.806e-002,-9.829e-003,-2.586e-001,-1.487e-001,+1.194e-001,-1.004e-001,+3.170e-001,-1.418e-001,+3.257e-002,+2.640e-001,+4.214e-001,+1.836e-001,-1.220e-001,+2.666e-001,-4.004e-001,+4.934e-001,+8.869e-002,+3.415e-001,+7.170e-002,-2.931e-001,-6.972e-001,+3.090e-001,-8.404e-002,+1.538e-001,-4.398e-001,+3.644e-003,-2.767e-001,-3.308e-001,-5.657e-001,-1.440e-001,-5.131e-001,+2.024e-002,-8.266e-001,+1.088e-001,+5.410e-002,+7.311e-002,+1.254e-001,+8.133e-001,-8.422e-003,-2.181e-001,-2.182e-001,-4.409e-001,+1.610e-001 },
  {+2.214e-001,-3.727e-001,+1.924e-001,-2.720e-001,+3.975e-002,+6.149e-001,-4.751e-001,-3.175e-001,-1.270e-001,-5.837e-001,+3.532e-001,+5.489e-002,+6.968e-001,+1.503e-001,-1.917e-001,-1.986e-001,-2.206e-001,+1.424e-002,+4.576e+000,-1.558e-001,+5.346e-002,-3.798e-002,+1.222e-001,-2.691e-001,-1.450e-001,+1.070e-001,+7.040e-002,-7.568e-002,-2.335e-001,-9.495e-002,+8.095e-002,-9.018e-002,+1.131e-001,-2.282e-002,+5.359e-002,-2.452e-001,-4.358e-001,-1.525e-002,+2.239e-001,-3.980e-002,+1.492e-001,+4.153e-001,-1.527e-001,-3.190e-001,-2.533e-001,-6.122e-001,-2.127e-002,+5.118e-003,-1.426e-001,+3.158e-001,-2.501e-001,-2.899e-001,-2.834e-001,+1.488e-001,+3.389e-001,+2.898e-001,+2.507e-003,+3.160e-001,+1.394e-001,-1.756e-001,-6.561e-002,-3.350e-001,+3.475e-001,-1.308e-002,+5.867e-003,-2.357e-001,+1.592e-001,-1.755e-001,+7.790e-001,+5.871e-001,+4.159e-002,+1.250e-001,+3.293e-001,+8.341e-002,-9.999e-002,-2.575e-001,+2.630e-001,+4.654e-001,+2.802e-002,+5.190e-002,-5.833e-002,-2.417e-001,+2.593e-001,-5.341e-001,-7.210e-003,+4.874e-001,+2.028e-001,+3.467e-001,+8.792e-002,-4.602e-001,-7.742e-001,-5.257e-003,-1.617e-001,+1.953e-001,+8.353e-002,+5.849e-002,-3.806e-001,+5.585e-001,+2.774e-001,+2.209e-002 },
  {+2.151e-001,-4.112e-001,-5.602e-001,+3.995e-001,-5.311e-002,-2.960e-001,-3.872e-001,-1.748e-003,+4.259e-001,-3.427e-001,-2.508e-001,-3.057e-001,+4.921e-001,+2.967e-001,-1.206e-001,-1.287e-001,+3.564e-001,-3.971e-001,-1.558e-001,+5.159e+000,-4.734e-001,+4.905e-002,-3.706e-001,-2.809e-001,-1.810e-001,+3.972e-001,-2.730e-002,-1.876e-001,+2.372e-001,-1.107e-001,+1.697e-001,-2.984e-001,-1.190e-001,+9.144e-003,+9.341e-002,-1.049e-001,-2.198e-002,-3.418e-001,-1.503e-001,+6.237e-001,+3.252e-001,-5.593e-001,+4.683e-001,-1.478e-001,-2.409e-001,+2.141e-001,-8.969e-002,+2.209e-001,-4.675e-002,-3.257e-002,-5.416e-002,+3.885e-001,+1.493e-001,-3.832e-001,+1.789e-001,-3.550e-001,+4.799e-001,-1.767e-001,-4.327e-002,+4.973e-001,+3.977e-001,+1.059e-001,+4.035e-001,-6.749e-002,+2.260e-001,+7.588e-002,-4.913e-001,-1.472e-001,-6.318e-002,+3.053e-001,-1.211e-001,+4.452e-001,+2.344e-001,+5.882e-001,+5.626e-001,-8.887e-002,+1.087e-001,+3.614e-001,-1.606e-001,+1.571e-003,-3.244e-004,-3.373e-001,+6.835e-002,-3.586e-001,+1.672e-001,+5.582e-001,-3.049e-001,-3.251e-001,+1.053e-003,-7.674e-002,+1.426e-001,-1.006e-001,+1.125e-002,+1.019e-001,-2.488e-001,-5.804e-001,-1.500e-001,+1.653e-001,+5.398e-001,-2.765e-002 },
  {+6.936e-002,+5.348e-001,+5.205e-002,+2.958e-001,+5.030e-002,-2.208e-002,-1.011e-001,-4.783e-001,-5.024e-003,+2.992e-001,-7.059e-001,-1.351e-001,-7.908e-002,-4.861e-001,-2.158e-001,-3.463e-001,+1.447e-001,-2.938e-001,+5.346e-002,-4.734e-001,+4.582e+000,+1.791e-001,-3.379e-001,-3.640e-001,-1.966e-001,+6.999e-002,+1.047e-002,-3.765e-001,+1.366e-001,-7.720e-001,+2.175e-001,-7.682e-001,-2.077e-002,-5.326e-002,-3.259e-001,+4.032e-001,-1.323e-001,-1.864e-001,-1.534e-001,-2.679e-001,+9.736e-001,+3.616e-001,-4.550e-001,+4.233e-001,-1.204e-001,+2.861e-002,-9.594e-002,-8.010e-002,-3.265e-001,-1.085e-001,-3.424e-001,+2.130e-002,+1.497e-001,-4.860e-001,+3.153e-001,+4.157e-001,-8.280e-002,+4.289e-001,-7.006e-002,+2.051e-001,-1.185e-002,+1.980e-001,+2.039e-001,-4.459e-001,-2.530e-001,-1.802e-001,-5.330e-001,+4.448e-001,-2.660e-001,+2.777e-001,-6.321e-002,+1.546e-001,-4.751e-001,+2.091e-001,-1.615e-001,+9.465e-002,+5.784e-002,-3.374e-002,-2.039e-001,+1.785e-001,+2.347e-001,-1.229e-001,+2.457e-001,+6.384e-001,-1.002e-001,-1.073e-001,+2.357e-001,-2.516e-001,+2.004e-001,+1.326e-001,-2.883e-001,+1.073e-002,-3.210e-001,+5.601e-001,-2.810e-002,-2.776e-001,-5.851e-003,-3.776e-002,-2.121e-001,+1.401e-001 },
  {+3.417e-001,-1.355e-001,+4.399e-001,+3.305e-001,+1.020e-001,+2.946e-001,-1.495e-001,-2.157e-001,-6.264e-002,-1.828e-001,-2.951e-002,-1.282e-001,-6.122e-004,-1.221e-002,-4.170e-002,+3.769e-001,+2.497e-001,+3.870e-001,-3.798e-002,+4.905e-002,+1.791e-001,+4.947e+000,-6.857e-002,+9.035e-002,+1.355e-001,-2.166e-001,-3.609e-001,-1.296e-001,+7.316e-001,-3.213e-001,+1.467e-002,+1.628e-001,+1.243e-001,+1.553e-001,-4.031e-001,-2.203e-001,+3.016e-001,+1.082e-001,-4.600e-002,-3.351e-001,+3.696e-001,-4.184e-001,-2.952e-001,-2.451e-001,-4.824e-001,+1.271e-001,+2.412e-002,+1.194e-001,+3.829e-001,-6.944e-002,+1.491e-002,+5.022e-001,+1.951e-002,+9.211e-002,-3.364e-001,-8.064e-002,-6.238e-002,+3.024e-001,+1.630e-001,+1.985e-001,+4.181e-001,-3.178e-001,+1.366e-001,+1.537e-001,-1.962e-001,+1.351e-001,-3.015e-001,-4.679e-002,-3.119e-001,-1.633e-001,+4.453e-001,-1.372e-001,-8.689e-001,-2.736e-001,+3.891e-001,-5.537e-002,+2.222e-001,-1.354e-001,-6.128e-001,-1.849e-001,-2.270e-001,+2.303e-001,-3.686e-001,+1.499e-001,-3.466e-001,+1.768e-001,+3.722e-001,-2.902e-001,+3.978e-001,-3.585e-001,-1.828e-002,+3.695e-001,-2.513e-001,-7.069e-001,-2.151e-001,-2.494e-001,+2.485e-001,-5.217e-001,+5.418e-001,-5.340e-001 },
  {-2.416e-001,-3.408e-001,+1.612e-001,-1.020e-001,+6.508e-002,+1.745e-001,+4.521e-001,+4.266e-002,-8.676e-002,+1.381e-001,-1.855e-002,-4.644e-001,+4.796e-001,+2.186e-001,-2.123e-001,+7.445e-002,-1.785e-002,+2.969e-001,+1.222e-001,-3.706e-001,-3.379e-001,-6.857e-002,+4.742e+000,+3.166e-001,+1.121e-002,-3.836e-001,+2.596e-001,+3.164e-001,+1.132e-001,-4.547e-001,+4.261e-001,-4.057e-001,-2.037e-001,-5.303e-002,+3.413e-001,+1.001e-001,+5.576e-002,-7.692e-001,-3.915e-001,-4.858e-003,-3.289e-001,-2.971e-001,+1.712e-001,-8.936e-002,+4.422e-001,+1.303e-001,+4.119e-001,+1.536e-001,-4.691e-001,-6.379e-001,-1.888e-002,-1.094e-001,+8.500e-003,-2.120e-001,-4.264e-001,-2.255e-001,-2.846e-001,+3.433e-002,+1.341e-001,-8.519e-002,-2.396e-001,+5.383e-001,-5.930e-001,-2.151e-001,-7.074e-002,-2.794e-001,-2.974e-001,+2.296e-001,+4.226e-002,+2.612e-001,+6.393e-001,+7.598e-002,+2.154e-001,+1.343e-001,+2.730e-001,-1.263e-001,+1.087e-001,-1.955e-001,-7.610e-001,+4.063e-001,+3.972e-002,-1.771e-001,+1.052e-001,-4.027e-001,-1.437e-001,-4.073e-001,-5.475e-001,+1.996e-001,+3.359e-001,+4.355e-001,-1.513e-001,+2.816e-001,-4.493e-001,-1.675e-001,-3.986e-002,-1.278e-001,-6.463e-002,+5.366e-001,+2.177e-001,+1.413e-001 },
  {+3.142e-001,+2.479e-001,-3.789e-002,+1.568e-001,+4.237e-001,-8.437e-001,-1.716e-001,-9.324e-002,-7.948e-001,-6.687e-002,+2.102e-001,-1.729e-001,+2.218e-001,+3.425e-001,+1.544e-002,+4.114e-001,+3.909e-001,+4.885e-001,-2.691e-001,-2.809e-001,-3.640e-001,+9.035e-002,+3.166e-001,+5.173e+000,-2.126e-001,+1.978e-001,+2.366e-001,-4.147e-002,-1.293e-001,+4.303e-002,-5.801e-002,-2.395e-001,-3.462e-001,-1.483e-001,-2.728e-002,-3.423e-001,+1.449e-001,+3.643e-002,+2.524e-001,+2.651e-001,+2.736e-001,-3.473e-001,-3.273e-001,-1.445e-001,+4.248e-002,-2.619e-003,-5.244e-002,-4.668e-001,+1.980e-001,+3.551e-002,-8.492e-001,-4.746e-001,-3.229e-001,-1.479e-001,+2.576e-002,-1.603e-002,+2.018e-001,-3.837e-001,-1.828e-001,+1.819e-001,-3.046e-001,+2.566e-001,-8.463e-002,-2.081e-001,-2.140e-001,+2.986e-001,+1.336e-002,-1.283e-002,-4.942e-001,+4.300e-001,+2.015e-001,+3.811e-002,+2.891e-001,+4.430e-001,-1.793e-002,-5.332e-001,+4.898e-001,-1.720e-001,+1.947e-001,-1.251e-001,+1.301e-002,-1.386e-001,-3.025e-001,+9.736e-002,-4.713e-001,+6.072e-001,+6.654e-002,-2.130e-001,+6.997e-001,-2.138e-001,+7.442e-001,-5.068e-001,-3.560e-001,-3.889e-001,+3.590e-002,-2.603e-001,+2.719e-001,+5.315e-002,+9.907e-002,+5.532e-002 },
  {-3.200e-001,+8.586e-002,+4.573e-001,-1.445e-001,+1.708e-001,+2.670e-001,+2.529e-001,+1.639e-001,+5.713e-001,+4.709e-002,-4.560e-001,+5.119e-002,+3.989e-001,+1.032e-001,-2.152e-002,-2.127e-001,-1.554e-001,-2.430e-001,-1.450e-001,-1.810e-001,-1.966e-001,+1.355e-001,+1.121e-002,-2.126e-001,+4.607e+000,-3.337e-001,+2.683e-001,-5.506e-001,+1.425e-001,-6.616e-001,-1.291e-001,-3.085e-001,+3.246e-001,+3.321e-001,+2.291e-001,+3.628e-001,+4.383e-002,-2.597e-001,+2.325e-001,-3.208e-001,+5.434e-001,-4.963e-001,-2.027e-001,-1.470e-001,+2.209e-001,+8.321e-002,-1.820e-001,-7.762e-001,-1.726e-001,+7.148e-001,+5.861e-001,-2.335e-001,-2.420e-001,-3.242e-002,+3.249e-001,-2.872e-001,-4.988e-002,+8.168e-002,-1.433e-001,-4.141e-001,-5.927e-001,+1.697e-001,-2.466e-001,-4.598e-001,+4.364e-002,+9.920e-002,+4.023e-001,-2.444e-002,+4.547e-003,+1.065e-001,-1.282e-001,+1.243e-001,-1.621e-001,+2.767e-001,+1.733e-001,+1.163e-002,+2.157e-001,+4.271e-002,+5.252e-002,-1.923e-001,+2.885e-001,-2.515e-001,-1.564e-001,+6.470e-002,+7.563e-002,-5.717e-002,-7.936e-002,-1.181e-001,+6.602e-002,-4.870e-001,-1.345e-001,+1.729e-001,-5.321e-001,+2.482e-001,-4.695e-001,-4.875e-001,+4.871e-001,-1.779e-001,-2.912e-002,-1.676e-003 },
  {-3.157e-001,+3.618e-001,+3.279e-001,+3.831e-001,+3.809e-002,+5.827e-001,-3.380e-001,+4.833e-003,-4.146e-001,+5.082e-002,-2.472e-001,+2.090e-001,+9.828e-002,-4.711e-002,+1.880e-001,-1.385e-001,-4.898e-001,+5.852e-002,+1.070e-001,+3.972e-001,+6.999e-002,-2.166e-001,-3.836e-001,+1.978e-001,-3.337e-001,+5.829e+000,-2.537e-001,-4.244e-001,+3.464e-001,+8.165e-002,-9.106e-001,+2.671e-001,+7.100e-004,-2.070e-003,+1.748e-001,+3.077e-001,-4.060e-001,+7.391e-001,+2.338e-001,-2.962e-002,-3.412e-001,-1.655e-001,+1.939e-001,+4.165e-002,-4.343e-001,-6.474e-002,+4.213e-002,-7.684e-001,-4.595e-002,-4.444e-002,-7.545e-002,+3.589e-001,+3.137e-001,+5.278e-001,-7.245e-002,-2.153e-001,+4.688e-002,-3.060e-001,+2.353e-001,+3.706e-001,-7.696e-001,+4.443e-001,-1.265e-001,-4.082e-001,+1.841e-001,-4.209e-001,-1.868e-001,+6.500e-002,+1.232e-001,+1.036e-001,-3.371e-001,-5.173e-001,-5.508e-002,+4.965e-001,+9.979e-003,+4.573e-001,+1.370e-001,-1.265e-001,-1.132e-001,-1.450e-001,-3.475e-001,-2.005e-001,+2.410e-001,-1.481e-001,-2.022e-001,-2.681e-002,+4.611e-002,-3.010e-001,-2.177e-001,+1.213e-001,-2.813e-002,+4.149e-001,+2.706e-001,+3.832e-001,-1.194e-001,+1.705e-001,+1.274e-001,-3.143e-001,-6.341e-002,+2.502e-002 },
  {+2.626e-001,-2.973e-001,+2.603e-001,-3.447e-002,+1.492e-001,-2.684e-001,-1.595e-001,-5.915e-001,-2.101e-001,-5.512e-002,+1.712e-001,-7.425e-003,-2.469e-001,-4.398e-001,-4.469e-001,+1.077e-001,+3.570e-001,-4.694e-001,+7.040e-002,-2.730e-002,+1.047e-002,-3.609e-001,+2.596e-001,+2.366e-001,+2.683e-001,-2.537e-001,+4.580e+000,-4.073e-001,+1.161e-002,+2.593e-002,+6.110e-002,+2.414e-001,-1.345e-001,-1.628e-001,-3.490e-001,-8.937e-002,+3.233e-002,-2.928e-001,+1.766e-001,+5.455e-002,-3.448e-001,+8.815e-002,-3.372e-002,-1.303e-001,-1.458e-001,+3.396e-001,-9.470e-002,+7.396e-002,-4.843e-001,+5.343e-005,+9.112e-001,-6.126e-001,+5.331e-001,+9.142e-002,+2.538e-001,-4.198e-001,+3.232e-001,+4.823e-002,+3.301e-001,-6.408e-002,-8.359e-002,+1.571e-001,-3.019e-001,-3.180e-001,+1.326e-001,+2.342e-002,+6.802e-001,+1.474e-002,+1.046e-001,+8.523e-002,+5.680e-002,+2.532e-001,+9.863e-003,-1.714e-001,+2.242e-001,+5.292e-001,+2.339e-001,-1.951e-002,-6.541e-002,-1.468e-001,+2.963e-001,-1.965e-001,+3.462e-001,-6.516e-001,-1.750e-004,+1.337e-001,-1.421e-001,-2.418e-001,-1.534e-002,-1.152e-001,+3.683e-001,-1.148e-001,+6.172e-001,-1.737e-001,-3.370e-001,-4.182e-001,-1.070e-001,+1.669e-001,-9.344e-002,+2.807e-001 },
  {-3.412e-001,-3.362e-001,+1.351e-001,-4.428e-001,-1.570e-001,-8.808e-001,-7.030e-002,+3.839e-001,+1.470e-001,+5.814e-001,-8.895e-002,+3.103e-001,+5.429e-001,-1.939e-001,+1.958e-002,+3.299e-002,-2.069e-001,+3.003e-001,-7.568e-002,-1.876e-001,-3.765e-001,-1.296e-001,+3.164e-001,-4.147e-002,-5.506e-001,-4.244e-001,-4.073e-001,+4.650e+000,+3.553e-001,+3.637e-002,+2.999e-001,-1.931e-001,-3.246e-001,+2.296e-001,+8.754e-001,-3.131e-001,+2.397e-001,+3.028e-001,-2.401e-001,+1.427e-001,+2.560e-001,+2.283e-001,-2.309e-001,-3.352e-001,-3.033e-001,-8.061e-002,-3.386e-001,-2.368e-002,-5.047e-001,-3.366e-001,-5.570e-001,+3.996e-001,-1.600e-001,+1.968e-001,-4.678e-001,+1.770e-001,-2.114e-001,-4.514e-001,+1.020e-002,+9.697e-002,-1.523e-002,+7.150e-002,-4.368e-001,+2.414e-001,+1.524e-001,-2.552e-001,+6.821e-002,+1.072e-001,+1.967e-001,+8.261e-002,+5.325e-002,+4.202e-001,+1.682e-001,+1.067e-001,+7.771e-002,-1.291e-001,+9.437e-002,+7.803e-003,-5.020e-002,+2.949e-001,+7.267e-001,-7.041e-001,-3.702e-001,-3.449e-001,-1.151e-001,+1.947e-001,+3.133e-001,+5.833e-001,-3.256e-001,+5.931e-003,+1.201e-001,-2.523e-001,+2.837e-001,-1.473e-001,-1.013e-001,-4.319e-001,-6.149e-001,-1.668e-001,-3.096e-001,+5.073e-001 },
  {+4.174e-001,+9.429e-002,+1.492e-001,-1.632e-001,-2.713e-001,-3.004e-001,+5.776e-002,-1.536e-003,+2.863e-001,-8.185e-001,-3.085e-001,-3.843e-002,+8.502e-001,+4.089e-001,+8.509e-002,+3.850e-001,+1.020e-001,+3.165e-003,-2.335e-001,+2.372e-001,+1.366e-001,+7.316e-001,+1.132e-001,-1.293e-001,+1.425e-001,+3.464e-001,+1.161e-002,+3.553e-001,+5.199e+000,+2.012e-002,-4.407e-001,-2.134e-001,-1.129e-001,+1.186e-001,+2.706e-002,-4.856e-001,+1.481e-001,+1.436e-001,-6.265e-001,+3.267e-001,-3.479e-001,+2.102e-001,+2.758e-001,-4.139e-002,-3.796e-001,-1.450e-001,+1.217e-001,-1.115e-001,-3.042e-001,-3.391e-001,+4.688e-001,+2.097e-001,+4.369e-002,-2.872e-001,-5.348e-002,-2.752e-002,-3.687e-001,+6.565e-003,-1.724e-001,+8.377e-002,+5.519e-001,+7.838e-002,+4.131e-001,+6.332e-001,+1.569e-001,+7.619e-002,-4.804e-001,-8.635e-001,+9.567e-002,+4.260e-002,+1.674e-002,+4.734e-001,-1.225e-001,+6.600e-002,-1.046e-001,+4.298e-001,+1.709e-002,+1.488e-001,-2.564e-001,+7.240e-002,-4.594e-001,+2.363e-001,+3.663e-001,+7.392e-002,+6.389e-002,-3.856e-001,-1.471e-001,-2.922e-001,+5.757e-001,-1.303e-001,+4.658e-002,+2.245e-001,-5.568e-001,+2.060e-001,+3.538e-001,+1.139e-001,+2.946e-001,-1.884e-002,-7.036e-001,+1.368e-001 },
