SDPA start at [Tue Sep 07 12:42:39 2021]
param  is ./param.sdpa 
data   is G:\Research\PhysarumSDPSolver\SDPA\testSet\large2\large2-100-7.dat-s  : sparse
""Large randomly generated tests with n = 100 and m in [5,2]""
out    is G:\Research\PhysarumSDPSolver\SDPA\testSet\large2\large2-100-7.dat-s.res
NumThreads  is set as 1
Schur computation : DENSE 
   mu      thetaP  thetaD  objP      objD      alphaP  alphaD  beta 
 0 1.0e+004 1.0e+000 1.0e+000 -0.00e+000 -5.28e+004 9.1e-001 1.0e+000 2.00e-001
 1 1.8e+003 9.2e-002 1.8e-015 +4.60e-001 -6.63e+004 9.9e-001 1.6e+000 2.00e-001
 2 3.0e+002 1.3e-003 1.8e-015 +4.59e-001 -2.88e+004 1.0e+000 1.1e+000 2.00e-001
 3 4.6e+001 9.3e-018 2.0e-015 +4.12e-001 -4.58e+003 8.2e+001 9.8e-001 1.00e-001
 4 5.4e+000 9.3e-018 4.1e-016 -2.47e+000 -5.40e+002 9.9e-001 9.9e-001 1.00e-001
 5 6.0e-001 9.3e-018 7.1e-017 -2.32e+000 -6.20e+001 1.0e+000 9.4e-001 1.00e-001
 6 9.0e-002 9.3e-018 7.1e-018 -2.86e+000 -1.19e+001 8.2e-001 8.4e-001 1.00e-001
 7 2.2e-002 1.9e-017 1.2e-017 -2.99e+000 -5.23e+000 1.0e+000 8.9e-001 1.00e-001
 8 4.3e-003 1.9e-017 1.8e-017 -3.03e+000 -3.46e+000 1.0e+000 9.8e-001 1.00e-001
 9 4.9e-004 1.9e-017 7.1e-018 -3.03e+000 -3.08e+000 1.1e+000 1.0e+000 1.00e-001
10 5.1e-005 1.9e-017 8.9e-018 -3.03e+000 -3.04e+000 1.1e+000 1.0e+000 1.00e-001
11 5.1e-006 1.9e-017 3.9e-017 -3.03e+000 -3.04e+000 1.1e+000 1.0e+000 1.00e-001
12 5.1e-007 1.9e-017 3.6e-017 -3.03e+000 -3.03e+000 1.1e+000 1.0e+000 1.00e-001
13 5.1e-008 1.9e-017 1.4e-016 -3.03e+000 -3.03e+000 1.1e+000 1.0e+000 1.00e-001
14 5.1e-009 1.9e-017 2.6e-016 -3.03e+000 -3.03e+000 9.0e-001 9.0e-001 1.00e-001

phase.value  = pdFEAS    
   Iteration = 14
          mu = +5.1401169476328333e-009
relative gap = +1.6937686602143556e-007
        gap  = +5.1401171585752081e-007
     digits  = +6.7711459071418236e+000
objValPrimal = -3.0347218271332466e+000
objValDual   = -3.0347223411449624e+000
p.feas.error = +1.7763568394002505e-015
d.feas.error = +4.2064129956997931e-012
total time   = 0.890575
** Paramters **
maxIteration = 100
epsilonStar  = +9.9999999999999995e-008
lambdaStar   = +1.0000000000000000e+002
omegaStar    = +2.0000000000000000e+000
lowerBound   = -1.0000000000000000e+005
upperBound   = +1.0000000000000000e+005
betaStar     = +1.0000000000000001e-001
betaBar      = +2.0000000000000001e-001
gammaStar    = +9.0000000000000002e-001
epsilonDash  = +9.9999999999999995e-008
xPrint       = %+8.3e 
XPrint       = %+8.3e 
YPrint       = %+8.3e 
infPrint     = %+10.16e 

                         Time(sec)  Ratio(% : MainLoop) 
 Predictor time  =       0.182193,  24.864414
 Corrector time  =       0.132711,  18.111460
 Make bMat time  =       0.082787,  11.298185
 Make bDia time  =       0.000000,  0.000000
 Make bF1  time  =       0.074784,  10.205992
 Make bF2  time  =       0.000000,  0.000000
 Make bF3  time  =       0.000000,  0.000000
 Make bPRE time  =       0.066591,  9.087869
 Make rMat time  =       0.008547,  1.166434
 Make gVec Mul   =       0.000000,  0.000000
 Make gVec time  =       0.016062,  2.192028
 Cholesky bMat   =       0.000000,  0.000000
 Ste Pre time    =       0.000000,  0.000000
 Ste Cor time    =       0.392599,  53.579139
 solve           =       0.000000,  0.000000
 sumDz           =       0.000519,  0.070829
 makedX          =       0.008082,  1.102974
 symmetriseDx    =       0.198907,  27.145423
 makedXdZ        =       0.207508,  28.319227
 xMatTime        =       0.008616,  1.175851
 zMatTime        =       0.000529,  0.072194
 invzMatTime     =       0.000000,  0.000000
 xMatzMatTime    =       0.000000,  0.000000
 EigxMatTime     =       0.169256,  23.098864
 EigzMatTime     =       0.223343,  30.480276
 EigxMatzMatTime =       0.000000,  0.000000
 updateRes       =       0.008002,  1.092056
 EigTime         =       0.392599,  53.579139
 sub_total_bMat  =       0.649959,  88.701815
 Main Loop       =       0.732746,  100.000000
 File Check      =       0.000000,  0.000000
 File Change     =       0.000000,  0.000000
 File Read       =       0.157829,  21.539387
 Total           =       0.890575,  121.539387

xVec = 
{+2.892e-003,-1.325e-003,-4.052e-003,+5.555e-003,+2.205e-003,+6.174e-004,-5.172e-003,+2.404e-003,+2.797e-003}
xMat = 
{
{ {+4.834e+000,-3.075e-002,+3.372e-001,+1.569e-001,-1.154e-001,-2.268e-001,-3.807e-001,+1.553e-001,-3.527e-001,-1.976e-001,+1.217e-001,+3.003e-001,-1.617e-001,-1.946e-002,+3.612e-001,-4.194e-001,+3.923e-002,+8.248e-001,+1.986e-001,-3.213e-001,-5.693e-001,-4.572e-001,+2.179e-001,+7.151e-001,+1.730e-001,-4.299e-001,+1.259e-001,-4.964e-001,-4.008e-001,-2.279e-001,+1.570e-001,-3.357e-002,+8.770e-002,+4.978e-001,-4.351e-001,+2.708e-001,+5.508e-001,+7.927e-001,-4.037e-002,+2.656e-001,-1.194e-001,+3.596e-001,+6.992e-002,+5.474e-001,-5.037e-001,+7.765e-001,+1.994e-001,+4.622e-001,-3.732e-001,+7.156e-002,+2.894e-002,+2.712e-001,-4.405e-001,+2.914e-001,+4.210e-001,-1.204e-001,+5.943e-001,-3.966e-001,-6.865e-001,+5.803e-001,+4.983e-001,+4.122e-001,-7.788e-002,-3.444e-001,-9.562e-002,-4.457e-001,-5.381e-001,+2.432e-001,+6.238e-002,+4.816e-001,-5.625e-001,-1.522e-001,-2.603e-002,-1.325e-001,+3.075e-001,+4.178e-001,-3.114e-001,-4.190e-001,+2.769e-002,-7.626e-002,-1.540e-001,+1.500e-002,+3.655e-001,+2.967e-001,-2.344e-001,-5.531e-001,+3.326e-001,-7.426e-002,+1.240e-002,+2.218e-001,+2.896e-001,+3.637e-001,+3.705e-001,+5.309e-001,-6.581e-001,-7.703e-001,+3.454e-001,+1.572e-001,+7.176e-002,+1.048e-001 },
  {-3.075e-002,+5.430e+000,+2.856e-001,-7.904e-002,-2.162e-001,+4.908e-001,+4.822e-001,-3.425e-001,-3.775e-001,+3.070e-001,+1.833e-002,-3.319e-001,+5.909e-001,-2.847e-001,-1.739e-001,+4.485e-001,+4.158e-001,+1.072e-001,-3.242e-001,+4.487e-001,-6.806e-001,-1.557e-001,+5.125e-001,-2.809e-002,-2.282e-002,+3.286e-001,-8.929e-001,+2.787e-001,+2.842e-001,+4.438e-001,-2.395e-001,-4.687e-002,+3.291e-001,-3.401e-001,-4.071e-001,-2.889e-001,+5.527e-001,-1.059e-002,+2.783e-001,+2.881e-001,+9.813e-002,-2.757e-003,-2.045e-001,-2.033e-001,-3.731e-001,-8.093e-002,+1.875e-001,+2.366e-001,-9.740e-002,+2.024e-001,-1.811e-002,-1.057e-001,+4.853e-001,+1.155e-001,-1.433e-001,-5.446e-002,-7.098e-002,+1.539e-001,-3.094e-001,-4.615e-003,+1.388e-001,+1.489e-001,+3.270e-001,+1.730e-001,+1.180e-001,-3.303e-001,-3.487e-001,+3.699e-001,+1.464e-001,-1.234e-001,+1.081e-001,+6.679e-002,-6.371e-002,+1.992e-001,+5.176e-001,-8.203e-002,+1.715e-001,-3.401e-001,-1.761e-001,-5.811e-001,+5.928e-002,-1.285e-001,-9.972e-002,-5.341e-002,+1.714e-001,+5.726e-001,-1.419e-001,-4.167e-001,-6.109e-001,+3.174e-002,+1.886e-001,+6.145e-001,+1.128e-001,+4.548e-001,+7.210e-002,+2.057e-001,-7.282e-001,+1.287e-001,+3.671e-001,-3.423e-001 },
  {+3.372e-001,+2.856e-001,+5.834e+000,-4.654e-001,-3.259e-002,+9.166e-001,-3.879e-001,+1.125e-001,+5.747e-002,+2.362e-001,+4.576e-001,+5.746e-001,+5.047e-001,+1.356e-001,+5.695e-002,-3.324e-001,+6.666e-001,-1.106e-001,+1.190e-001,+5.672e-002,-1.496e-001,-2.036e-001,-1.870e-001,+2.175e-001,+5.084e-003,+2.435e-001,-1.006e-001,+3.092e-001,+3.352e-001,+1.249e-001,+8.257e-002,-1.875e-002,-4.606e-001,+6.218e-003,-8.712e-002,-1.529e-001,+1.735e-001,-1.609e-001,-2.456e-001,-1.283e-001,-4.512e-001,-4.071e-001,+1.698e-001,+1.462e-001,+3.980e-001,+4.114e-001,-3.130e-001,+2.386e-002,+5.300e-002,-1.884e-001,-5.960e-001,-1.009e-001,+3.735e-001,+4.965e-002,-1.446e-001,+3.557e-002,-2.201e-002,-3.747e-001,+5.419e-001,-4.785e-001,-9.956e-001,-8.226e-002,+6.718e-001,+1.321e-001,+2.243e-001,-4.295e-001,+1.051e-001,-5.370e-002,+5.795e-001,-1.524e-001,-2.596e-001,+4.208e-001,-3.550e-002,+6.692e-001,-1.539e-001,+3.286e-002,+1.765e-002,+3.380e-001,-8.779e-002,-8.129e-002,+2.508e-002,-1.279e-001,+2.105e-001,-3.520e-001,-1.755e-001,-1.717e-001,-2.243e-001,+5.634e-001,+1.500e-001,+1.339e-001,-2.326e-001,-6.166e-001,-1.963e-001,+6.049e-001,-2.064e-001,+3.610e-001,+8.710e-002,-3.714e-001,+2.995e-001,-2.111e-001 },
  {+1.569e-001,-7.904e-002,-4.654e-001,+5.452e+000,+2.895e-001,-1.954e-001,-1.409e-001,+4.341e-002,-6.078e-001,-8.471e-002,+2.573e-001,-1.988e-001,+1.189e-001,-8.378e-002,-3.026e-001,+7.508e-001,-1.998e-001,+7.281e-002,+2.469e-002,+7.284e-002,+1.411e-001,+2.912e-001,+2.398e-002,+1.372e-001,-1.549e-001,-6.116e-002,-6.893e-002,-9.942e-002,+2.082e-001,-1.361e-001,+2.963e-001,-9.159e-001,+7.146e-002,+8.223e-001,+6.571e-001,-3.048e-001,+3.040e-001,-3.278e-001,+2.286e-001,-4.032e-001,+6.688e-002,+5.369e-001,-1.881e-001,-4.286e-001,-1.529e-001,-6.668e-001,+1.122e-001,+2.776e-001,+6.183e-001,+7.562e-001,-1.426e-001,+2.569e-002,-4.927e-001,-1.130e-001,+2.365e-001,-2.592e-001,+3.911e-001,-1.737e-001,-1.690e-001,+3.702e-001,+5.051e-001,+1.370e-001,+9.421e-002,-5.215e-001,-1.463e-001,-3.077e-001,-4.136e-001,-3.451e-001,+3.260e-001,+3.432e-002,-1.282e-001,-4.768e-002,+9.159e-002,+2.063e-001,+2.714e-001,+5.922e-002,+1.699e-001,-8.607e-002,+7.409e-002,-2.293e-001,+1.090e-002,-2.281e-001,+3.470e-001,-4.112e-001,-3.369e-001,-6.438e-002,+2.345e-001,+5.297e-002,-3.039e-001,+1.313e-001,+2.925e-001,-3.782e-001,-5.093e-001,+6.081e-002,-2.457e-001,+2.025e-002,+6.027e-001,-1.487e-001,-3.458e-001,+3.697e-001 },
  {-1.154e-001,-2.162e-001,-3.259e-002,+2.895e-001,+4.731e+000,+6.654e-003,+4.075e-001,-3.704e-002,-2.191e-001,+8.299e-002,-4.556e-001,-1.073e-002,+1.218e-001,+4.584e-001,+5.444e-001,+3.349e-002,+1.467e-001,+4.323e-001,-1.978e-001,+5.595e-001,+2.547e-001,+2.130e-001,+2.644e-001,-1.224e-001,-9.659e-002,-5.436e-002,-4.498e-001,-6.003e-004,-2.695e-001,-7.786e-001,+8.807e-002,+4.430e-002,+4.830e-002,+7.110e-002,+2.036e-001,-1.885e-001,+3.591e-001,-1.129e-001,+3.132e-001,+1.442e-001,-2.360e-001,-4.255e-001,+3.685e-001,+2.691e-001,+2.970e-001,+7.848e-002,-7.141e-002,+2.947e-001,+3.209e-001,-2.488e-001,-2.997e-001,+5.228e-001,+7.392e-002,-3.746e-001,-4.377e-001,-4.058e-001,+6.061e-002,-4.258e-001,-4.240e-003,-1.305e-001,-2.617e-004,-3.020e-001,+1.925e-001,-3.654e-001,-3.453e-001,-3.953e-001,-4.716e-001,+3.766e-001,+3.992e-001,-2.153e-002,-9.679e-002,+3.615e-001,+1.425e-001,-5.502e-001,-2.204e-001,-1.039e-003,-4.178e-001,-5.375e-001,+3.444e-001,+2.818e-001,-4.038e-001,-2.408e-001,+3.013e-001,+3.785e-001,-4.486e-002,-6.356e-001,-3.328e-001,+1.943e-001,-5.827e-002,-3.562e-001,+5.920e-001,-3.226e-001,-1.905e-001,+1.994e-001,+2.697e-001,-1.330e-002,+1.503e-001,-5.474e-001,+6.429e-002,-3.597e-001 },
  {-2.268e-001,+4.908e-001,+9.166e-001,-1.954e-001,+6.654e-003,+5.765e+000,-1.583e-002,-7.883e-002,+1.189e-001,-6.075e-002,-2.820e-002,-2.788e-001,+4.206e-001,-2.844e-001,-4.589e-001,+4.663e-001,-2.132e-001,-9.372e-002,+3.222e-001,-4.809e-001,+1.450e-001,-8.501e-002,+2.379e-001,-2.234e-001,+1.189e-001,+2.594e-001,-7.849e-002,-8.879e-002,-8.678e-001,-3.341e-001,-8.498e-003,+4.819e-001,-3.919e-001,+3.038e-002,+4.582e-002,-2.697e-001,+6.274e-001,+4.180e-001,-1.158e-001,+3.036e-001,-3.454e-001,+2.484e-001,-6.539e-001,+1.198e-001,-3.254e-001,-7.638e-001,+3.110e-001,-1.199e-001,-1.114e-001,+2.158e-001,-3.827e-001,-2.370e-001,+2.379e-001,+3.154e-001,-6.433e-001,+8.703e-002,-3.277e-001,+1.199e-001,+2.009e-001,+2.793e-001,+1.596e-001,-5.600e-001,+1.898e-001,+1.581e-001,-1.303e-001,-1.375e-001,+3.106e-001,+6.404e-001,+8.552e-002,-2.211e-002,-1.056e-001,+1.017e-001,-1.151e-001,-4.642e-001,+4.504e-003,-3.800e-001,-2.795e-001,+1.568e-001,-4.258e-001,-1.066e-001,-1.380e-001,+2.432e-001,+2.275e-001,-2.978e-001,-4.219e-001,-3.439e-001,+1.166e-001,+3.205e-001,+8.503e-002,-5.508e-002,+2.129e-001,+9.373e-002,+1.202e-001,+3.927e-002,-1.773e-001,+5.444e-001,+3.572e-001,-7.618e-002,-3.231e-001,+1.835e-001 },
  {-3.807e-001,+4.822e-001,-3.879e-001,-1.409e-001,+4.075e-001,-1.583e-002,+5.446e+000,+3.873e-001,-2.869e-001,-5.706e-002,-8.242e-002,-2.854e-001,-1.233e-001,-1.156e-001,+3.550e-001,+5.550e-001,+4.932e-002,-3.777e-001,+2.479e-001,-3.601e-001,+4.408e-001,+3.333e-002,+3.267e-002,+2.012e-001,-5.488e-002,+4.512e-002,-6.890e-002,+7.577e-002,-2.278e-001,-2.441e-001,-3.292e-001,-1.628e-001,-4.276e-001,-3.712e-001,-4.907e-001,+9.898e-002,+8.619e-002,+4.812e-002,+2.450e-001,-1.248e-001,-3.343e-001,+5.776e-001,+2.612e-001,+2.015e-001,+2.713e-001,+1.830e-002,-9.848e-003,-2.143e-001,+3.562e-001,-5.679e-002,+3.258e-001,+1.089e-002,+1.942e-001,-6.966e-001,+2.757e-001,-5.691e-001,+1.539e-001,+9.602e-002,+1.099e-001,-3.652e-001,+6.241e-002,-3.728e-001,-4.844e-001,+1.119e-001,-2.486e-001,+5.478e-001,+1.543e-001,+2.675e-001,-5.185e-001,-1.295e-001,-4.038e-001,+2.625e-001,+4.703e-001,+1.447e-001,-1.697e-001,+4.276e-001,+1.283e-001,-2.261e-001,+1.042e+000,-2.854e-001,-1.674e-001,-2.415e-001,-1.798e-001,+1.017e-001,-6.408e-002,-1.051e-001,-3.213e-002,-3.648e-001,+4.031e-001,+3.447e-001,+5.641e-002,-1.285e-001,-6.800e-003,-3.467e-002,-1.147e-001,-8.622e-002,+1.968e-001,+5.264e-001,+1.831e-001,-3.830e-001 },
  {+1.553e-001,-3.425e-001,+1.125e-001,+4.341e-002,-3.704e-002,-7.883e-002,+3.873e-001,+5.525e+000,-7.224e-002,-3.248e-001,-4.619e-001,-3.678e-002,+2.755e-001,-3.644e-001,+5.214e-003,+5.256e-002,+1.485e-003,+4.856e-001,+5.411e-001,+5.658e-002,+1.822e-001,+4.436e-002,-5.692e-001,+5.176e-001,-2.587e-001,-3.163e-001,+1.514e-001,+2.707e-001,+1.628e-001,+2.676e-002,-1.531e-001,+8.032e-001,-3.510e-001,+5.484e-001,+2.625e-001,+6.034e-001,+3.780e-002,-6.329e-001,-1.295e-001,-3.893e-003,+4.188e-001,+5.173e-001,-8.857e-001,+8.549e-003,-2.971e-001,-4.725e-001,-7.921e-002,-7.869e-001,-1.027e-001,-1.529e-001,-2.733e-001,+4.865e-001,-1.254e-001,+4.976e-001,-4.825e-001,+3.091e-002,+2.344e-001,-8.866e-001,+1.996e-001,+4.789e-002,-3.651e-001,-2.045e-001,-3.724e-001,-4.610e-001,+2.212e-001,+4.897e-002,-4.227e-001,+1.228e-001,-2.789e-001,-6.726e-002,+3.365e-001,-1.420e-001,-6.369e-001,+1.894e-002,+1.962e-001,+4.080e-001,-3.438e-002,-3.400e-001,+7.096e-002,+1.023e-001,-1.729e-001,-2.729e-001,-5.826e-002,-9.750e-002,-1.125e-001,+1.572e-001,-4.187e-001,-1.064e-001,-4.207e-001,+4.632e-001,-2.808e-002,-9.136e-003,-4.028e-001,+4.750e-001,-2.506e-001,-1.298e-001,+4.411e-002,+2.336e-001,-8.235e-002,+2.296e-001 },
  {-3.527e-001,-3.775e-001,+5.747e-002,-6.078e-001,-2.191e-001,+1.189e-001,-2.869e-001,-7.224e-002,+5.019e+000,+5.258e-001,+2.445e-002,-1.318e-001,-4.981e-002,+4.581e-001,-2.543e-001,-1.053e-001,-4.649e-002,-5.842e-002,-2.313e-001,-1.435e-001,+7.338e-002,+2.165e-001,+3.426e-001,+1.736e-002,+3.566e-001,-2.492e-002,-2.366e-002,+3.770e-001,+1.313e-001,+3.584e-001,+1.671e-001,-1.016e-001,+2.499e-001,-1.857e-002,-2.285e-001,-8.956e-002,+3.885e-001,-5.766e-003,-5.154e-001,+9.662e-002,-5.437e-001,+2.751e-001,-4.921e-001,+5.584e-002,-3.442e-001,+2.234e-001,+7.357e-002,-2.411e-001,+1.982e-001,+3.553e-001,-7.887e-001,+6.216e-001,-2.632e-001,+5.504e-003,-2.869e-001,+1.789e-001,-1.905e-001,+3.124e-001,+6.343e-001,-6.041e-001,+1.704e-001,-9.925e-002,-5.680e-002,+4.564e-001,-1.021e-001,-3.742e-002,-2.156e-001,+2.229e-001,+2.987e-001,+7.434e-002,+2.343e-002,+3.304e-002,-4.397e-003,+2.593e-001,-3.636e-001,+3.799e-001,+3.647e-001,+6.878e-002,-6.544e-001,-7.716e-001,+4.640e-001,-3.293e-001,+5.700e-001,+3.401e-001,+2.083e-001,+4.108e-001,+3.607e-001,-4.042e-001,+5.556e-002,-2.571e-001,+3.855e-001,+2.755e-001,+4.728e-001,+2.772e-002,+1.372e-001,+3.602e-002,-5.116e-001,+4.030e-001,-5.476e-001,+9.581e-003 },
  {-1.976e-001,+3.070e-001,+2.362e-001,-8.471e-002,+8.299e-002,-6.075e-002,-5.706e-002,-3.248e-001,+5.258e-001,+5.663e+000,+3.965e-001,-1.055e-001,+1.514e-001,+4.818e-001,-2.300e-001,-2.066e-001,+5.153e-002,-2.132e-001,-3.332e-001,-3.477e-001,+7.213e-002,+2.625e-001,-2.497e-001,+2.562e-001,-8.237e-002,-5.142e-001,-1.170e-001,+3.579e-001,-1.546e-001,+5.915e-001,-4.651e-001,-8.459e-001,+3.427e-001,+4.973e-001,+5.179e-001,-5.672e-001,-4.159e-001,+1.119e-001,+1.858e-001,+5.539e-001,-5.334e-002,+2.623e-002,-1.017e-001,-5.326e-001,-1.210e-001,-4.451e-001,+1.190e-002,-3.645e-001,+3.618e-001,-5.187e-001,-4.393e-001,+2.410e-001,+6.294e-001,-3.434e-001,+7.686e-002,+1.058e-001,+3.737e-001,-5.985e-002,-3.689e-001,-3.859e-001,-1.801e-001,-1.178e-002,+3.732e-001,+3.636e-001,-2.959e-001,+2.279e-001,-4.013e-002,+1.765e-001,+6.585e-001,-8.250e-002,-4.090e-001,-4.729e-001,-6.374e-001,-7.030e-001,+3.843e-001,+2.989e-002,+6.880e-001,+5.119e-001,+4.767e-001,+3.175e-001,+6.562e-001,-2.094e-001,-3.610e-001,-4.170e-002,+2.348e-001,-1.012e-001,-3.616e-002,+1.146e-001,+2.552e-001,+4.782e-001,-4.708e-001,+2.996e-001,+2.378e-001,-2.309e-001,-2.017e-001,+9.149e-002,+6.784e-003,-2.351e-001,+7.296e-001,-1.283e-001 },
  {+1.217e-001,+1.833e-002,+4.576e-001,+2.573e-001,-4.556e-001,-2.820e-002,-8.242e-002,-4.619e-001,+2.445e-002,+3.965e-001,+5.433e+000,+3.526e-001,+3.624e-001,-8.698e-002,-2.304e-001,+1.812e-001,-2.903e-001,-3.961e-001,+2.495e-001,-5.576e-001,+6.439e-001,-2.476e-002,+3.805e-001,+7.615e-002,+1.945e-001,+4.232e-001,-2.920e-001,-1.158e-001,-3.334e-001,+3.818e-001,-4.251e-003,+5.997e-001,+2.114e-001,-1.169e-001,-1.544e-001,+1.124e-001,+1.304e-001,+2.757e-001,+1.419e-001,-4.761e-001,+1.480e-001,+3.810e-001,-9.714e-002,-9.119e-002,-1.571e-001,-7.033e-002,-7.475e-002,+6.152e-001,+3.378e-002,-6.307e-001,+3.878e-001,+3.782e-001,+5.334e-001,-4.528e-001,-8.595e-003,+3.311e-001,-3.276e-001,-3.607e-001,+2.790e-001,+3.366e-001,-3.168e-001,+5.582e-001,+1.326e-001,+2.132e-001,-1.981e-001,+4.339e-002,-1.389e-001,-3.721e-001,+8.210e-002,-3.352e-001,-2.987e-001,-5.831e-001,+1.023e-001,+3.573e-001,+3.092e-001,-1.935e-001,+1.282e-002,+2.625e-001,+2.163e-002,-3.588e-001,+1.891e-001,-1.001e-001,-6.128e-001,-1.640e-001,+2.252e-001,-8.622e-002,-8.383e-002,-3.547e-001,-2.188e-001,+2.985e-002,+3.919e-002,-1.863e-001,+4.198e-001,+2.353e-001,+1.374e-001,-4.189e-001,-5.357e-001,-1.869e-001,-7.795e-001,+5.334e-001 },
  {+3.003e-001,-3.319e-001,+5.746e-001,-1.988e-001,-1.073e-002,-2.788e-001,-2.854e-001,-3.678e-002,-1.318e-001,-1.055e-001,+3.526e-001,+5.007e+000,+9.858e-002,+1.827e-001,+3.387e-001,-1.098e+000,-2.727e-001,+1.433e-001,-2.344e-001,-5.315e-002,-3.079e-001,+5.457e-002,-1.339e-001,+1.910e-001,-8.688e-002,+2.446e-001,+4.092e-001,+2.195e-001,-4.249e-001,+2.313e-001,+3.801e-001,+6.903e-002,-3.041e-001,-1.717e-002,-2.389e-001,+1.253e-001,-3.140e-001,+1.953e-001,+5.448e-001,-3.531e-001,-8.483e-002,-9.729e-002,-3.324e-001,-2.068e-001,-2.312e-001,+6.699e-001,-3.084e-001,-3.658e-001,-3.737e-001,+5.628e-002,-9.960e-002,+4.830e-001,-3.383e-001,-2.586e-001,-4.862e-002,-4.218e-001,+4.057e-001,+3.768e-002,-4.240e-001,-6.052e-001,+4.583e-001,-2.547e-001,+4.956e-001,-1.017e-002,-1.885e-001,+4.131e-001,-6.254e-001,-1.099e-002,+2.426e-001,+9.240e-002,+4.493e-002,+4.963e-001,-4.712e-001,-2.321e-001,+1.279e-001,-3.505e-001,+4.076e-001,+2.865e-001,+1.987e-001,+4.769e-002,+5.712e-001,-8.255e-002,+1.254e-001,+1.825e-001,-2.417e-003,-9.864e-002,+2.678e-001,+4.233e-001,-5.800e-002,+3.732e-001,+6.161e-002,+1.436e-002,+1.617e-001,-7.584e-002,+3.686e-001,-1.241e-001,+1.056e-001,+2.683e-001,+4.805e-002,+2.143e-001 },
  {-1.617e-001,+5.909e-001,+5.047e-001,+1.189e-001,+1.218e-001,+4.206e-001,-1.233e-001,+2.755e-001,-4.981e-002,+1.514e-001,+3.624e-001,+9.858e-002,+5.077e+000,+2.864e-001,+6.091e-002,-4.908e-002,+1.136e-001,+1.773e-001,-8.379e-001,+2.912e-001,+2.727e-001,+3.823e-001,+2.412e-001,+1.149e-001,+6.927e-002,+2.417e-001,+4.186e-001,-5.327e-001,+3.947e-001,-5.047e-001,-2.285e-001,-3.973e-001,+4.544e-001,-8.128e-002,-4.582e-001,+3.702e-001,-1.153e-001,-1.546e-001,-8.834e-002,-2.461e-003,-4.179e-001,+4.872e-001,-1.700e-001,+5.574e-001,-8.468e-001,-2.260e-001,+3.239e-001,+1.569e-001,+3.652e-001,-6.094e-001,-7.768e-001,-7.349e-001,-7.858e-002,-1.152e-001,-1.989e-001,+8.313e-002,+1.356e-001,-1.444e-001,-8.652e-002,-1.749e-001,-9.725e-002,-1.830e-001,-5.095e-001,+2.402e-001,+1.232e-001,+4.248e-002,+1.269e-001,-2.974e-001,+2.649e-001,-1.066e-002,+5.117e-003,+1.521e-001,+5.463e-001,+4.106e-001,-3.392e-002,+3.208e-001,+1.879e-001,-5.749e-001,-2.082e-001,-6.883e-001,-4.696e-002,-1.247e-001,+2.053e-001,-4.831e-001,-5.550e-001,-3.117e-002,-2.805e-003,-9.217e-002,+6.140e-002,-3.837e-001,-2.713e-001,-3.698e-004,+1.288e-002,-1.329e-001,-4.345e-001,-1.471e-001,+7.103e-003,+2.176e-001,-3.354e-001,+1.294e-001 },
  {-1.946e-002,-2.847e-001,+1.356e-001,-8.378e-002,+4.584e-001,-2.844e-001,-1.156e-001,-3.644e-001,+4.581e-001,+4.818e-001,-8.698e-002,+1.827e-001,+2.864e-001,+5.042e+000,+3.716e-001,+1.552e-001,+6.987e-001,-2.008e-001,-2.885e-001,-2.345e-001,+1.820e-001,+5.198e-001,-1.152e-001,-5.901e-002,-2.898e-001,+1.730e-001,-2.119e-001,-1.082e-001,+5.013e-001,-8.256e-002,+5.179e-001,-2.068e-001,-5.281e-001,-2.390e-001,+7.526e-001,+3.161e-002,-6.699e-002,-1.222e-001,+1.977e-001,-2.297e-001,+4.571e-001,-5.812e-002,+2.998e-001,-1.061e-001,-1.746e-001,-7.323e-002,+1.828e-001,+1.499e-001,+5.581e-002,-2.658e-002,+1.005e-001,+2.592e-001,-4.427e-001,-4.277e-001,+6.645e-002,-5.090e-002,+3.290e-001,+1.483e-001,-5.238e-001,+5.154e-001,+4.205e-001,-6.247e-002,-1.229e-002,+1.423e-001,-3.797e-001,-1.304e-001,+7.994e-001,-3.306e-001,-7.441e-002,+1.066e-001,-1.071e-001,+1.860e-001,+4.105e-001,-3.478e-001,-8.077e-002,-7.125e-001,+4.751e-001,-2.598e-001,-3.139e-001,+6.066e-001,+6.740e-001,-4.103e-001,+5.453e-001,+3.676e-002,-6.320e-002,-1.373e-002,-2.042e-001,+1.872e-001,-1.544e-001,-2.910e-001,+3.976e-002,+1.098e-001,+4.866e-002,-5.941e-001,+3.239e-001,-4.796e-002,-2.234e-001,-5.261e-001,+5.403e-002,-3.798e-001 },
  {+3.612e-001,-1.739e-001,+5.695e-002,-3.026e-001,+5.444e-001,-4.589e-001,+3.550e-001,+5.214e-003,-2.543e-001,-2.300e-001,-2.304e-001,+3.387e-001,+6.091e-002,+3.716e-001,+4.984e+000,-3.543e-003,+4.044e-001,+1.468e-001,+2.580e-001,+2.391e-001,+4.194e-001,+2.190e-001,+3.761e-001,-2.758e-001,+1.615e-001,+2.382e-001,+4.626e-002,+4.200e-001,+5.158e-001,+1.035e-001,+1.159e-001,+1.598e-001,-4.367e-001,-3.577e-001,-5.996e-001,-3.010e-001,-9.979e-002,-2.615e-001,-2.554e-001,-1.438e-001,-1.924e-001,+3.781e-001,+2.541e-001,-1.338e-001,+5.798e-001,+8.801e-002,+7.854e-002,-1.594e-001,+2.599e-002,-5.158e-002,+1.512e-002,+4.215e-001,-9.349e-002,+3.149e-001,+2.511e-001,+1.389e-001,-6.129e-001,+2.494e-001,-3.800e-002,-1.736e-001,-4.931e-001,+9.617e-002,+1.534e-001,-3.922e-001,+6.341e-001,+5.451e-001,-2.332e-001,+8.017e-002,-1.936e-001,+3.047e-001,+2.943e-001,-5.601e-001,+4.494e-002,+3.208e-001,-1.567e-001,-1.487e-001,+5.933e-002,-3.335e-001,+1.417e-001,-1.702e-001,-1.307e-001,-1.801e-001,+3.816e-001,+2.387e-001,+3.917e-002,-2.401e-001,+2.609e-001,+3.182e-001,-2.794e-001,+6.154e-001,+2.660e-002,-2.455e-001,-3.863e-001,-1.473e-001,+6.136e-001,-5.944e-001,+6.200e-002,+3.750e-001,-1.924e-001,-2.975e-001 },
  {-4.194e-001,+4.485e-001,-3.324e-001,+7.508e-001,+3.349e-002,+4.663e-001,+5.550e-001,+5.256e-002,-1.053e-001,-2.066e-001,+1.812e-001,-1.098e+000,-4.908e-002,+1.552e-001,-3.543e-003,+5.451e+000,-7.054e-001,-5.903e-001,+1.272e-001,-2.348e-001,+2.985e-001,+3.623e-001,+2.598e-001,-4.534e-001,-3.107e-001,+7.426e-001,-1.529e-004,-7.304e-002,-1.078e-002,-2.001e-001,+1.409e-001,+3.514e-002,-2.219e-001,-5.884e-001,+1.111e-001,-3.233e-001,+1.303e-001,+5.583e-001,-1.126e-001,+9.489e-002,-2.531e-001,-2.997e-001,+9.707e-002,-4.769e-001,-2.975e-001,+7.640e-002,-4.412e-001,-1.002e-002,+1.724e-002,-9.881e-002,-2.722e-001,+9.448e-003,-2.428e-001,-4.241e-001,+1.653e-001,-6.315e-001,+1.179e-001,-1.402e-001,+4.643e-001,+9.218e-002,-1.476e-002,+1.607e-001,-4.487e-001,+7.197e-002,+2.146e-001,+1.286e-001,+2.128e-001,+1.608e-001,-1.981e-002,+2.867e-001,+1.733e-001,+3.664e-001,-5.651e-002,+4.703e-001,+1.933e-001,+2.411e-001,+2.433e-001,+3.211e-001,-4.895e-001,-3.828e-001,-5.437e-001,+2.017e-001,-8.399e-002,-4.105e-001,+3.183e-001,+2.401e-002,-3.210e-002,-6.661e-002,+5.935e-002,+4.578e-002,-2.418e-001,-4.306e-001,+3.501e-001,-4.808e-001,+1.349e-001,-1.492e-001,-8.790e-002,+2.750e-001,-2.068e-001,-1.084e-001 },
  {+3.923e-002,+4.158e-001,+6.666e-001,-1.998e-001,+1.467e-001,-2.132e-001,+4.932e-002,+1.485e-003,-4.649e-002,+5.153e-002,-2.903e-001,-2.727e-001,+1.136e-001,+6.987e-001,+4.044e-001,-7.054e-001,+6.068e+000,-4.089e-001,-1.813e-002,-2.670e-001,-2.593e-002,+2.732e-002,-5.387e-001,-7.045e-001,-3.441e-001,-5.143e-001,-4.746e-001,+5.850e-001,-8.980e-003,-2.434e-001,-2.895e-001,+3.352e-001,+6.149e-001,+4.673e-001,-1.413e-001,-3.375e-002,+1.754e-001,+3.276e-001,-1.672e-003,-1.799e-001,+3.493e-001,-4.589e-001,-2.437e-001,-8.284e-002,-2.093e-003,-2.784e-001,-6.399e-001,+2.224e-001,-2.289e-001,+6.199e-001,-2.295e-001,+7.149e-002,-4.202e-001,+2.447e-001,+2.447e-001,-4.005e-001,+3.001e-002,+2.268e-001,+2.010e-001,+4.907e-002,-1.722e-001,-7.396e-002,-2.988e-001,-2.322e-001,+1.823e-001,+3.660e-001,-2.876e-001,-1.335e-001,-7.177e-001,+4.737e-002,+2.831e-001,+1.231e-001,+1.514e-001,+7.509e-001,-3.734e-002,-3.786e-001,+1.240e-001,+2.258e-002,+5.569e-002,-5.663e-001,+2.228e-001,-1.484e-001,+8.030e-002,+4.697e-001,+1.653e-001,-3.392e-001,-1.914e-001,+6.001e-001,-2.969e-001,-3.267e-001,+2.515e-001,-4.599e-001,-4.328e-001,+4.042e-001,-4.515e-002,-2.506e-001,-3.097e-001,-2.396e-001,-2.915e-001,+2.689e-001 },
  {+8.248e-001,+1.072e-001,-1.106e-001,+7.281e-002,+4.323e-001,-9.372e-002,-3.777e-001,+4.856e-001,-5.842e-002,-2.132e-001,-3.961e-001,+1.433e-001,+1.773e-001,-2.008e-001,+1.468e-001,-5.903e-001,-4.089e-001,+5.327e+000,-1.145e-001,+1.509e-001,-1.207e-001,+3.246e-001,-3.541e-001,-2.010e-001,-2.006e-001,-5.488e-003,+2.384e-001,+6.100e-002,-1.864e-001,+1.902e-002,+1.442e-001,+2.155e-001,-3.101e-001,+3.590e-001,+2.052e-002,-1.930e-001,-3.577e-001,+3.917e-002,-4.983e-001,+2.620e-001,-6.770e-002,-1.140e-001,+1.525e-001,+1.258e-001,+4.548e-001,+3.267e-001,-5.991e-001,+4.073e-001,+2.287e-003,+7.217e-002,-1.362e-001,-9.239e-002,+1.450e-002,-4.942e-001,-2.165e-001,-2.175e-001,+6.415e-002,-2.299e-001,-5.331e-001,+1.525e-001,-1.100e-001,-3.601e-001,+5.298e-001,+1.177e-002,+2.911e-002,-1.908e-001,+1.806e-001,+2.983e-001,+1.659e-001,+9.264e-002,-1.257e-001,-2.695e-001,+6.091e-002,+1.961e-001,+5.614e-002,-2.393e-002,-6.030e-002,+3.546e-001,+5.951e-001,-9.865e-002,-3.067e-001,+4.516e-002,-1.528e-001,+2.981e-001,-9.016e-002,-1.844e-001,+2.087e-001,-3.819e-001,-2.370e-001,-2.305e-001,-2.784e-001,+4.679e-001,+6.080e-001,-9.602e-003,+5.948e-002,+1.350e-002,-6.365e-002,-3.448e-001,-3.381e-002,-8.578e-001 },
  {+1.986e-001,-3.242e-001,+1.190e-001,+2.469e-002,-1.978e-001,+3.222e-001,+2.479e-001,+5.411e-001,-2.313e-001,-3.332e-001,+2.495e-001,-2.344e-001,-8.379e-001,-2.885e-001,+2.580e-001,+1.272e-001,-1.813e-002,-1.145e-001,+4.467e+000,-3.061e-001,+4.904e-001,-4.276e-001,-1.525e-001,+3.438e-001,+8.715e-001,+4.269e-001,-7.849e-002,+1.995e-001,+1.586e-001,-1.591e-001,+3.441e-001,+4.743e-001,+5.560e-001,+3.378e-002,-3.851e-002,-4.298e-001,+1.624e-001,+1.572e-001,-2.467e-001,+6.088e-001,-2.844e-002,-2.717e-001,+2.563e-001,-1.303e-001,+4.411e-001,-2.479e-002,-1.396e-002,+1.790e-001,-2.072e-001,-2.541e-001,-1.243e-001,-4.283e-001,+3.765e-001,-3.911e-001,-2.842e-001,+2.713e-002,+1.294e-001,-9.312e-003,-2.217e-001,-3.602e-001,+3.759e-001,-5.204e-001,-3.186e-001,-2.662e-001,-3.806e-001,+3.965e-001,-8.114e-002,+7.633e-002,-3.683e-002,-3.914e-001,+5.163e-001,-3.343e-001,-2.972e-002,+6.000e-001,+5.051e-001,-9.978e-002,-2.065e-001,-1.354e-001,-6.434e-001,+1.628e-001,+1.763e-001,-3.125e-001,-5.536e-001,-2.585e-001,+1.812e-001,+3.856e-003,+7.777e-002,-4.293e-002,-3.293e-001,-2.969e-001,+3.343e-002,+2.114e-001,-1.452e-001,+1.487e-001,+9.464e-002,-3.400e-001,+4.870e-001,+4.026e-002,-3.313e-001,+3.367e-001 },
  {-3.213e-001,+4.487e-001,+5.672e-002,+7.284e-002,+5.595e-001,-4.809e-001,-3.601e-001,+5.658e-002,-1.435e-001,-3.477e-001,-5.576e-001,-5.315e-002,+2.912e-001,-2.345e-001,+2.391e-001,-2.348e-001,-2.670e-001,+1.509e-001,-3.061e-001,+5.780e+000,-3.682e-001,+1.854e-001,-2.884e-001,+3.751e-001,+2.264e-001,+7.195e-002,-2.205e-002,+9.380e-002,+5.801e-001,-2.868e-001,-3.252e-001,-6.443e-002,-2.162e-001,+2.313e-003,-7.743e-003,+1.682e-001,-3.767e-001,+2.645e-001,-3.139e-001,+1.658e-001,+1.121e-001,+2.330e-001,-2.837e-001,-1.254e-001,-8.581e-003,+1.225e-001,-3.268e-001,+1.468e-001,-1.914e-001,-4.022e-001,-5.447e-001,+3.536e-001,+1.461e-001,+3.850e-001,-1.584e-001,+2.675e-001,-4.106e-002,+5.114e-001,-1.991e-002,+6.376e-002,-3.418e-001,-7.615e-002,+7.389e-002,-4.353e-001,+4.196e-001,-1.805e-001,+9.208e-002,-4.226e-001,-2.489e-001,+4.061e-001,-2.922e-001,+2.418e-001,+1.035e-001,-5.631e-003,-3.380e-002,-5.191e-002,-3.155e-001,-1.974e-001,-1.960e-001,-6.444e-001,-1.382e-001,-3.680e-001,+8.395e-002,+1.607e-001,+1.222e-001,+7.578e-001,-2.956e-001,-7.526e-002,-2.165e-001,-2.493e-001,+1.589e-002,-1.836e-001,+4.339e-001,-2.173e-001,-2.154e-001,+2.672e-001,-8.522e-002,+1.884e-001,-3.766e-001,+1.933e-001 },
  {-5.693e-001,-6.806e-001,-1.496e-001,+1.411e-001,+2.547e-001,+1.450e-001,+4.408e-001,+1.822e-001,+7.338e-002,+7.213e-002,+6.439e-001,-3.079e-001,+2.727e-001,+1.820e-001,+4.194e-001,+2.985e-001,-2.593e-002,-1.207e-001,+4.904e-001,-3.682e-001,+5.078e+000,+2.617e-001,-2.117e-001,+2.564e-001,-2.478e-001,+2.397e-001,+3.803e-001,+2.169e-001,-2.808e-001,-3.664e-001,+2.460e-001,+6.648e-002,-2.365e-001,+9.615e-002,+5.657e-001,+1.199e-001,+2.042e-001,-3.298e-001,+1.340e-001,+2.857e-001,-6.112e-001,+3.683e-001,-2.736e-001,+5.169e-001,+3.705e-001,-2.459e-001,-1.730e-001,+2.140e-001,+2.854e-001,-3.542e-001,-2.264e-001,-4.659e-002,-2.211e-001,-8.411e-002,-1.520e-001,-1.038e-001,-3.287e-001,+1.807e-001,+1.369e-001,+2.377e-001,+2.326e-001,-7.039e-001,-4.605e-001,+3.008e-001,+4.204e-001,-1.837e-001,-1.602e-001,-1.793e-002,-4.438e-001,+2.730e-001,+1.067e-001,+4.968e-002,-2.705e-001,+6.504e-002,+7.143e-002,+1.374e-001,-2.024e-001,-1.980e-001,-2.793e-001,-1.723e-001,-6.763e-001,-4.494e-001,+2.258e-001,+1.688e-001,-4.322e-001,-2.188e-001,+2.284e-001,+3.728e-001,-1.809e-001,+1.210e-001,-7.313e-003,-1.259e-001,-5.248e-001,-9.357e-002,-1.273e-001,+3.065e-001,-2.965e-002,-9.123e-002,-7.420e-002,+1.880e-001 },
  {-4.572e-001,-1.557e-001,-2.036e-001,+2.912e-001,+2.130e-001,-8.501e-002,+3.333e-002,+4.436e-002,+2.165e-001,+2.625e-001,-2.476e-002,+5.457e-002,+3.823e-001,+5.198e-001,+2.190e-001,+3.623e-001,+2.732e-002,+3.246e-001,-4.276e-001,+1.854e-001,+2.617e-001,+4.943e+000,-4.758e-001,+2.484e-002,+1.645e-002,-4.131e-002,-2.594e-001,+2.083e-001,+1.622e-001,+1.947e-001,+3.144e-001,-3.405e-001,+6.236e-001,+2.998e-001,-1.677e-001,-2.164e-001,+4.444e-002,-2.654e-001,-4.383e-001,-7.224e-002,+6.879e-002,+3.896e-001,+1.308e-001,-3.480e-002,+2.799e-001,+2.758e-002,-1.484e-001,-2.849e-001,+2.355e-001,+5.436e-001,+1.840e-001,+6.830e-002,+1.807e-001,-3.718e-001,-9.108e-002,+2.203e-001,+5.566e-002,-5.753e-001,-3.483e-003,+1.480e-001,+1.783e-001,+2.148e-001,-4.324e-001,-5.599e-001,-3.706e-001,+2.104e-002,+1.983e-002,-3.264e-001,+4.890e-002,+9.806e-002,-2.198e-001,-1.767e-001,-2.549e-001,-6.044e-002,+3.259e-001,+1.309e-001,-1.051e-001,-2.615e-001,+6.469e-002,-3.256e-001,+2.751e-001,-4.820e-001,-6.176e-001,-4.283e-001,-1.964e-001,-4.791e-001,-6.664e-001,+2.243e-001,-5.947e-003,-1.470e-001,-4.691e-001,+3.224e-001,+4.393e-001,-6.449e-001,+2.994e-001,+1.875e-001,+5.107e-001,-2.896e-002,-9.307e-002,+5.313e-002 },
  {+2.179e-001,+5.125e-001,-1.870e-001,+2.398e-002,+2.644e-001,+2.379e-001,+3.267e-002,-5.692e-001,+3.426e-001,-2.497e-001,+3.805e-001,-1.339e-001,+2.412e-001,-1.152e-001,+3.761e-001,+2.598e-001,-5.387e-001,-3.541e-001,-1.525e-001,-2.884e-001,-2.117e-001,-4.758e-001,+4.680e+000,-3.925e-004,-1.565e-002,+2.141e-001,+2.528e-001,-4.273e-001,-8.687e-002,+1.612e-001,-5.027e-001,-1.493e-001,-4.542e-002,-1.204e-001,-2.836e-001,-2.956e-001,+2.423e-001,-5.104e-002,+1.253e-001,-2.795e-001,+1.195e-001,+6.630e-001,+3.284e-002,+4.355e-001,-8.247e-003,-4.503e-001,+5.520e-001,-2.573e-002,+7.632e-003,-5.008e-003,+4.235e-001,+1.691e-001,-1.377e-001,+3.280e-001,+8.270e-002,-5.022e-001,-1.394e-001,-2.387e-002,+4.035e-001,-1.154e-001,+6.094e-001,-6.960e-001,+1.271e-001,+6.638e-001,+3.620e-002,+2.679e-001,+2.504e-001,-4.381e-002,+3.376e-002,+7.484e-001,-3.430e-001,+3.377e-001,-8.647e-002,-1.991e-001,+1.217e-001,+2.090e-001,-4.228e-001,-1.972e-001,-2.036e-001,+3.328e-001,-4.412e-001,+1.094e-001,+4.062e-001,-3.996e-001,+2.791e-001,-3.517e-001,+7.346e-002,+4.982e-002,-1.187e-002,+8.433e-002,+7.124e-001,-8.344e-002,-4.994e-003,-5.208e-002,-4.249e-001,+4.547e-001,-3.521e-001,+8.892e-002,-1.463e-001,+5.628e-001 },
  {+7.151e-001,-2.809e-002,+2.175e-001,+1.372e-001,-1.224e-001,-2.234e-001,+2.012e-001,+5.176e-001,+1.736e-002,+2.562e-001,+7.615e-002,+1.910e-001,+1.149e-001,-5.901e-002,-2.758e-001,-4.534e-001,-7.045e-001,-2.010e-001,+3.438e-001,+3.751e-001,+2.564e-001,+2.484e-002,-3.925e-004,+5.436e+000,+1.489e-001,-5.202e-001,-5.797e-001,+3.689e-001,-2.720e-001,+2.755e-001,-1.730e-001,-1.260e-001,-2.789e-001,+3.026e-001,+2.610e-001,-1.622e-001,+5.086e-001,+4.695e-002,+4.125e-002,+2.786e-001,-1.818e-001,+1.027e-001,+1.667e-001,+5.497e-001,-6.244e-001,-2.681e-001,+1.744e-002,+1.732e-001,-3.061e-001,+5.860e-001,-1.925e-001,-2.877e-001,+3.719e-001,-6.035e-001,-4.012e-001,-2.332e-001,-8.067e-001,+5.049e-001,-3.997e-001,+4.396e-001,-1.088e-001,+5.078e-001,-1.614e-001,-1.535e-001,-5.326e-001,-2.595e-001,+3.565e-001,+3.719e-001,+3.604e-001,+4.670e-001,+4.027e-001,-3.089e-001,+5.906e-001,-1.181e-001,+5.193e-001,-2.747e-001,-1.925e-001,-8.143e-001,-4.813e-001,-4.015e-001,-2.431e-001,-1.868e-001,+1.780e-001,-7.024e-001,-2.852e-001,+3.034e-002,-8.637e-002,+1.096e-001,+2.606e-001,+2.944e-001,+1.749e-001,-9.383e-002,+1.575e-001,+2.996e-001,+3.740e-001,-1.094e-001,-8.674e-002,+2.094e-001,+3.572e-003,-5.678e-001 },
  {+1.730e-001,-2.282e-002,+5.084e-003,-1.549e-001,-9.659e-002,+1.189e-001,-5.488e-002,-2.587e-001,+3.566e-001,-8.237e-002,+1.945e-001,-8.688e-002,+6.927e-002,-2.898e-001,+1.615e-001,-3.107e-001,-3.441e-001,-2.006e-001,+8.715e-001,+2.264e-001,-2.478e-001,+1.645e-002,-1.565e-002,+1.489e-001,+5.042e+000,-1.320e-001,-1.664e-001,-3.614e-001,+3.719e-001,+3.920e-001,+4.034e-001,-1.852e-001,-5.259e-001,-5.076e-001,+2.097e-001,+8.028e-002,-3.190e-001,+6.298e-001,-4.794e-001,-1.772e-001,+5.508e-001,-1.347e-001,+1.685e-002,+1.488e-001,-4.299e-004,+2.162e-001,-7.093e-001,-2.753e-001,-3.112e-001,-1.779e-001,+1.351e-001,-4.169e-001,+3.476e-001,+4.778e-001,-3.284e-001,+9.839e-002,-1.969e-001,+6.376e-002,-1.944e-002,+1.509e-002,-2.432e-001,+2.009e-001,-2.402e-001,-6.020e-001,+4.795e-002,-2.931e-001,+3.462e-001,-3.776e-002,-1.312e-001,-3.322e-001,+3.907e-001,-4.266e-001,-5.756e-001,-1.963e-001,+3.120e-001,-5.209e-002,-1.168e-001,+6.500e-001,-4.461e-001,+3.921e-002,-7.567e-002,-5.493e-001,+2.612e-001,+2.430e-001,-1.438e-001,+7.261e-001,-2.031e-001,-6.442e-002,-1.935e-002,-9.340e-002,+3.661e-001,-1.118e-001,+4.741e-001,-7.886e-002,+2.140e-001,+5.585e-002,+8.199e-002,-3.761e-001,-4.146e-002,+3.308e-001 },
  {-4.299e-001,+3.286e-001,+2.435e-001,-6.116e-002,-5.436e-002,+2.594e-001,+4.512e-002,-3.163e-001,-2.492e-002,-5.142e-001,+4.232e-001,+2.446e-001,+2.417e-001,+1.730e-001,+2.382e-001,+7.426e-001,-5.143e-001,-5.488e-003,+4.269e-001,+7.195e-002,+2.397e-001,-4.131e-002,+2.141e-001,-5.202e-001,-1.320e-001,+5.797e+000,+1.827e-001,+5.071e-002,+4.934e-001,-9.494e-002,-2.863e-001,+2.460e-001,-7.523e-002,-4.272e-001,+2.343e-001,+2.117e-001,-1.601e-003,+1.688e-001,+3.277e-001,-2.420e-003,+1.313e-001,-1.488e-001,+2.709e-001,+5.182e-001,-3.140e-001,+1.171e-001,-1.530e-001,+2.512e-001,+2.309e-001,+2.589e-001,+4.425e-001,-1.345e-001,-1.831e-001,-1.390e-001,+1.220e-001,-2.252e-001,-3.535e-001,+3.921e-001,+2.110e-001,+1.276e-001,+2.125e-001,+2.203e-001,+3.139e-001,-2.276e-001,+3.209e-002,-4.858e-001,-4.217e-001,+1.347e-001,-5.177e-001,-1.272e-001,+2.104e-001,-4.220e-001,-9.135e-003,-2.561e-001,-2.642e-004,-2.044e-001,+3.467e-001,-1.057e-001,-5.867e-001,-6.488e-002,-3.431e-001,+1.364e-001,-3.912e-001,-9.414e-002,+1.537e-001,+1.733e-001,-1.380e-001,-2.686e-002,+1.277e-001,+1.442e-001,+2.128e-001,-1.567e-001,+2.555e-001,+4.038e-001,+8.009e-001,+2.505e-001,+3.630e-001,+1.096e-001,+1.822e-001,-8.496e-001 },
  {+1.259e-001,-8.929e-001,-1.006e-001,-6.893e-002,-4.498e-001,-7.849e-002,-6.890e-002,+1.514e-001,-2.366e-002,-1.170e-001,-2.920e-001,+4.092e-001,+4.186e-001,-2.119e-001,+4.626e-002,-1.529e-004,-4.746e-001,+2.384e-001,-7.849e-002,-2.205e-002,+3.803e-001,-2.594e-001,+2.528e-001,-5.797e-001,-1.664e-001,+1.827e-001,+5.786e+000,-5.779e-001,-4.663e-001,-4.891e-001,+5.825e-002,+4.871e-001,+5.967e-002,-4.377e-001,-5.094e-001,+2.449e-001,+2.543e-001,-1.086e-001,+1.952e-001,-2.233e-001,-1.624e-001,+4.739e-001,-3.675e-001,-8.403e-002,+1.468e-001,-1.649e-001,-2.614e-001,-2.464e-001,+4.870e-001,-1.236e-001,-4.504e-001,-2.086e-001,-3.300e-001,-3.417e-001,-3.821e-001,-2.007e-001,+1.358e-001,-1.648e-001,-1.844e-003,+3.009e-001,-1.487e-001,-4.695e-001,-5.236e-003,-6.305e-001,+4.563e-001,-1.299e-001,-1.741e-001,+2.808e-001,+8.359e-001,+5.332e-001,-3.904e-001,+3.170e-001,-1.141e-001,+6.291e-002,+9.038e-002,+3.780e-001,-1.744e-001,+8.697e-002,+3.617e-001,-2.792e-002,+9.882e-002,+3.257e-001,-4.013e-001,+8.091e-002,+1.071e+000,+4.693e-001,-5.266e-001,-8.698e-001,-8.303e-002,-1.572e-002,+6.257e-002,-1.496e-001,+1.497e-002,-9.881e-002,+2.829e-002,+1.814e-001,+1.366e-001,-2.384e-001,-2.076e-001,-5.101e-001 },
  {-4.964e-001,+2.787e-001,+3.092e-001,-9.942e-002,-6.003e-004,-8.879e-002,+7.577e-002,+2.707e-001,+3.770e-001,+3.579e-001,-1.158e-001,+2.195e-001,-5.327e-001,-1.082e-001,+4.200e-001,-7.304e-002,+5.850e-001,+6.100e-002,+1.995e-001,+9.380e-002,+2.169e-001,+2.083e-001,-4.273e-001,+3.689e-001,-3.614e-001,+5.071e-002,-5.779e-001,+5.380e+000,-1.153e-001,+1.157e-001,-2.273e-001,-1.169e-001,+1.599e-001,+4.692e-001,-2.313e-001,-1.137e-002,+1.116e-001,+4.359e-001,-9.519e-002,+1.616e-001,-3.531e-001,+1.096e-001,+2.033e-002,-6.451e-002,-1.804e-001,+2.519e-001,-1.647e-001,+3.490e-001,+4.435e-001,-4.531e-001,+2.066e-001,+7.020e-002,+1.661e-002,+1.719e-002,-1.602e-003,+1.062e-001,-3.077e-001,-1.769e-001,+2.217e-001,+2.368e-001,+1.898e-001,+1.420e-001,-2.011e-001,+1.460e-001,-3.319e-001,-8.345e-002,+1.232e-002,-5.885e-001,-3.145e-001,+1.222e-002,-2.941e-002,-1.642e-002,-4.072e-001,+2.457e-001,-2.285e-001,+1.197e-001,+1.866e-001,+1.789e-002,-3.861e-001,+2.346e-001,+4.570e-002,-4.698e-002,+1.524e-001,-1.821e-001,+1.210e-001,-4.008e-001,-5.346e-001,+1.771e-002,+4.027e-001,-1.787e-001,+4.094e-001,+2.611e-001,-2.473e-001,+2.811e-002,-4.454e-001,+2.503e-001,-7.317e-002,+4.595e-002,+1.902e-001,+1.702e-001 },
  {-4.008e-001,+2.842e-001,+3.352e-001,+2.082e-001,-2.695e-001,-8.678e-001,-2.278e-001,+1.628e-001,+1.313e-001,-1.546e-001,-3.334e-001,-4.249e-001,+3.947e-001,+5.013e-001,+5.158e-001,-1.078e-002,-8.980e-003,-1.864e-001,+1.586e-001,+5.801e-001,-2.808e-001,+1.622e-001,-8.687e-002,-2.720e-001,+3.719e-001,+4.934e-001,-4.663e-001,-1.153e-001,+5.913e+000,-1.431e-001,+2.379e-002,-1.766e-001,-6.070e-001,-2.341e-001,+4.587e-002,-3.938e-001,+1.939e-001,-8.279e-002,+2.797e-001,+1.863e-001,-3.104e-002,+8.536e-002,+3.301e-001,+3.705e-001,-1.112e-001,+1.540e-001,-1.832e-002,-3.672e-001,+2.899e-001,+1.156e-001,+1.079e-001,-1.398e-001,+3.137e-001,+3.429e-001,+1.240e-001,+1.591e-001,-6.465e-001,-4.085e-001,-2.830e-002,-5.346e-002,+1.752e-002,+4.409e-001,-2.043e-001,+4.303e-001,-6.533e-001,+1.470e-001,-8.538e-001,+1.458e-001,+1.411e-001,+4.412e-001,-4.015e-001,-4.674e-001,+6.691e-002,-5.128e-003,-4.787e-001,-2.049e-001,-4.832e-001,-1.067e-001,-7.593e-004,-3.260e-001,-4.648e-001,-3.011e-001,-1.204e-001,+1.372e-001,+1.693e-001,+3.488e-001,+1.114e-001,+7.382e-002,+6.374e-002,+7.476e-002,-1.239e-001,-1.222e-002,-3.764e-001,+3.712e-001,-1.943e-002,+1.962e-001,+7.280e-001,+3.522e-001,+2.783e-001,+1.672e-002 },
