SDPA start at [Tue Sep 07 12:42:38 2021]
param  is ./param.sdpa 
data   is G:\Research\PhysarumSDPSolver\SDPA\testSet\large2\large2-100-6.dat-s  : sparse
""Large randomly generated tests with n = 100 and m in [5,2]""
out    is G:\Research\PhysarumSDPSolver\SDPA\testSet\large2\large2-100-6.dat-s.res
NumThreads  is set as 1
Schur computation : DENSE 
   mu      thetaP  thetaD  objP      objD      alphaP  alphaD  beta 
 0 1.0e+004 1.0e+000 1.0e+000 -0.00e+000 -5.22e+004 9.1e-001 1.0e+000 2.00e-001
 1 1.8e+003 9.2e-002 1.9e-015 +3.69e-001 -6.57e+004 9.9e-001 1.6e+000 2.00e-001
 2 3.0e+002 9.8e-004 2.8e-015 +3.69e-001 -2.94e+004 1.0e+000 1.1e+000 2.00e-001
 3 4.5e+001 9.2e-018 1.5e-015 +3.41e-001 -4.49e+003 7.3e+001 9.8e-001 1.00e-001
 4 5.4e+000 9.2e-018 4.2e-016 -2.99e+000 -5.39e+002 9.9e-001 9.9e-001 1.00e-001
 5 6.0e-001 9.2e-018 2.0e-017 -2.83e+000 -6.28e+001 9.3e-001 9.5e-001 1.00e-001
 6 8.4e-002 1.8e-017 1.0e-017 -3.32e+000 -1.18e+001 1.5e+000 8.7e-001 1.00e-001
 7 1.8e-002 1.8e-017 1.2e-017 -3.41e+000 -5.18e+000 1.2e+000 9.7e-001 1.00e-001
 8 2.2e-003 1.8e-017 1.7e-017 -3.42e+000 -3.64e+000 1.2e+000 9.5e-001 1.00e-001
 9 3.2e-004 2.8e-017 1.2e-016 -3.42e+000 -3.45e+000 1.1e+000 1.0e+000 1.00e-001
10 3.3e-005 2.8e-017 1.3e-016 -3.42e+000 -3.42e+000 1.0e+000 1.0e+000 1.00e-001
11 3.4e-006 2.8e-017 1.6e-016 -3.42e+000 -3.42e+000 1.0e+000 1.0e+000 1.00e-001
12 3.5e-007 1.8e-017 1.6e-016 -3.42e+000 -3.42e+000 1.0e+000 1.0e+000 1.00e-001
13 3.5e-008 1.8e-017 3.6e-016 -3.42e+000 -3.42e+000 1.0e+000 1.0e+000 1.00e-001
14 3.5e-009 2.8e-017 1.3e-015 -3.42e+000 -3.42e+000 9.0e-001 9.0e-001 1.00e-001

phase.value  = pdFEAS    
   Iteration = 14
          mu = +3.4667060715143361e-009
relative gap = +1.0136365066892607e-007
        gap  = +3.4667046300285165e-007
     digits  = +6.9941177564827566e+000
objValPrimal = -3.4200666920063361e+000
objValDual   = -3.4200670386767991e+000
p.feas.error = +2.6645352591003757e-015
d.feas.error = +2.4755308913881890e-011
total time   = 0.808096
** Paramters **
maxIteration = 100
epsilonStar  = +9.9999999999999995e-008
lambdaStar   = +1.0000000000000000e+002
omegaStar    = +2.0000000000000000e+000
lowerBound   = -1.0000000000000000e+005
upperBound   = +1.0000000000000000e+005
betaStar     = +1.0000000000000001e-001
betaBar      = +2.0000000000000001e-001
gammaStar    = +9.0000000000000002e-001
epsilonDash  = +9.9999999999999995e-008
xPrint       = %+8.3e 
XPrint       = %+8.3e 
YPrint       = %+8.3e 
infPrint     = %+10.16e 

                         Time(sec)  Ratio(% : MainLoop) 
 Predictor time  =       0.133050,  19.471596
 Corrector time  =       0.092009,  13.465329
 Make bMat time  =       0.020996,  3.072722
 Make bDia time  =       0.000000,  0.000000
 Make bF1  time  =       0.020316,  2.973205
 Make bF2  time  =       0.000000,  0.000000
 Make bF3  time  =       0.000000,  0.000000
 Make bPRE time  =       0.020316,  2.973205
 Make rMat time  =       0.009172,  1.342303
 Make gVec Mul   =       0.000095,  0.013903
 Make gVec time  =       0.008689,  1.271617
 Cholesky bMat   =       0.000000,  0.000000
 Ste Pre time    =       0.000000,  0.000000
 Ste Cor time    =       0.392809,  57.486796
 solve           =       0.000000,  0.000000
 sumDz           =       0.008001,  1.170930
 makedX          =       0.001691,  0.247474
 symmetriseDx    =       0.176510,  25.831878
 makedXdZ        =       0.186202,  27.250283
 xMatTime        =       0.016035,  2.346690
 zMatTime        =       0.033309,  4.874704
 invzMatTime     =       0.000000,  0.000000
 xMatzMatTime    =       0.000000,  0.000000
 EigxMatTime     =       0.200940,  29.407159
 EigzMatTime     =       0.183841,  26.904755
 EigxMatzMatTime =       0.000000,  0.000000
 updateRes       =       0.008084,  1.183077
 EigTime         =       0.384781,  56.311914
 sub_total_bMat  =       0.662307,  96.927278
 Main Loop       =       0.683303,  100.000000
 File Check      =       0.000000,  0.000000
 File Change     =       0.000000,  0.000000
 File Read       =       0.124793,  18.263201
 Total           =       0.808096,  118.263201

xVec = 
{+1.523e-003,-1.174e-003,+4.590e-003,-4.500e-003,+5.492e-003,-4.318e-003}
xMat = 
{
{ {+5.851e+000,-1.956e-001,+2.508e-001,-9.671e-002,-3.640e-001,+1.091e-001,+3.987e-001,+1.125e-001,-8.545e-002,+1.997e-001,-5.361e-002,+2.836e-001,-2.467e-001,+3.132e-002,+2.986e-001,+1.537e-001,+5.432e-001,-3.786e-002,+1.832e-001,+9.962e-002,+1.423e-003,+4.784e-001,-4.960e-002,-7.698e-001,+3.003e-001,-5.950e-002,+1.854e-001,+1.658e-001,+4.948e-001,-1.894e-001,+9.651e-003,+1.098e-001,-9.889e-002,+2.906e-001,-5.928e-001,+4.936e-001,-5.225e-001,+5.101e-001,-2.218e-001,+2.948e-001,-4.617e-001,-2.665e-001,-4.351e-002,-4.459e-001,+3.228e-001,-1.040e-001,-3.344e-003,-2.432e-002,-6.801e-001,-8.690e-002,-5.665e-001,-6.416e-002,+7.386e-002,+2.318e-001,+6.688e-002,-3.964e-001,-2.735e-001,-2.914e-001,+1.483e-002,-3.596e-001,-4.381e-002,-3.168e-001,-9.500e-002,+3.942e-001,-1.977e-001,+1.663e-001,-1.226e-002,+2.929e-001,-7.481e-002,-1.527e-001,-1.701e-001,+9.230e-002,-2.451e-001,-3.589e-002,-1.485e-002,+3.266e-001,+6.213e-001,+1.735e-001,+1.561e-001,+3.730e-001,+5.428e-003,-7.432e-002,-1.099e-001,-3.300e-002,-2.024e-001,-6.011e-001,-2.007e-002,-2.319e-001,+3.004e-001,+1.161e-001,-8.211e-002,+6.634e-001,-9.013e-002,+2.977e-001,-1.332e-001,+4.078e-001,+1.078e-001,+2.774e-001,+4.951e-002,+1.179e-001 },
  {-1.956e-001,+5.303e+000,+3.962e-001,-1.586e-001,+3.066e-001,+1.650e-001,+2.047e-001,+1.483e-001,-5.328e-001,+4.326e-002,-1.144e-001,+1.982e-001,+9.134e-002,-3.317e-001,+1.306e-001,-3.357e-002,+2.030e-001,-3.709e-001,+8.352e-002,+2.810e-001,+3.122e-001,+2.752e-001,-1.595e-001,+3.244e-002,+9.039e-002,-6.719e-002,-4.136e-001,+8.868e-001,+4.172e-001,+3.949e-001,-8.998e-002,-3.157e-001,-4.406e-001,-3.255e-001,-1.839e-002,-1.898e-001,-1.836e-001,+3.834e-001,-1.156e-001,-6.451e-002,+3.497e-001,+3.432e-001,+6.575e-001,-5.078e-002,-1.215e-001,+1.976e-001,-3.385e-001,+2.704e-001,+2.590e-001,-1.842e-001,-3.178e-001,+7.188e-002,+8.094e-001,-3.687e-001,+1.723e-001,-2.309e-001,+1.117e-001,+3.532e-001,-2.974e-002,-1.167e-001,+2.889e-001,+2.630e-001,-5.733e-001,-4.387e-001,+2.669e-001,-3.505e-001,+2.081e-001,+4.218e-001,-2.140e-001,+1.091e-001,+4.889e-002,-2.631e-002,-4.377e-001,-3.119e-001,+1.427e-001,-2.093e-001,+5.201e-001,-4.187e-001,-2.369e-001,-6.547e-002,-3.206e-002,-2.789e-002,+4.824e-001,-2.554e-001,-8.248e-002,+3.435e-001,-1.535e-001,+2.168e-001,+5.847e-002,+4.137e-001,-7.122e-003,+1.915e-001,-1.163e-001,-3.445e-002,-4.426e-001,-4.342e-001,+4.925e-002,+2.325e-001,+6.461e-002,+3.442e-001 },
  {+2.508e-001,+3.962e-001,+5.235e+000,+4.829e-001,-3.472e-003,+1.691e-001,-1.137e-001,-4.432e-001,+1.425e-001,+8.291e-001,+4.116e-001,-2.794e-001,+4.732e-001,+2.967e-001,-2.969e-001,+3.243e-002,+5.756e-002,-2.159e-001,+8.279e-002,+4.590e-001,-1.106e-001,-4.366e-001,+4.665e-001,-8.088e-002,+1.920e-001,-8.538e-002,+2.578e-001,-9.471e-002,+6.390e-001,-2.266e-001,+3.498e-001,-2.696e-001,+4.951e-001,+7.983e-002,+5.223e-002,+2.526e-001,-8.075e-001,-2.306e-001,-1.519e-001,+1.541e-001,-4.168e-001,-2.110e-001,+3.877e-002,-3.230e-001,+4.665e-002,-5.398e-001,-2.485e-002,-7.525e-001,-1.472e-001,-1.373e-001,-2.498e-001,+4.122e-002,+3.850e-002,+2.202e-002,-7.465e-002,+2.720e-001,+8.371e-002,-1.888e-002,+2.747e-001,+5.816e-002,-2.673e-001,+3.140e-001,-2.203e-001,-1.236e-001,+4.484e-002,-3.068e-001,+2.164e-001,-1.076e-001,-1.999e-001,+5.052e-001,-4.346e-001,-1.411e-001,-1.356e-001,+3.497e-001,-2.201e-001,+2.893e-001,-2.191e-001,+4.343e-001,-7.616e-001,-2.499e-001,+1.761e-001,+9.195e-003,-2.871e-001,+3.449e-001,+2.251e-001,+2.538e-001,+4.351e-001,-5.245e-001,-1.258e-001,+8.363e-002,-1.958e-001,-7.579e-002,+4.048e-002,+3.325e-001,+1.789e-001,+4.425e-001,+8.327e-002,+7.973e-002,-4.724e-001,+7.164e-002 },
  {-9.671e-002,-1.586e-001,+4.829e-001,+4.776e+000,+2.432e-001,-5.329e-003,+8.673e-003,+2.138e-001,+4.841e-002,+1.070e-001,+4.446e-001,-1.866e-001,+6.794e-002,-1.457e-001,+1.485e-002,-1.191e-001,+1.856e-001,+1.498e-001,+9.986e-002,-1.584e-001,-3.343e-001,-2.765e-001,+5.296e-002,-3.291e-001,-3.562e-001,+5.756e-001,-1.084e-001,+2.172e-002,-3.496e-002,-2.111e-001,+2.056e-003,+3.015e-001,-4.848e-001,+1.395e-001,+8.479e-002,-2.174e-001,-2.372e-001,+2.549e-001,+8.534e-002,+1.891e-001,-7.952e-002,-2.346e-001,+1.038e-001,-1.404e-001,+3.068e-001,+2.145e-001,-2.414e-001,+4.777e-001,+6.073e-002,-1.827e-001,-1.260e-001,+4.954e-001,-4.448e-001,+3.566e-001,-2.385e-001,+6.184e-001,+4.113e-002,-5.148e-002,-5.117e-001,+1.352e-001,-1.190e-001,+3.290e-002,-4.278e-001,+1.079e-001,+4.652e-001,+1.962e-001,-2.447e-001,-1.135e-001,+6.124e-001,+1.226e-001,-4.476e-001,-1.025e-001,+2.238e-001,+2.484e-001,-2.956e-001,-3.782e-002,+2.812e-001,+2.616e-001,-2.836e-001,+6.418e-002,+1.379e-001,-1.273e-001,+5.403e-001,-1.515e-001,-1.775e-001,+8.899e-001,+4.227e-001,+7.658e-002,-1.043e-001,+1.955e-001,+1.307e-001,+1.343e-003,+2.393e-001,-1.106e-001,-1.590e-001,-5.054e-005,+4.764e-001,-1.980e-002,-8.260e-002,-1.344e-001 },
  {-3.640e-001,+3.066e-001,-3.472e-003,+2.432e-001,+4.879e+000,-2.014e-001,+3.047e-001,+4.311e-001,+7.278e-003,-1.208e-001,+3.021e-002,-2.156e-001,-7.421e-002,+7.851e-002,+2.912e-002,+1.489e-001,-4.423e-001,-1.184e-001,+1.522e-001,+1.674e-001,+1.115e-001,+1.358e-001,-4.766e-001,+2.249e-001,+3.060e-001,-2.852e-001,+1.303e-001,-7.880e-002,+2.648e-002,-1.981e-001,-3.427e-001,+4.195e-001,+8.706e-002,-3.479e-001,+4.373e-003,+1.340e-001,+5.080e-002,+1.527e-001,-2.607e-001,+2.474e-002,+3.616e-001,+1.520e-003,+4.167e-001,-2.603e-001,-1.240e-001,+4.411e-001,-2.235e-001,+3.277e-001,+5.794e-002,-1.552e-001,+2.651e-002,+2.780e-002,+1.928e-001,+2.697e-001,-5.414e-001,+1.200e-001,-2.476e-001,-3.100e-001,+5.397e-001,-2.417e-001,-4.459e-003,+4.761e-001,-6.047e-002,-1.075e-001,+1.222e-003,+1.266e-001,-2.535e-001,-3.016e-002,+2.289e-002,-1.851e-001,-2.839e-001,+1.334e-001,+1.306e-001,+7.933e-002,+1.069e-001,+4.409e-001,+1.724e-003,-5.005e-001,+7.176e-002,-2.648e-001,+3.053e-001,-8.343e-003,-3.501e-001,-4.695e-002,-2.811e-001,+2.217e-001,+7.346e-002,+8.565e-002,-2.826e-001,-2.870e-001,+1.128e-001,+8.224e-002,+1.638e-002,-8.106e-002,+3.896e-001,-5.677e-001,-6.813e-002,+1.792e-001,+2.967e-002,-1.035e-001 },
  {+1.091e-001,+1.650e-001,+1.691e-001,-5.329e-003,-2.014e-001,+5.280e+000,+3.794e-001,+3.150e-001,+1.867e-001,+2.142e-001,-6.064e-001,+2.446e-001,-1.557e-001,-3.910e-001,-1.751e-001,-1.786e-001,-1.312e-001,-5.725e-001,-5.052e-001,-4.445e-002,-1.485e-001,-5.097e-001,+1.220e-001,+5.248e-002,+2.893e-002,+3.852e-001,-1.049e-001,-1.451e-001,+3.609e-002,+6.667e-001,-1.494e-001,-4.317e-002,-1.699e-001,+3.024e-001,+8.590e-002,-5.441e-004,+2.880e-001,-2.821e-001,+6.599e-002,+1.499e-001,+1.397e-001,+5.950e-002,+1.456e-001,+5.053e-001,-4.062e-001,+9.030e-002,-3.020e-001,-2.239e-001,-3.629e-002,+5.853e-001,+3.026e-001,-3.488e-001,-4.817e-001,-1.611e-001,-2.868e-001,-2.670e-002,+3.013e-001,+1.233e-001,+9.624e-002,-3.501e-001,+1.819e-001,+2.311e-001,+9.552e-003,+1.091e-002,-6.225e-002,-2.924e-001,+2.745e-001,+9.179e-002,-1.420e-001,-2.131e-001,+9.990e-002,+2.547e-001,+2.110e-001,+1.173e-001,+1.027e-001,-3.052e-002,-7.878e-001,+3.378e-001,+9.282e-002,-4.048e-001,-2.035e-002,+5.854e-001,+4.152e-001,-1.106e-001,+1.780e-001,+2.528e-001,-1.742e-001,-1.918e-001,+2.167e-001,+3.260e-002,+2.662e-001,-1.228e-001,-1.985e-001,-1.254e-001,-2.119e-001,-9.048e-002,-2.476e-001,-5.013e-002,+7.446e-002,-1.886e-001 },
  {+3.987e-001,+2.047e-001,-1.137e-001,+8.673e-003,+3.047e-001,+3.794e-001,+5.112e+000,-1.914e-001,-1.200e-001,-1.150e-002,+9.113e-002,-4.592e-001,+1.917e-001,+2.776e-001,-2.937e-001,-2.591e-001,+2.326e-001,+2.202e-002,-5.517e-001,-1.302e-001,+3.171e-001,-6.755e-002,-1.306e-001,-5.612e-002,-2.056e-001,-1.658e-001,+1.883e-002,-2.499e-001,-3.918e-002,-2.779e-001,+3.471e-001,-3.025e-001,+5.272e-001,-7.196e-002,+1.696e-001,+3.792e-001,-2.180e-001,+8.360e-003,+1.616e-001,+2.244e-001,+5.138e-001,+3.054e-001,+2.740e-002,-2.603e-001,+2.342e-002,-6.098e-002,+7.344e-002,-2.950e-001,-8.759e-002,+1.097e-001,+6.519e-002,-6.221e-003,+1.555e-001,-1.293e-001,+3.218e-001,-2.349e-001,-5.188e-001,+6.251e-001,-3.243e-001,+2.344e-001,+9.388e-002,-7.162e-002,+6.726e-002,-8.409e-002,+5.307e-001,+1.054e-001,-7.174e-002,+1.351e-001,+9.425e-001,-2.229e-001,-1.718e-002,-2.295e-001,+2.839e-001,-2.431e-001,-2.010e-001,-2.803e-001,+1.073e-001,-1.908e-002,+2.440e-001,+1.913e-001,+1.135e-001,-3.736e-001,+2.243e-001,+4.335e-001,-2.742e-001,-2.265e-001,+5.875e-001,-4.293e-001,-2.042e-001,-6.234e-001,+5.531e-001,+2.299e-001,+8.387e-001,-2.487e-001,-9.384e-002,-2.207e-001,-1.019e-001,-1.766e-001,+1.489e-001,-5.821e-002 },
  {+1.125e-001,+1.483e-001,-4.432e-001,+2.138e-001,+4.311e-001,+3.150e-001,-1.914e-001,+4.768e+000,+6.099e-002,+6.122e-001,-1.030e-001,-1.609e-001,+2.478e-001,+2.671e-001,+9.502e-005,-1.880e-001,-4.701e-001,+1.856e-001,+1.684e-001,+5.595e-001,-1.007e-001,-3.287e-001,-4.088e-001,-3.324e-001,+5.918e-001,+2.072e-001,+3.542e-001,+2.216e-001,-3.558e-001,-5.683e-002,-3.402e-002,+2.786e-001,-1.720e-001,+7.027e-002,-1.003e-002,-1.854e-001,-2.410e-001,-5.847e-001,-2.083e-001,-3.351e-001,+1.091e-001,+3.072e-001,+2.373e-001,+4.950e-001,+5.051e-001,-1.362e-001,-1.238e-001,-1.965e-001,-2.542e-002,+4.380e-001,+2.969e-001,+4.461e-002,+1.023e-001,-2.258e-001,+1.408e-001,+2.531e-001,+7.741e-002,-1.162e-001,+3.073e-001,-3.750e-001,+1.308e-002,-1.293e-001,-8.952e-002,-3.172e-002,+3.681e-001,-2.330e-001,-2.415e-001,+5.339e-002,-4.555e-001,+2.977e-001,-4.165e-001,+2.488e-001,-5.156e-001,+2.561e-001,+2.753e-001,-3.636e-001,-3.122e-002,+1.911e-001,-2.501e-001,-2.529e-001,+4.934e-002,-5.756e-001,+2.650e-001,+2.968e-001,-1.507e-001,-8.150e-002,-4.077e-001,+3.258e-001,-4.235e-001,+2.466e-001,+2.941e-003,+1.475e-001,+4.028e-001,+2.827e-001,+2.481e-002,+5.540e-001,+3.874e-002,+2.147e-001,+1.796e-001,+2.993e-001 },
  {-8.545e-002,-5.328e-001,+1.425e-001,+4.841e-002,+7.278e-003,+1.867e-001,-1.200e-001,+6.099e-002,+5.249e+000,+2.985e-001,-2.738e-001,+2.114e-001,+3.306e-001,-4.402e-001,-3.172e-001,+2.051e-001,-3.595e-001,+2.960e-002,+3.373e-001,-1.094e-001,-7.499e-002,-1.289e-001,+2.027e-001,+2.374e-004,+4.227e-001,+3.976e-002,+2.966e-001,-3.837e-002,+6.870e-001,+2.557e-001,+2.507e-002,-4.392e-001,+4.707e-002,-4.503e-002,-2.476e-002,+2.598e-001,-4.460e-002,-4.276e-001,-1.543e-002,-7.142e-002,+3.279e-001,-1.017e-001,+1.910e-001,+3.700e-001,+7.771e-002,-4.882e-002,+1.610e-001,+8.792e-002,-2.438e-001,-1.681e-001,-3.475e-001,+7.892e-002,+2.287e-002,-8.280e-002,+4.514e-001,-2.283e-001,+3.979e-001,+6.196e-001,-1.587e-002,+4.539e-001,-7.242e-001,-5.526e-001,+6.626e-001,+3.513e-001,-1.177e-001,+3.654e-001,+2.918e-001,-2.066e-002,+4.504e-001,-1.832e-001,+1.748e-001,+5.453e-002,+2.732e-001,-5.476e-001,-3.748e-001,+1.518e-001,+1.080e-001,-2.305e-001,-2.892e-001,-7.540e-001,-1.395e-001,+2.371e-001,-1.205e-001,-4.640e-001,+5.389e-001,-3.379e-001,+1.680e-001,-3.169e-001,-3.752e-001,+8.519e-002,+3.796e-001,-2.861e-001,-3.516e-003,+1.781e-001,+5.565e-002,-2.438e-002,+3.989e-001,+1.604e-001,+1.176e-001,-1.683e-001 },
  {+1.997e-001,+4.326e-002,+8.291e-001,+1.070e-001,-1.208e-001,+2.142e-001,-1.150e-002,+6.122e-001,+2.985e-001,+5.379e+000,+4.819e-001,-6.187e-001,-3.523e-002,+2.878e-001,+1.636e-001,-3.532e-002,-1.657e-001,-3.405e-002,-1.719e-001,-1.009e-001,+2.148e-001,-2.703e-001,+2.430e-001,-4.042e-001,+1.583e-001,+1.839e-001,-3.969e-001,+7.575e-002,-9.249e-002,-5.718e-003,-5.395e-002,+1.633e-002,+3.433e-001,-9.772e-002,+6.912e-001,+2.801e-001,+7.083e-002,-1.370e-001,+1.971e-002,+2.215e-001,+1.879e-001,-5.589e-002,+5.476e-001,+2.928e-001,-5.418e-002,+1.612e-001,+3.927e-001,-8.971e-001,-5.442e-001,+1.029e-001,-2.379e-001,-1.024e-001,+3.544e-001,-2.725e-001,+1.342e-001,-4.433e-001,-1.265e-001,-2.666e-001,-2.222e-002,+3.430e-001,-1.863e-001,-3.446e-001,-4.321e-001,-4.832e-001,-1.396e-001,-4.354e-002,-8.828e-001,+2.785e-002,+2.150e-001,-3.591e-002,-1.486e-001,+8.297e-003,-4.538e-001,+5.876e-001,-1.524e-001,-1.061e-001,-3.061e-001,-7.262e-001,+3.330e-001,+6.426e-001,+4.211e-001,-4.773e-002,-3.801e-001,+6.670e-001,+3.004e-001,+2.300e-001,+5.089e-001,-2.135e-002,+3.496e-001,+3.578e-001,-1.240e-001,-1.190e-001,+2.051e-001,+2.516e-001,-1.691e-001,-6.034e-002,+1.865e-001,+7.056e-001,-2.085e-001,+4.084e-001 },
  {-5.361e-002,-1.144e-001,+4.116e-001,+4.446e-001,+3.021e-002,-6.064e-001,+9.113e-002,-1.030e-001,-2.738e-001,+4.819e-001,+4.853e+000,-4.167e-001,-4.686e-002,+3.752e-001,+1.589e-001,+8.343e-002,+3.244e-001,+3.207e-001,+1.827e-001,+1.041e-001,-9.306e-002,-2.272e-001,-1.183e-001,+3.919e-001,-6.501e-002,+2.509e-001,-4.168e-001,-2.715e-001,-4.374e-002,+3.292e-001,+4.277e-002,-6.712e-002,+2.989e-001,-1.396e-001,+3.497e-001,+1.327e-001,+3.879e-001,+2.063e-001,-1.247e-002,-4.116e-001,+3.685e-001,-1.585e-001,+1.171e-001,-3.634e-001,-2.051e-001,+4.521e-002,-2.192e-001,-9.074e-002,+1.880e-001,-3.390e-002,-2.875e-001,-3.894e-001,+1.699e-001,+2.312e-001,-9.018e-002,-9.281e-002,+2.152e-001,+2.160e-001,+4.243e-001,+9.213e-002,-2.272e-001,+3.634e-001,+1.625e-002,-2.382e-002,-4.481e-001,+3.257e-001,+1.819e-001,-9.442e-002,-7.377e-003,-2.993e-002,+4.667e-001,-3.967e-001,-2.072e-001,-6.863e-002,-2.765e-001,-2.538e-001,+2.850e-002,-4.360e-001,+2.544e-001,-1.106e-001,+3.207e-001,-6.198e-002,-1.011e-001,+1.043e-001,-2.860e-001,-2.278e-001,-3.666e-001,+9.612e-003,+1.996e-001,+6.787e-003,+8.080e-004,+3.781e-001,+4.175e-001,+6.952e-001,+7.998e-001,+1.348e-001,-1.329e-001,-7.402e-001,+2.866e-001,+1.781e-001 },
  {+2.836e-001,+1.982e-001,-2.794e-001,-1.866e-001,-2.156e-001,+2.446e-001,-4.592e-001,-1.609e-001,+2.114e-001,-6.187e-001,-4.167e-001,+5.195e+000,+4.461e-001,-1.597e-002,+6.363e-001,+4.717e-001,-4.527e-001,+5.659e-002,-2.805e-001,+2.989e-001,+1.730e-001,+1.871e-001,+6.273e-001,+4.864e-002,+1.679e-001,-8.406e-002,-1.680e-001,-3.953e-001,+3.327e-001,+7.333e-002,+6.507e-001,-5.864e-001,-1.064e-002,-3.063e-001,-1.054e-001,+3.549e-001,+5.311e-001,-4.222e-001,+6.431e-002,+6.872e-003,+2.309e-001,+9.031e-002,+1.751e-001,-4.739e-002,-1.625e-001,-5.838e-001,+2.875e-001,-2.954e-003,-2.187e-001,+4.048e-001,-3.089e-002,+1.201e-001,-3.751e-001,+1.271e-001,-2.446e-001,+1.649e-001,+2.975e-001,-4.684e-001,+1.985e-001,-2.679e-001,-6.287e-001,+1.337e-001,+1.949e-001,+6.000e-002,-2.419e-001,-3.302e-001,+4.778e-001,-2.807e-002,+4.296e-001,+3.608e-001,-4.869e-001,+1.095e-001,+4.658e-003,+6.975e-001,-1.085e-001,-4.593e-003,+3.704e-001,+3.947e-001,-7.101e-002,-2.125e-001,+1.319e-001,-1.303e-001,+9.281e-001,-3.134e-001,+4.055e-002,-4.616e-002,-1.890e-001,+5.417e-002,+3.918e-002,+2.571e-001,+4.425e-001,-1.948e-001,+1.012e-001,-1.291e-001,+2.100e-001,-5.720e-001,+3.104e-002,-2.257e-001,-5.160e-002,-3.034e-001 },
  {-2.467e-001,+9.134e-002,+4.732e-001,+6.794e-002,-7.421e-002,-1.557e-001,+1.917e-001,+2.478e-001,+3.306e-001,-3.523e-002,-4.686e-002,+4.461e-001,+4.943e+000,-1.177e-001,-4.863e-001,-2.567e-001,+2.813e-001,-1.274e-001,+1.702e-004,+2.356e-002,-1.687e-002,+2.152e-001,-3.959e-001,-9.640e-002,-2.716e-001,+1.951e-001,-7.259e-002,-2.063e-001,-5.702e-002,+1.119e-001,+3.787e-002,-3.444e-002,-5.377e-002,+3.022e-001,+1.091e-001,+4.421e-002,-7.664e-002,+4.815e-001,-1.051e-001,-5.643e-002,-6.727e-001,-4.583e-001,+9.724e-002,-2.633e-001,-7.125e-002,-1.170e-001,+1.145e-001,+7.260e-002,+9.113e-002,-7.367e-002,-3.717e-002,-3.908e-001,+4.483e-001,+2.430e-001,+1.609e-002,+1.312e-001,-1.745e-001,+5.176e-002,+3.309e-001,+1.483e-002,+3.707e-001,-8.761e-003,+2.930e-001,+1.150e-002,+1.876e-001,+3.867e-002,-2.894e-001,+5.879e-001,-1.155e-001,+3.342e-001,+5.986e-001,-1.789e-001,-1.626e-001,-1.042e-002,+1.738e-001,+2.037e-001,+1.451e-002,-1.609e-001,-5.375e-002,-1.018e-001,-1.961e-001,-4.369e-001,-1.856e-001,-1.746e-001,+1.424e-001,+9.220e-001,-3.791e-001,+6.678e-001,-9.210e-001,-1.925e-001,-7.172e-003,+1.136e-001,-9.174e-002,-4.462e-002,-1.333e-001,-3.443e-001,+1.819e-001,-3.382e-001,-4.612e-002,+3.195e-001 },
  {+3.132e-002,-3.317e-001,+2.967e-001,-1.457e-001,+7.851e-002,-3.910e-001,+2.776e-001,+2.671e-001,-4.402e-001,+2.878e-001,+3.752e-001,-1.597e-002,-1.177e-001,+5.072e+000,-1.228e-001,+4.325e-002,+3.052e-001,+4.609e-002,+5.297e-001,+1.535e-001,+2.024e-001,+8.953e-002,+9.649e-002,-3.157e-001,-1.840e-001,-9.477e-002,+1.207e-001,+2.984e-001,-1.724e-001,+2.159e-002,+8.344e-002,-5.049e-001,-4.048e-001,+2.369e-001,-2.428e-001,-1.083e-001,+5.374e-002,-1.225e-001,+2.411e-001,+3.878e-001,-1.468e-001,+1.333e-001,+3.511e-002,-1.002e-001,+6.561e-001,-6.089e-001,+3.618e-001,+1.882e-001,+1.825e-001,+1.848e-001,+1.689e-002,-3.064e-001,-1.913e-003,+4.105e-001,+5.519e-002,-9.960e-002,+1.959e-001,+2.273e-002,-2.705e-001,-4.361e-001,+1.837e-001,+3.241e-001,+1.319e-001,+2.294e-001,+2.111e-002,-1.877e-001,+1.950e-001,-1.230e-001,-3.826e-001,-3.697e-001,+1.063e-001,-3.476e-001,+2.920e-001,+2.481e-001,+2.006e-001,+3.281e-001,-8.988e-002,+4.228e-002,-2.650e-001,+2.864e-001,+2.221e-001,+6.429e-002,+1.194e-001,+3.747e-001,+2.384e-001,-8.584e-002,-8.247e-002,-1.444e-001,+4.076e-001,+2.189e-001,-2.586e-001,-6.015e-001,+6.471e-002,+6.821e-001,+1.065e-001,+4.479e-002,+1.393e-001,+1.211e-001,-4.139e-001,+1.877e-001 },
  {+2.986e-001,+1.306e-001,-2.969e-001,+1.485e-002,+2.912e-002,-1.751e-001,-2.937e-001,+9.502e-005,-3.172e-001,+1.636e-001,+1.589e-001,+6.363e-001,-4.863e-001,-1.228e-001,+5.671e+000,+2.297e-001,-5.647e-002,-9.660e-002,-4.630e-003,-1.159e-001,+7.938e-001,+3.367e-001,+4.760e-001,-3.731e-001,-9.208e-002,+1.250e-001,+3.997e-001,+9.873e-002,+1.959e-002,-2.307e-001,+6.418e-002,+7.321e-001,-2.064e-002,-2.800e-001,-2.429e-001,-3.503e-001,-3.486e-001,-4.305e-001,-3.359e-002,-2.746e-001,+1.501e-001,+3.443e-001,+3.090e-001,-5.659e-001,-2.194e-001,-2.072e-001,+9.158e-002,-1.411e-001,+6.085e-001,+3.365e-001,-1.966e-001,+3.411e-001,+3.875e-002,-2.104e-001,+2.849e-001,-2.518e-001,+4.251e-001,-5.819e-001,+3.969e-002,-1.605e-001,+1.780e-001,-8.362e-002,+2.016e-002,-2.950e-001,+3.774e-001,+1.863e-001,-1.846e-001,-1.949e-002,+1.448e-001,-1.438e-002,-1.977e-001,+7.378e-001,-1.753e-001,+2.440e-001,+5.402e-002,+6.348e-001,-3.865e-001,-9.469e-002,+2.505e-001,+1.391e-001,-2.369e-001,+1.632e-001,+2.144e-002,+4.940e-002,+6.039e-003,-1.876e-001,-4.893e-001,-1.247e-001,-1.311e-001,-5.485e-001,+2.893e-001,-8.325e-002,+2.535e-001,+2.201e-001,-3.888e-001,-5.790e-002,-1.733e-001,-9.969e-002,+6.968e-001,-1.048e-002 },
  {+1.537e-001,-3.357e-002,+3.243e-002,-1.191e-001,+1.489e-001,-1.786e-001,-2.591e-001,-1.880e-001,+2.051e-001,-3.532e-002,+8.343e-002,+4.717e-001,-2.567e-001,+4.325e-002,+2.297e-001,+5.144e+000,+1.587e-001,+1.611e-001,-4.884e-001,-1.125e-001,+3.000e-001,-5.098e-001,+2.906e-001,-5.314e-002,+7.277e-001,+3.551e-002,+1.652e-001,-1.064e-001,-8.877e-002,-1.546e-001,-1.425e-002,+8.440e-002,-3.865e-002,+4.940e-001,-5.700e-002,+2.722e-001,+1.165e-001,-3.383e-001,+1.479e-001,-1.127e-001,-5.649e-002,+1.691e-001,+2.890e-001,+1.055e-001,-1.418e-001,+1.937e-001,-7.727e-001,-2.226e-001,-4.352e-001,-1.552e-002,+2.934e-001,-6.415e-002,-2.925e-002,+1.279e-001,+2.416e-001,-3.712e-001,+8.272e-001,+1.198e-001,+3.242e-001,-8.496e-002,+1.845e-001,-1.782e-001,-1.322e-001,-1.256e-001,-2.967e-001,-1.823e-001,+7.745e-003,-5.973e-001,-7.424e-002,-6.215e-002,+2.122e-001,+1.790e-002,-4.478e-001,+3.063e-001,+5.238e-002,+2.983e-002,+2.768e-002,+1.967e-001,+8.946e-002,+6.812e-002,-3.369e-001,-1.052e-001,+9.145e-002,-1.743e-001,+6.636e-003,+3.358e-001,-2.732e-001,+2.048e-001,-6.525e-002,+2.256e-001,-3.543e-001,+3.959e-001,-3.414e-001,-2.608e-001,+2.075e-001,-2.153e-001,-1.185e-001,+2.947e-001,+5.702e-001,-1.465e-001 },
  {+5.432e-001,+2.030e-001,+5.756e-002,+1.856e-001,-4.423e-001,-1.312e-001,+2.326e-001,-4.701e-001,-3.595e-001,-1.657e-001,+3.244e-001,-4.527e-001,+2.813e-001,+3.052e-001,-5.647e-002,+1.587e-001,+5.311e+000,+2.782e-001,-2.724e-001,+6.629e-001,-3.362e-001,+1.547e-001,-3.388e-002,+4.690e-001,-1.770e-001,-3.673e-001,+2.240e-001,+1.119e-001,+3.427e-001,-1.831e-001,-8.945e-002,-2.682e-001,+9.190e-002,-1.641e-001,+5.067e-002,-2.984e-002,-2.006e-001,-2.547e-001,+6.702e-002,-7.230e-002,+1.769e-001,-6.910e-002,-1.821e-001,+1.609e-001,-1.198e-001,+6.013e-001,-7.416e-001,-1.571e-003,+1.392e-001,-5.428e-001,+1.129e-001,-3.492e-001,-1.731e-001,-4.769e-001,+2.010e-001,-1.956e-001,-1.073e-001,+4.061e-001,+7.025e-001,+1.175e-001,+6.572e-001,+1.608e-001,+4.337e-001,-3.726e-002,-4.002e-001,-7.686e-002,+2.994e-002,-2.136e-001,+2.460e-001,-3.664e-001,-1.332e-001,+6.625e-002,+1.947e-002,+3.603e-001,+6.178e-001,+1.001e-001,-5.333e-001,-3.497e-001,+2.247e-001,-4.500e-001,+3.465e-001,+4.437e-001,+6.947e-002,-3.590e-001,+1.826e-001,+8.849e-002,+5.127e-001,+3.886e-001,+3.057e-001,-3.600e-001,+3.762e-001,+5.295e-001,-5.107e-001,-6.016e-001,+5.367e-002,-1.104e-001,+5.917e-001,+4.733e-002,+7.328e-002,+2.416e-002 },
  {-3.786e-002,-3.709e-001,-2.159e-001,+1.498e-001,-1.184e-001,-5.725e-001,+2.202e-002,+1.856e-001,+2.960e-002,-3.405e-002,+3.207e-001,+5.659e-002,-1.274e-001,+4.609e-002,-9.660e-002,+1.611e-001,+2.782e-001,+4.705e+000,+2.438e-001,-3.331e-001,-2.000e-001,+4.635e-002,-4.626e-001,+3.294e-002,-4.601e-001,-1.089e-001,+1.730e-001,+3.114e-001,-1.245e-001,+3.230e-001,-1.665e-001,-1.727e-001,-2.628e-001,-1.632e-001,+4.100e-001,+1.377e-001,+3.566e-001,+2.270e-001,-3.666e-001,+3.353e-001,+4.648e-001,-8.215e-003,+2.268e-001,+4.573e-002,+3.041e-001,+1.735e-001,-1.562e-001,+4.021e-001,-2.186e-001,-2.173e-001,+5.013e-001,-3.653e-001,+7.946e-002,-3.392e-001,+2.801e-001,+8.063e-002,+2.249e-001,-5.539e-001,+3.437e-002,+7.609e-002,+2.123e-001,+3.156e-001,+7.940e-002,+3.538e-001,+3.185e-001,-7.093e-003,-2.359e-001,-2.128e-001,+1.366e-002,+4.222e-001,-2.095e-001,-3.172e-001,+6.911e-003,+3.813e-001,-5.525e-002,-9.531e-002,+2.941e-001,-1.503e-001,-2.269e-001,-5.039e-001,+5.059e-001,+4.221e-001,+8.872e-001,+5.812e-001,-2.132e-001,+4.822e-001,-3.301e-001,-3.202e-001,-1.040e-001,+2.253e-001,+7.805e-001,-3.696e-001,-1.893e-001,-3.603e-001,+3.319e-001,-2.833e-001,+1.214e-001,+2.863e-001,-3.733e-001,-2.290e-001 },
  {+1.832e-001,+8.352e-002,+8.279e-002,+9.986e-002,+1.522e-001,-5.052e-001,-5.517e-001,+1.684e-001,+3.373e-001,-1.719e-001,+1.827e-001,-2.805e-001,+1.702e-004,+5.297e-001,-4.630e-003,-4.884e-001,-2.724e-001,+2.438e-001,+4.837e+000,-1.250e-001,+3.933e-003,+1.471e-001,+3.093e-001,+2.048e-001,+5.350e-001,+3.383e-001,-8.357e-002,+7.804e-002,-2.452e-002,-1.237e-001,+9.500e-002,+1.451e-001,-5.481e-002,-6.075e-003,+4.279e-001,+2.009e-001,+8.652e-003,-2.652e-002,-1.894e-001,+1.755e-001,+2.683e-001,+1.045e-001,-4.189e-001,-8.194e-003,-1.541e-001,+6.268e-001,+3.653e-001,+2.042e-001,-1.457e-001,+2.874e-001,+4.317e-001,-6.844e-001,-2.689e-001,+9.911e-002,-3.284e-001,-6.651e-001,-4.253e-001,-4.628e-001,+3.694e-001,+3.901e-002,+6.376e-002,-1.797e-001,-5.463e-002,+3.167e-002,-4.868e-001,-1.330e-001,-2.693e-002,+3.350e-001,-1.679e-001,-7.392e-004,-1.497e-001,+1.390e-002,-1.103e-001,+5.303e-001,+5.516e-001,+2.407e-001,+1.307e-001,+3.208e-001,+2.673e-002,+5.553e-001,-3.212e-002,+2.577e-001,+3.017e-001,+9.630e-002,+1.006e-002,-3.748e-001,-2.829e-001,-7.476e-002,-7.382e-002,+2.784e-001,-3.518e-001,-6.975e-002,+3.875e-001,+2.259e-001,-2.853e-001,-3.315e-001,-5.651e-001,-2.683e-001,-2.396e-001,+8.614e-002 },
  {+9.962e-002,+2.810e-001,+4.590e-001,-1.584e-001,+1.674e-001,-4.445e-002,-1.302e-001,+5.595e-001,-1.094e-001,-1.009e-001,+1.041e-001,+2.989e-001,+2.356e-002,+1.535e-001,-1.159e-001,-1.125e-001,+6.629e-001,-3.331e-001,-1.250e-001,+5.043e+000,-1.435e-001,-3.712e-001,+7.117e-001,-2.595e-001,+6.339e-002,+1.866e-001,+3.101e-001,-9.105e-002,-7.145e-003,+2.429e-001,-1.115e-001,+9.106e-002,-3.391e-001,-5.653e-004,-3.111e-001,+2.429e-001,-1.107e-002,+5.815e-002,+9.192e-002,-2.221e-001,-1.378e-002,+1.275e-001,+1.026e-001,+1.473e-001,-7.908e-002,-2.300e-002,-1.579e-001,+4.924e-001,+2.721e-001,-6.249e-001,+1.122e-001,-6.241e-002,+2.179e-001,-1.173e-001,+1.798e-001,+3.877e-001,-2.629e-001,+3.135e-001,-8.050e-002,+4.068e-002,-9.870e-002,+4.670e-001,-1.736e-001,+3.449e-001,-2.518e-001,+1.441e-001,+2.234e-001,+1.497e-001,+8.781e-002,+3.684e-002,-2.411e-002,+1.124e-001,+3.775e-001,+8.142e-002,-1.096e-002,+1.899e-002,-8.602e-002,+9.780e-001,+4.355e-001,+3.354e-001,+1.319e-001,-7.692e-001,+1.096e-001,-2.580e-002,-8.454e-002,+1.669e-001,+9.945e-002,+2.038e-001,-3.977e-001,+8.500e-002,-5.915e-002,+2.733e-001,-8.467e-001,-9.678e-002,+2.006e-001,-1.575e-001,-3.589e-001,-4.638e-001,-1.163e-001,-1.759e-001 },
  {+1.423e-003,+3.122e-001,-1.106e-001,-3.343e-001,+1.115e-001,-1.485e-001,+3.171e-001,-1.007e-001,-7.499e-002,+2.148e-001,-9.306e-002,+1.730e-001,-1.687e-002,+2.024e-001,+7.938e-001,+3.000e-001,-3.362e-001,-2.000e-001,+3.933e-003,-1.435e-001,+5.038e+000,-1.882e-001,-1.144e-001,-3.631e-001,+7.018e-001,-1.454e-001,+2.337e-001,+2.720e-001,+2.744e-001,-1.586e-001,-2.529e-001,-1.579e-001,+3.941e-001,+6.369e-001,+6.758e-001,-2.736e-001,+7.903e-002,-1.322e-001,-6.771e-001,+3.291e-001,-1.262e-001,+2.059e-001,+2.076e-001,+1.131e-001,-4.513e-002,+2.357e-002,+6.307e-001,+3.214e-003,-1.606e-002,+1.927e-001,+5.430e-001,-2.834e-001,-4.556e-001,+6.525e-002,-4.274e-001,-1.291e-001,-3.798e-001,-4.766e-001,+7.391e-002,-2.069e-001,+3.879e-002,+1.223e-001,-3.106e-001,-7.198e-002,+3.910e-001,+2.630e-001,-1.612e-001,+1.233e-001,+5.023e-002,+3.572e-001,+2.876e-001,-3.550e-001,-2.823e-001,+1.111e-001,-2.777e-001,+1.821e-001,+3.613e-001,-5.564e-001,-4.469e-002,-1.067e-001,-6.968e-002,-2.987e-001,-7.941e-002,-4.283e-001,-4.729e-002,+1.380e-001,-2.887e-001,-1.556e-001,+3.217e-001,+1.045e-001,+3.072e-001,+1.030e-002,-1.552e-001,+5.059e-003,+5.540e-001,-2.997e-001,-1.855e-001,-1.362e-002,-2.617e-001,-2.549e-001 },
  {+4.784e-001,+2.752e-001,-4.366e-001,-2.765e-001,+1.358e-001,-5.097e-001,-6.755e-002,-3.287e-001,-1.289e-001,-2.703e-001,-2.272e-001,+1.871e-001,+2.152e-001,+8.953e-002,+3.367e-001,-5.098e-001,+1.547e-001,+4.635e-002,+1.471e-001,-3.712e-001,-1.882e-001,+4.837e+000,+1.451e-002,-6.167e-001,+2.781e-001,-2.755e-002,+2.455e-001,-4.373e-001,-1.375e-001,+4.082e-001,+7.599e-002,-1.292e-001,+3.565e-001,+9.795e-002,-2.106e-001,-8.973e-002,-1.723e-001,-2.709e-001,-4.396e-001,+5.794e-002,-1.222e-001,-4.466e-001,-1.018e-003,-1.971e-001,+4.616e-001,-2.700e-001,-1.450e-001,+2.452e-001,+9.765e-002,+1.661e-001,-2.411e-002,-1.320e-001,+1.106e-001,+5.244e-001,-5.350e-002,+1.487e-001,-2.046e-002,+3.724e-002,-6.810e-003,+2.598e-001,+1.334e-001,+1.342e-001,+1.764e-001,-2.499e-001,+4.842e-002,+2.857e-001,+2.788e-001,+2.166e-001,-2.065e-001,-9.980e-002,+8.803e-002,-5.993e-001,-9.782e-003,+5.886e-002,-3.057e-001,+7.017e-001,+3.272e-002,+1.851e-001,+2.261e-001,+3.183e-001,+8.285e-001,-1.699e-001,+4.671e-001,+2.069e-001,+1.242e-001,-2.418e-001,+4.536e-001,+5.824e-002,-1.531e-001,-4.357e-002,-2.112e-001,+2.491e-001,+1.522e-001,+5.980e-002,+2.125e-001,+1.899e-001,-3.561e-001,+1.622e-001,+2.559e-001,+4.209e-001 },
  {-4.960e-002,-1.595e-001,+4.665e-001,+5.296e-002,-4.766e-001,+1.220e-001,-1.306e-001,-4.088e-001,+2.027e-001,+2.430e-001,-1.183e-001,+6.273e-001,-3.959e-001,+9.649e-002,+4.760e-001,+2.906e-001,-3.388e-002,-4.626e-001,+3.093e-001,+7.117e-001,-1.144e-001,+1.451e-002,+5.292e+000,-5.836e-001,-2.302e-002,+4.613e-001,-1.531e-001,+3.377e-002,+3.037e-001,+2.475e-001,-3.939e-001,+1.235e-001,-5.628e-002,+2.507e-001,-3.223e-001,-8.670e-002,-8.460e-003,-5.655e-001,+2.643e-001,-7.751e-001,-1.886e-001,-3.117e-001,+4.415e-001,-3.425e-001,-1.366e-001,-2.498e-001,+6.699e-002,+9.245e-003,-4.461e-001,-3.440e-001,+9.730e-002,-1.149e-001,-1.797e-001,+1.972e-001,-2.591e-002,+7.838e-001,-4.951e-001,-5.986e-002,-1.886e-001,-3.602e-001,-1.207e-001,+7.050e-001,+1.026e-001,+5.428e-001,+2.147e-001,+4.760e-001,-8.608e-002,-4.995e-002,+8.563e-002,+1.974e-001,+2.379e-001,-3.639e-001,-4.252e-002,+1.939e-001,+2.163e-001,-1.170e-001,+3.801e-001,-1.395e-001,-2.581e-001,-3.563e-001,-1.843e-001,+1.068e-001,+2.190e-001,+1.321e-001,+2.693e-001,+2.136e-001,+7.887e-002,+6.236e-002,-1.061e-001,+2.100e-001,+1.296e-001,-3.010e-002,-5.177e-001,+5.804e-003,+1.901e-001,+2.930e-001,+3.755e-001,+5.059e-001,-2.688e-001,+2.261e-003 },
  {-7.698e-001,+3.244e-002,-8.088e-002,-3.291e-001,+2.249e-001,+5.248e-002,-5.612e-002,-3.324e-001,+2.374e-004,-4.042e-001,+3.919e-001,+4.864e-002,-9.640e-002,-3.157e-001,-3.731e-001,-5.314e-002,+4.690e-001,+3.294e-002,+2.048e-001,-2.595e-001,-3.631e-001,-6.167e-001,-5.836e-001,+5.242e+000,+1.071e-001,+2.928e-001,-1.502e-002,-6.575e-001,+2.881e-001,-6.343e-001,+3.870e-001,+3.488e-001,+2.723e-001,+1.470e-001,+2.660e-001,+2.600e-001,+7.031e-002,-4.542e-001,-6.415e-002,+2.541e-001,+5.995e-001,+4.174e-002,+1.198e-001,+1.895e-001,+3.203e-001,-6.491e-001,+4.284e-001,+5.218e-001,-1.840e-001,+1.086e-001,+1.276e-001,+1.058e-001,-2.158e-001,+3.231e-001,-1.560e-001,-2.287e-001,+5.927e-001,+5.851e-002,-4.398e-003,+6.632e-003,-7.356e-002,-4.125e-001,-6.617e-002,-2.491e-001,+2.146e-001,+5.915e-003,+2.836e-001,+6.541e-002,+1.559e-002,+6.728e-002,+3.133e-002,+1.819e-001,-4.196e-001,-2.892e-001,+1.617e-001,+1.750e-001,+3.598e-001,-6.031e-002,+6.724e-002,+1.325e-001,-6.036e-002,-7.688e-002,+3.200e-001,-1.155e-002,-1.005e-001,-1.762e-003,+1.254e-001,-1.031e-001,-1.333e-001,-4.304e-002,-4.576e-002,-4.299e-001,+4.261e-001,-1.253e-001,-2.006e-001,-1.216e-001,-4.614e-001,-4.171e-001,-3.998e-002,-2.026e-001 },
  {+3.003e-001,+9.039e-002,+1.920e-001,-3.562e-001,+3.060e-001,+2.893e-002,-2.056e-001,+5.918e-001,+4.227e-001,+1.583e-001,-6.501e-002,+1.679e-001,-2.716e-001,-1.840e-001,-9.208e-002,+7.277e-001,-1.770e-001,-4.601e-001,+5.350e-001,+6.339e-002,+7.018e-001,+2.781e-001,-2.302e-002,+1.071e-001,+5.116e+000,+5.874e-002,+3.952e-002,+5.178e-002,+4.795e-002,+2.962e-001,-2.359e-001,-1.011e-001,-8.859e-001,-2.124e-001,+3.706e-002,-3.291e-002,-4.643e-003,+3.123e-003,-6.199e-002,-2.119e-001,-6.418e-001,-1.918e-002,+2.045e-001,+4.968e-001,+1.430e-001,+4.652e-003,+6.660e-003,-5.139e-001,-2.676e-002,-2.738e-001,-2.078e-001,-2.794e-001,+2.485e-001,+8.251e-002,+3.909e-001,-3.075e-001,+9.240e-002,-1.822e-001,+2.813e-001,+1.941e-001,-3.749e-001,-3.735e-002,+2.410e-001,-1.288e-001,-3.905e-001,-4.522e-001,+2.541e-001,-1.111e-001,-2.429e-001,+2.652e-001,+1.584e-001,-1.597e-001,-5.708e-001,+2.422e-001,+2.575e-001,-3.395e-001,+6.424e-002,-4.866e-001,+2.155e-001,-3.422e-001,+6.154e-002,-2.269e-001,+2.234e-002,-6.277e-001,+8.422e-001,-3.197e-001,-8.892e-002,+1.445e-001,-1.204e-001,-3.931e-002,+5.365e-001,-2.967e-002,+2.203e-001,+1.445e-001,-2.811e-001,+1.362e-001,-5.776e-002,+2.174e-001,-6.501e-002,+4.085e-001 },
  {-5.950e-002,-6.719e-002,-8.538e-002,+5.756e-001,-2.852e-001,+3.852e-001,-1.658e-001,+2.072e-001,+3.976e-002,+1.839e-001,+2.509e-001,-8.406e-002,+1.951e-001,-9.477e-002,+1.250e-001,+3.551e-002,-3.673e-001,-1.089e-001,+3.383e-001,+1.866e-001,-1.454e-001,-2.755e-002,+4.613e-001,+2.928e-001,+5.874e-002,+5.477e+000,-4.682e-002,+1.655e-001,-1.161e-001,-2.239e-001,+3.368e-001,+1.897e-001,-6.779e-002,-1.030e-001,-1.661e-001,-3.422e-001,+6.828e-001,+9.690e-002,+5.114e-001,+2.109e-001,-1.321e-001,+1.115e-001,-2.488e-001,-5.092e-001,+1.657e-001,-2.847e-003,+5.028e-001,-1.738e-001,-3.237e-001,+5.031e-001,-2.099e-001,+1.766e-001,+6.783e-002,-2.755e-002,-8.050e-002,+1.183e-001,-1.540e-001,+1.323e-001,-1.563e-001,+1.367e-002,-5.267e-001,-1.626e-001,-6.899e-002,+2.793e-001,-3.170e-001,-1.528e-001,-8.859e-001,-4.140e-001,-8.497e-002,-9.016e-002,+1.265e-001,-1.117e-001,-8.109e-001,+1.592e-001,-1.125e-001,+2.159e-001,+1.720e-001,+1.907e-002,-2.779e-001,+1.603e-001,-4.388e-001,-2.916e-001,-3.539e-001,-1.120e-001,+2.168e-001,+1.490e-001,+5.692e-002,+9.379e-002,+6.093e-002,-1.354e-002,+9.057e-002,-8.786e-002,-4.020e-001,+1.558e-001,-9.936e-002,+3.085e-002,-1.170e-001,+1.092e-001,+6.714e-001,-2.457e-001 },
  {+1.854e-001,-4.136e-001,+2.578e-001,-1.084e-001,+1.303e-001,-1.049e-001,+1.883e-002,+3.542e-001,+2.966e-001,-3.969e-001,-4.168e-001,-1.680e-001,-7.259e-002,+1.207e-001,+3.997e-001,+1.652e-001,+2.240e-001,+1.730e-001,-8.357e-002,+3.101e-001,+2.337e-001,+2.455e-001,-1.531e-001,-1.502e-002,+3.952e-002,-4.682e-002,+4.897e+000,+1.062e-001,+6.161e-003,-1.586e-001,+4.200e-001,+1.010e-001,+2.409e-001,-4.956e-001,-2.634e-002,+4.324e-001,+1.015e-001,-2.624e-002,+1.304e-001,-5.430e-001,+9.675e-002,+4.954e-001,-5.925e-002,-2.678e-001,+1.339e-001,-1.233e-001,-4.702e-001,-9.191e-002,-4.294e-001,-3.693e-001,+5.173e-002,-6.644e-002,+6.454e-001,+1.234e-001,-2.428e-001,+1.995e-001,+9.119e-002,-1.093e-001,+7.285e-002,+8.080e-002,+4.703e-001,+2.293e-001,-2.791e-001,-2.259e-001,+2.011e-001,+3.796e-002,+1.915e-002,-1.635e-001,+2.263e-001,+2.423e-001,+9.044e-002,+8.836e-001,+2.130e-001,+2.479e-002,-4.210e-001,-3.267e-002,+2.347e-001,+1.620e-001,-2.955e-002,-1.272e-001,+1.367e-001,-8.763e-002,-4.666e-001,-1.589e-001,-2.925e-001,+5.010e-001,-1.697e-001,+2.250e-001,+2.358e-001,-2.894e-001,-2.805e-001,-3.423e-001,-2.834e-001,-1.287e-002,-3.440e-001,+2.434e-001,+2.386e-001,-4.459e-001,-4.965e-002,+2.330e-001 },
  {+1.658e-001,+8.868e-001,-9.471e-002,+2.172e-002,-7.880e-002,-1.451e-001,-2.499e-001,+2.216e-001,-3.837e-002,+7.575e-002,-2.715e-001,-3.953e-001,-2.063e-001,+2.984e-001,+9.873e-002,-1.064e-001,+1.119e-001,+3.114e-001,+7.804e-002,-9.105e-002,+2.720e-001,-4.373e-001,+3.377e-002,-6.575e-001,+5.178e-002,+1.655e-001,+1.062e-001,+5.367e+000,-1.129e-001,+3.898e-002,+5.517e-002,+3.907e-001,-1.806e-001,+4.307e-001,-2.262e-001,-5.198e-001,-1.641e-001,-2.504e-001,-6.613e-002,-1.401e-001,-4.964e-002,+3.585e-002,-4.026e-001,-1.622e-001,-5.526e-002,-5.306e-002,-4.498e-001,+1.819e-003,-1.073e-002,+4.566e-001,-5.551e-001,+1.897e-001,+9.526e-001,+1.780e-001,-2.746e-001,+2.300e-001,+4.167e-001,+5.051e-001,-3.458e-002,-9.403e-002,+1.831e-001,-2.750e-001,-7.754e-003,-1.228e-001,+3.333e-001,-2.817e-001,+8.567e-002,+2.949e-001,-8.394e-002,-2.976e-001,+3.648e-001,-1.615e-001,+3.077e-001,+4.580e-001,+4.802e-001,+1.192e-001,-4.063e-001,+2.372e-001,-2.041e-001,-4.898e-001,-2.056e-001,+2.822e-002,-3.127e-001,+1.434e-002,+2.816e-001,-2.321e-001,-8.425e-001,-2.287e-001,-2.537e-002,-2.083e-001,-6.770e-002,+4.733e-001,+4.038e-001,-9.114e-002,-3.050e-001,+5.440e-001,+3.440e-001,-2.861e-001,+4.451e-001,+2.356e-001 },
  {+4.948e-001,+4.172e-001,+6.390e-001,-3.496e-002,+2.648e-002,+3.609e-002,-3.918e-002,-3.558e-001,+6.870e-001,-9.249e-002,-4.374e-002,+3.327e-001,-5.702e-002,-1.724e-001,+1.959e-002,-8.877e-002,+3.427e-001,-1.245e-001,-2.452e-002,-7.145e-003,+2.744e-001,-1.375e-001,+3.037e-001,+2.881e-001,+4.795e-002,-1.161e-001,+6.161e-003,-1.129e-001,+5.679e+000,-1.246e-002,+3.002e-001,-2.155e-001,+6.565e-001,+8.308e-002,+5.827e-001,-5.685e-002,-3.599e-001,-4.183e-001,+1.427e-001,-8.955e-003,+3.461e-002,+1.654e-001,-2.884e-001,+1.114e-001,+3.534e-001,-2.241e-001,-2.884e-001,-3.111e-001,+1.823e-001,-3.156e-001,+4.161e-001,+4.369e-001,-4.521e-002,-1.819e-001,+1.043e-002,-2.860e-001,-1.265e-001,-2.037e-001,-5.271e-001,-1.214e-001,-1.197e-001,+9.711e-002,-1.005e-001,-2.184e-001,+1.768e-001,-4.639e-001,+1.799e-001,+4.381e-001,-1.727e-001,+1.467e-001,+1.904e-001,+2.839e-002,+9.381e-002,+2.156e-001,-3.456e-001,-1.972e-001,+3.152e-001,-3.456e-001,+6.047e-002,-5.471e-002,+4.592e-001,-2.490e-001,+2.792e-004,-1.273e-001,-3.685e-002,+2.114e-001,+6.583e-003,-5.044e-001,-3.829e-001,-2.159e-001,-3.040e-001,-1.793e-001,-2.875e-002,+2.454e-001,+3.057e-001,+1.573e-001,-9.648e-002,-1.814e-001,-3.942e-001,-1.893e-001 },
