SDPA start at [Tue Sep 07 12:42:37 2021]
param  is ./param.sdpa 
data   is G:\Research\PhysarumSDPSolver\SDPA\testSet\large2\large2-100-5.dat-s  : sparse
""Large randomly generated tests with n = 100 and m in [5,2]""
out    is G:\Research\PhysarumSDPSolver\SDPA\testSet\large2\large2-100-5.dat-s.res
NumThreads  is set as 1
Schur computation : DENSE 
   mu      thetaP  thetaD  objP      objD      alphaP  alphaD  beta 
 0 1.0e+004 1.0e+000 1.0e+000 -0.00e+000 -5.28e+004 9.1e-001 1.0e+000 2.00e-001
 1 1.8e+003 9.3e-002 1.2e-015 +1.26e+000 -6.62e+004 9.8e-001 1.6e+000 2.00e-001
 2 3.1e+002 1.9e-003 1.7e-015 +1.08e+000 -2.96e+004 1.0e+000 1.1e+000 2.00e-001
 3 4.8e+001 9.3e-018 8.6e-016 +9.28e-001 -4.85e+003 4.6e+001 9.7e-001 1.00e-001
 4 6.0e+000 9.3e-018 2.0e-016 -5.84e+000 -6.07e+002 9.7e-001 9.7e-001 1.00e-001
 5 7.4e-001 1.9e-017 2.8e-017 -5.80e+000 -7.94e+001 8.4e-001 9.2e-001 1.00e-001
 6 1.3e-001 1.9e-017 9.9e-018 -7.04e+000 -2.01e+001 8.3e-001 7.2e-001 1.00e-001
 7 4.5e-002 1.9e-017 1.9e-017 -7.46e+000 -1.19e+001 9.8e-001 8.9e-001 1.00e-001
 8 8.7e-003 1.9e-017 1.2e-017 -7.52e+000 -8.39e+000 9.7e-001 9.7e-001 1.00e-001
 9 1.1e-003 1.9e-017 4.3e-017 -7.54e+000 -7.65e+000 9.9e-001 9.9e-001 1.00e-001
10 1.2e-004 2.8e-017 5.0e-017 -7.54e+000 -7.55e+000 1.0e+000 1.0e+000 1.00e-001
11 1.2e-005 2.8e-017 3.3e-017 -7.54e+000 -7.54e+000 1.0e+000 1.0e+000 1.00e-001
12 1.2e-006 2.8e-017 3.6e-017 -7.54e+000 -7.54e+000 1.0e+000 1.0e+000 1.00e-001
13 1.2e-007 2.8e-017 4.6e-017 -7.54e+000 -7.54e+000 1.0e+000 1.0e+000 1.00e-001
14 1.2e-008 2.8e-017 1.1e-016 -7.54e+000 -7.54e+000 1.0e+000 1.0e+000 1.00e-001
15 1.2e-009 2.8e-017 1.4e-016 -7.54e+000 -7.54e+000 1.0e+000 1.0e+000 1.00e-001

phase.value  = pdOPT     
   Iteration = 15
          mu = +1.2448225394923185e-009
relative gap = +1.6503820694480175e-008
        gap  = +1.2448222275196485e-007
     digits  = +7.7824155033953542e+000
objValPrimal = -7.5426305235116082e+000
objValDual   = -7.5426306479938310e+000
p.feas.error = +2.6645352591003757e-015
d.feas.error = +4.8316906031686813e-012
total time   = 1.282879
** Paramters **
maxIteration = 100
epsilonStar  = +9.9999999999999995e-008
lambdaStar   = +1.0000000000000000e+002
omegaStar    = +2.0000000000000000e+000
lowerBound   = -1.0000000000000000e+005
upperBound   = +1.0000000000000000e+005
betaStar     = +1.0000000000000001e-001
betaBar      = +2.0000000000000001e-001
gammaStar    = +9.0000000000000002e-001
epsilonDash  = +9.9999999999999995e-008
xPrint       = %+8.3e 
XPrint       = %+8.3e 
YPrint       = %+8.3e 
infPrint     = %+10.16e 

                         Time(sec)  Ratio(% : MainLoop) 
 Predictor time  =       0.351671,  32.208492
 Corrector time  =       0.141192,  12.931352
 Make bMat time  =       0.169856,  15.556602
 Make bDia time  =       0.000000,  0.000000
 Make bF1  time  =       0.144870,  13.268209
 Make bF2  time  =       0.000000,  0.000000
 Make bF3  time  =       0.000000,  0.000000
 Make bPRE time  =       0.120014,  10.991722
 Make rMat time  =       0.032014,  2.932066
 Make gVec Mul   =       0.000743,  0.068049
 Make gVec time  =       0.008788,  0.804867
 Cholesky bMat   =       0.016202,  1.483893
 Ste Pre time    =       0.000000,  0.000000
 Ste Cor time    =       0.531958,  48.720438
 solve           =       0.000000,  0.000000
 sumDz           =       0.000719,  0.065851
 makedX          =       0.024183,  2.214848
 symmetriseDx    =       0.241101,  22.081718
 makedXdZ        =       0.266003,  24.362417
 xMatTime        =       0.025712,  2.354885
 zMatTime        =       0.024665,  2.258993
 invzMatTime     =       0.000000,  0.000000
 xMatzMatTime    =       0.000000,  0.000000
 EigxMatTime     =       0.273924,  25.087878
 EigzMatTime     =       0.258034,  23.632560
 EigxMatzMatTime =       0.000000,  0.000000
 updateRes       =       0.008035,  0.735902
 EigTime         =       0.531958,  48.720438
 sub_total_bMat  =       0.922002,  84.443398
 Main Loop       =       1.091858,  100.000000
 File Check      =       0.000000,  0.000000
 File Change     =       0.000000,  0.000000
 File Read       =       0.191021,  17.495041
 Total           =       1.282879,  117.495041

xVec = 
{+5.006e-003,+4.440e-004,+2.529e-003,+9.366e-004,-9.617e-006,+1.311e-003,-5.501e-004,-1.985e-003,+6.893e-003,+9.354e-004,+4.563e-003,+1.546e-003,-1.266e-003,-9.511e-004,+4.992e-003}
xMat = 
{
{ {+4.661e+000,-1.529e-001,+1.513e-002,+1.583e-001,+3.125e-001,+2.190e-001,-3.465e-001,-4.640e-001,+1.297e-001,+3.572e-001,-2.531e-001,-2.578e-001,-2.207e-001,+7.444e-002,-1.792e-002,+1.486e-001,-2.538e-001,-3.460e-002,+1.916e-002,+2.859e-002,-6.688e-002,+3.038e-001,-1.766e-001,-3.612e-001,-1.462e-001,-2.358e-001,+4.145e-002,-1.212e-002,+1.864e-001,-8.301e-002,+1.241e-001,+7.740e-001,+2.293e-001,+1.587e-001,-2.084e-001,+1.252e-001,-1.095e-001,-5.506e-001,+1.691e-001,+1.798e-003,+2.577e-001,+1.948e-001,-7.056e-001,-3.549e-001,-3.825e-001,-3.409e-001,+7.532e-002,+6.363e-002,+7.023e-001,-3.716e-001,-8.989e-003,+1.862e-001,-2.546e-001,+1.476e-001,-6.259e-001,-5.057e-001,-1.522e-001,-9.271e-002,-1.651e-001,-1.095e-001,-6.075e-001,-7.708e-001,+8.960e-003,-3.098e-001,-1.216e-001,-4.840e-001,+4.535e-001,+6.352e-002,+7.402e-001,-3.923e-001,+4.015e-002,+1.663e-001,-3.653e-001,+2.611e-001,-1.136e-001,-3.682e-001,+4.768e-002,-1.383e-001,+5.804e-001,-6.162e-001,-7.216e-001,+6.389e-001,-3.650e-001,-3.698e-001,-1.194e-001,-5.244e-001,+6.645e-003,-1.047e-001,-6.094e-001,+3.976e-001,-4.139e-001,+2.216e-001,+8.119e-001,+3.626e-002,+6.531e-001,+1.623e-002,+1.593e-001,-3.154e-003,+5.594e-002,+2.168e-001 },
  {-1.529e-001,+4.888e+000,-2.184e-001,+7.142e-002,-1.874e-001,-2.339e-001,+8.584e-001,+5.077e-002,-3.403e-001,+3.733e-001,-2.401e-001,-1.291e-001,+5.226e-002,-1.283e-001,-9.036e-002,+6.363e-003,-2.308e-001,+2.634e-001,-2.519e-002,+3.626e-001,-4.067e-001,-1.825e-001,-2.129e-001,-2.346e-001,+3.220e-001,+2.384e-001,+1.791e-001,+3.394e-001,-6.962e-001,-5.975e-001,-1.420e-001,-1.910e-001,-2.383e-001,-1.735e-001,+2.023e-001,-3.721e-002,-2.000e-001,+6.328e-001,+1.469e-001,-2.254e-001,+5.814e-003,+2.674e-001,-7.469e-002,+1.586e-001,+1.175e-001,+2.070e-001,-3.275e-002,+2.895e-001,+3.614e-001,-4.234e-001,+1.674e-001,+4.845e-002,+2.604e-001,-7.154e-002,+3.963e-001,-4.022e-001,-6.358e-002,-6.117e-002,+7.221e-001,+5.491e-002,+3.857e-002,-2.571e-001,-2.314e-001,+5.636e-001,+6.541e-001,+2.335e-001,+6.683e-001,+3.370e-001,+1.597e-001,-7.207e-002,-2.303e-001,-8.645e-002,-9.751e-002,+4.999e-001,-6.089e-002,+7.059e-002,+3.801e-001,-2.315e-001,+3.317e-001,+2.496e-001,+4.510e-001,-1.666e-001,-4.432e-003,+4.365e-002,-8.368e-003,+5.730e-001,-2.421e-002,-6.179e-002,+2.545e-001,-1.146e-002,-4.510e-001,-3.270e-001,+2.111e-001,+1.138e-001,-6.328e-002,-1.918e-001,-2.886e-001,-2.403e-001,+2.464e-001,+1.349e-002 },
  {+1.513e-002,-2.184e-001,+4.850e+000,+1.390e-001,-8.730e-001,+3.389e-001,-1.471e-001,-4.194e-001,+2.829e-001,-5.959e-002,-6.233e-001,+2.234e-001,+6.151e-002,+1.474e-001,-2.501e-001,-3.257e-001,+1.185e-001,-5.371e-002,-2.207e-001,-6.062e-001,+2.848e-002,+8.526e-001,-4.811e-001,-2.087e-001,-1.371e-001,+5.265e-001,-5.235e-001,-5.403e-001,-1.010e-001,-2.640e-001,+6.416e-001,-4.274e-001,+3.557e-001,+4.300e-001,-1.501e-001,-5.649e-002,+3.291e-001,-4.341e-001,+2.932e-001,-1.048e-001,+2.554e-001,-5.192e-001,-1.448e-001,-7.833e-002,-1.516e-001,+1.700e-002,+8.901e-002,+4.384e-001,+1.538e-002,+3.434e-001,-5.217e-001,+3.408e-001,-3.207e-001,-5.917e-002,+1.707e-001,+2.416e-001,-2.811e-001,+5.147e-002,+3.200e-001,-3.807e-001,-9.672e-002,-4.311e-001,+2.894e-001,+1.400e-001,+5.752e-001,+2.511e-001,+7.099e-003,-1.984e-001,-1.395e-001,+1.912e-001,+1.194e-002,+1.757e-001,-5.499e-001,+3.542e-001,+5.019e-001,-5.100e-001,+4.988e-001,+4.863e-001,+1.001e-001,+4.370e-001,+1.289e-001,+2.337e-001,-2.826e-001,+2.107e-001,-7.545e-001,-1.600e-001,+2.864e-001,-1.860e-002,+3.808e-002,+1.314e-001,-2.029e-001,-2.035e-001,-1.455e-001,-3.362e-001,+6.427e-002,+5.670e-001,+4.805e-002,+2.681e-001,+2.713e-001,+2.600e-001 },
  {+1.583e-001,+7.142e-002,+1.390e-001,+4.533e+000,-2.229e-001,-1.661e-001,-1.904e-002,-1.828e-001,+4.382e-001,+7.232e-001,-4.087e-001,-1.541e-001,+1.838e-001,+4.608e-001,+6.830e-002,+4.662e-001,+1.549e-001,-9.683e-002,-3.307e-001,+4.838e-001,+2.368e-001,-6.167e-002,+1.825e-001,-2.451e-001,+4.562e-001,+3.401e-001,+3.865e-001,-6.017e-001,+2.458e-001,+1.426e-001,-5.638e-001,+3.106e-002,-3.516e-001,+4.967e-001,-3.905e-002,+3.472e-001,+2.800e-002,+5.448e-001,+1.405e-001,-3.666e-001,+3.809e-001,+4.595e-001,+5.776e-001,-7.322e-002,+6.721e-001,-1.766e-001,-6.913e-002,+1.660e-001,-2.056e-001,-2.993e-002,+2.884e-001,-8.780e-002,+1.837e-001,+3.990e-001,+1.887e-001,+1.203e-002,-2.802e-002,-1.357e-001,-1.451e-001,+1.290e-001,+2.576e-001,-1.700e-001,+6.885e-001,-2.767e-001,-3.090e-002,-2.351e-001,-4.217e-002,-1.732e-001,+1.644e-001,+2.918e-001,-1.310e-001,-2.657e-001,+1.722e-001,-1.052e-001,+4.553e-001,-2.380e-001,+3.641e-001,-5.445e-002,-6.943e-002,+6.974e-001,+5.923e-001,-5.918e-002,-3.274e-001,-3.874e-001,-6.554e-002,-1.498e-001,-4.851e-001,-2.814e-001,-3.508e-001,+8.358e-002,-1.199e-001,+5.504e-001,-3.270e-001,+4.904e-001,-2.752e-001,-1.466e-001,-2.340e-001,-3.414e-001,+8.033e-002,+2.571e-001 },
  {+3.125e-001,-1.874e-001,-8.730e-001,-2.229e-001,+5.167e+000,-4.683e-001,-3.955e-001,+3.097e-001,+8.016e-002,+5.668e-001,-1.287e-001,+4.734e-002,-2.622e-001,+2.832e-001,-3.656e-001,-5.772e-001,+3.932e-001,-6.597e-002,+1.162e-001,-9.396e-002,+2.693e-001,-4.368e-001,+2.478e-001,+1.003e-001,-4.869e-001,+6.239e-001,-7.763e-002,-3.127e-001,+9.034e-003,-4.968e-002,+1.072e-001,+2.887e-003,+5.094e-001,+5.299e-001,-1.676e-001,-1.191e-001,+4.901e-003,+1.702e-001,-1.060e-001,+3.612e-001,+2.459e-001,+1.704e-001,+7.302e-002,-1.033e-001,+2.965e-001,+2.051e-002,+5.740e-001,+4.201e-002,+1.365e-001,+5.086e-002,-2.104e-001,+3.355e-002,-4.183e-001,-3.223e-001,+4.900e-001,+1.157e-001,+2.665e-001,-4.121e-001,-3.306e-001,-8.207e-003,+5.253e-001,+3.411e-001,-4.088e-001,+5.863e-001,-2.980e-001,-5.036e-002,+3.784e-001,+1.778e-001,+2.575e-001,-2.997e-001,-2.366e-001,-3.409e-001,+5.587e-001,+4.404e-001,-1.288e-001,-3.357e-001,-3.808e-001,-1.778e-001,+3.802e-002,+4.415e-001,-3.578e-001,+1.085e-001,+1.372e-001,-2.777e-001,+1.416e-002,+3.406e-001,+8.994e-002,-1.859e-001,-2.611e-001,-6.302e-001,+1.696e-001,-7.634e-002,-7.094e-002,-1.719e-001,+2.365e-002,-4.559e-001,+6.657e-002,-1.466e-002,-2.023e-001,+2.753e-001 },
  {+2.190e-001,-2.339e-001,+3.389e-001,-1.661e-001,-4.683e-001,+5.813e+000,+1.123e-001,+2.774e-002,-1.573e-001,+5.034e-001,+2.484e-001,+1.486e-001,+1.577e-001,-3.551e-001,+3.060e-001,+5.340e-002,-1.851e-001,+3.445e-001,-1.251e-001,-2.817e-001,+2.085e-001,-1.258e-002,-2.134e-001,+2.516e-001,+2.775e-001,+6.307e-001,+1.175e-001,+1.243e-001,+8.847e-002,+2.474e-001,-4.193e-001,+1.083e-001,-2.538e-001,+2.159e-001,-2.122e-001,+2.017e-001,+5.939e-001,-1.067e-001,-3.549e-001,-2.559e-001,+2.192e-001,+6.871e-002,+3.075e-002,+3.149e-001,-1.407e-001,+4.175e-001,+2.026e-001,-1.298e-001,-7.122e-002,-3.332e-002,+1.265e-001,+2.137e-002,-3.929e-001,+2.720e-001,-6.921e-001,-1.654e-001,-1.853e-001,-2.662e-001,+2.058e-001,+9.467e-002,+2.769e-001,-2.886e-001,-6.134e-003,+2.842e-001,-2.007e-001,-1.403e-001,+4.543e-001,-5.526e-001,-2.546e-001,+4.017e-001,-3.224e-001,-5.135e-002,-1.801e-001,+1.559e-001,+4.244e-001,-1.606e-001,-1.472e-001,+5.200e-001,-3.461e-002,-4.963e-001,-4.251e-001,+1.358e-001,-3.130e-003,+7.933e-002,-7.187e-002,-6.661e-001,-2.015e-001,+1.430e-003,+3.330e-001,+1.092e-001,+1.462e-001,+7.194e-002,-3.070e-002,+8.266e-002,-2.181e-001,-1.851e-002,-1.849e-001,+7.622e-002,-5.223e-001,-1.493e-001 },
  {-3.465e-001,+8.584e-001,-1.471e-001,-1.904e-002,-3.955e-001,+1.123e-001,+4.711e+000,-1.699e-001,-6.432e-001,-1.270e-002,+2.178e-001,-1.281e-002,+5.577e-001,+1.216e-001,-2.908e-001,+6.057e-002,+2.452e-002,-3.029e-001,+2.438e-001,+4.458e-002,+2.166e-001,-2.829e-002,-6.081e-001,-3.921e-001,+5.339e-001,-1.532e-002,-5.286e-001,-3.854e-001,-5.815e-001,+2.128e-001,+1.310e-001,+1.946e-001,-3.871e-001,+9.030e-002,-7.117e-002,+2.557e-001,+4.988e-002,+2.754e-001,-2.098e-001,-4.833e-001,+7.623e-002,+2.007e-001,-1.485e-001,-1.222e-001,+7.263e-001,-4.476e-001,+8.604e-002,-3.385e-001,-6.368e-001,+3.554e-001,+5.583e-001,+2.753e-001,+2.086e-001,-1.058e-001,-3.515e-001,+9.957e-002,-2.606e-001,-1.025e-001,-3.084e-001,+4.645e-002,-1.064e-001,-1.649e-001,+6.452e-001,-4.690e-002,-1.415e-001,+3.488e-001,-3.607e-001,-1.899e-001,+6.322e-002,-5.711e-001,+3.191e-002,+2.775e-001,+2.084e-001,-4.716e-002,-3.075e-002,+1.640e-001,-1.662e-001,+2.058e-001,+3.828e-001,-9.524e-002,+2.484e-001,+1.217e-001,-4.350e-002,+1.198e-002,-3.593e-001,+8.400e-002,-5.472e-001,+1.704e-001,+2.801e-001,-9.495e-002,+5.212e-001,-2.637e-001,-6.056e-001,-2.473e-001,+3.308e-001,-2.119e-001,-2.793e-001,+1.949e-001,-8.610e-002,-4.670e-002 },
  {-4.640e-001,+5.077e-002,-4.194e-001,-1.828e-001,+3.097e-001,+2.774e-002,-1.699e-001,+5.272e+000,+1.430e-002,+1.542e-001,+3.254e-001,+4.369e-001,-3.030e-001,+4.452e-001,+1.087e-002,-1.496e-001,-3.966e-001,-5.840e-001,+2.467e-001,+1.161e-001,+3.950e-001,+1.727e-001,+1.401e-001,+6.263e-002,+3.385e-001,-1.909e-002,+1.939e-001,-1.259e-001,-1.586e-001,-7.045e-001,-1.850e-001,-3.615e-001,-5.991e-001,+1.653e-001,-3.073e-001,+4.850e-001,-1.378e-001,+1.800e-001,-3.988e-001,-4.008e-001,+2.143e-001,+1.795e-001,-2.134e-001,-6.783e-002,+1.007e-001,+3.348e-001,+3.147e-001,+8.398e-002,-4.602e-001,+8.363e-003,-2.138e-001,+1.474e-001,+3.675e-001,+8.158e-001,+3.530e-001,+1.273e-001,+2.807e-001,-2.827e-001,+8.651e-002,-4.496e-001,+4.161e-001,-1.789e-001,-4.107e-001,+1.645e-001,+1.176e-001,+3.247e-001,-4.230e-001,-3.171e-001,-3.778e-001,+3.058e-001,-3.539e-001,-7.714e-002,+3.691e-001,+3.836e-002,+1.328e-001,+2.980e-001,+2.118e-001,-4.273e-002,-5.914e-001,-3.467e-002,-1.771e-001,+1.105e-002,+9.660e-002,-6.263e-001,-2.515e-001,-1.806e-002,+1.967e-001,+2.532e-001,+1.127e-001,-3.790e-002,-9.348e-002,+2.406e-001,+1.296e-001,+1.147e-001,+3.340e-002,-2.100e-001,-5.600e-001,+4.574e-002,-1.445e-001,+6.506e-001 },
  {+1.297e-001,-3.403e-001,+2.829e-001,+4.382e-001,+8.016e-002,-1.573e-001,-6.432e-001,+1.430e-002,+4.996e+000,-4.228e-001,-4.492e-001,-1.169e-001,-6.922e-003,+1.013e-001,-3.001e-001,+6.518e-002,+3.012e-001,-1.941e-002,+1.409e-001,+4.226e-001,-2.531e-001,-5.477e-002,-3.234e-001,-5.410e-001,-1.629e-001,+4.406e-001,-2.572e-001,-2.556e-001,+2.089e-001,-3.576e-001,+4.401e-001,+1.497e-001,-1.805e-001,-4.369e-001,-1.711e-001,+4.396e-001,+3.234e-001,+3.021e-001,-2.813e-001,+3.783e-001,-3.438e-002,-1.369e-002,+2.095e-001,+4.867e-002,+2.279e-002,+5.863e-001,+1.278e-001,+1.237e-002,+5.620e-001,-3.991e-002,+1.743e-001,-2.844e-001,+1.710e-001,-1.030e-001,-2.176e-001,+5.213e-001,-3.920e-001,+4.305e-002,+3.305e-001,-1.925e-001,-4.893e-002,-5.441e-001,+9.216e-002,-4.904e-002,-4.801e-001,-1.119e-001,-8.087e-002,+2.460e-001,+5.598e-002,+8.578e-002,-1.337e-001,-2.335e-001,+3.095e-001,+4.277e-003,+1.827e-001,-3.981e-002,+6.629e-002,-5.055e-001,+1.184e-001,+2.004e-001,+2.949e-001,-9.839e-002,+3.392e-001,+2.027e-001,+4.217e-001,-5.574e-002,+1.699e-002,-8.626e-002,-1.281e-001,+6.256e-001,+1.399e-001,-1.922e-002,-2.928e-001,+4.622e-003,+1.851e-001,-4.355e-001,-4.339e-002,-6.014e-002,-1.682e-001,-1.033e-001 },
  {+3.572e-001,+3.733e-001,-5.959e-002,+7.232e-001,+5.668e-001,+5.034e-001,-1.270e-002,+1.542e-001,-4.228e-001,+5.630e+000,-2.261e-001,-8.237e-002,-3.789e-001,+3.617e-001,-2.150e-001,+4.077e-001,-5.953e-002,-1.947e-001,-1.105e-001,+1.184e-001,+2.462e-001,+7.865e-003,-6.564e-003,+2.993e-001,-2.531e-001,-3.674e-001,+8.505e-002,-4.663e-001,+9.109e-002,+1.567e-001,-1.918e-001,+3.076e-001,-4.462e-002,-3.028e-001,+5.328e-001,+2.305e-001,-9.908e-002,-1.254e-001,-7.668e-002,+3.804e-001,+1.276e-001,-6.466e-002,+2.086e-001,+4.621e-001,-3.141e-001,-2.428e-001,+4.109e-001,+3.943e-001,+5.319e-001,+1.576e-001,+9.965e-003,+2.048e-001,+4.791e-001,+5.893e-001,-2.318e-001,-9.973e-002,+1.765e-001,-4.056e-003,+1.902e-001,-4.787e-001,+2.710e-001,-3.568e-001,-4.357e-001,-5.281e-001,+2.694e-001,+1.091e-001,-1.129e-001,+3.951e-001,+4.526e-001,+4.324e-001,+4.449e-001,+2.740e-001,-2.838e-001,-5.747e-001,-2.479e-002,+7.969e-002,-3.526e-001,+1.026e-001,+2.571e-001,-4.093e-002,+7.421e-001,-2.362e-001,-5.032e-001,+2.237e-001,+5.341e-002,-3.566e-001,-4.940e-001,-3.484e-001,-3.138e-001,+3.121e-001,+8.115e-002,-1.203e-001,+9.302e-002,-4.451e-001,+1.509e-001,-3.630e-001,-3.518e-002,-3.144e-001,+3.607e-001,-2.979e-001 },
  {-2.531e-001,-2.401e-001,-6.233e-001,-4.087e-001,-1.287e-001,+2.484e-001,+2.178e-001,+3.254e-001,-4.492e-001,-2.261e-001,+5.160e+000,+4.923e-001,-2.243e-001,-9.168e-002,+8.442e-002,-3.225e-001,+1.095e-001,+1.177e-001,-1.501e-001,-2.883e-002,+7.927e-001,-3.914e-001,-2.041e-001,-3.491e-001,-1.904e-001,-4.669e-001,+1.189e-001,+7.438e-002,+2.102e-001,+1.471e-001,+3.200e-002,+4.420e-001,-8.496e-002,+1.644e-001,+4.393e-001,-4.280e-001,-5.673e-002,-4.688e-001,+1.314e-001,-2.650e-001,+4.960e-002,+5.661e-004,-1.069e-001,+3.608e-002,-2.688e-002,-7.814e-002,-5.230e-001,+1.842e-001,+4.645e-002,-4.366e-001,-1.084e-001,+2.284e-001,+4.062e-001,+3.316e-001,+2.148e-001,-2.037e-001,+1.882e-001,-6.681e-001,-3.836e-003,-6.338e-002,-4.924e-001,+2.243e-001,+1.433e-001,+3.333e-001,-2.043e-001,+2.860e-001,-3.278e-001,-1.139e-001,+1.389e-001,-2.309e-001,-5.874e-002,+2.818e-001,-4.615e-001,+1.346e-001,-1.434e-001,-1.813e-001,+1.760e-001,+4.629e-001,-1.274e-001,-3.946e-001,+3.004e-001,+1.352e-001,-2.451e-001,-1.291e-001,-1.641e-001,+1.486e-001,+1.760e-001,+7.462e-002,-3.505e-001,+8.531e-001,+1.385e-001,+1.648e-001,+3.145e-001,+1.209e-001,-7.253e-003,-2.336e-001,-4.963e-001,+4.016e-001,-2.300e-001,+1.419e-001 },
  {-2.578e-001,-1.291e-001,+2.234e-001,-1.541e-001,+4.734e-002,+1.486e-001,-1.281e-002,+4.369e-001,-1.169e-001,-8.237e-002,+4.923e-001,+5.258e+000,-4.345e-001,+5.529e-001,+1.098e-001,+8.407e-002,+8.265e-002,-1.426e-001,-3.440e-002,-3.213e-001,-1.650e-001,-1.798e-001,-3.904e-001,-1.304e-001,+3.709e-001,+4.569e-001,-3.630e-001,+2.661e-001,-1.895e-001,-9.072e-001,-2.634e-001,+9.591e-003,+1.597e-002,-4.075e-001,+2.835e-001,-5.865e-002,+2.326e-001,+4.784e-001,-1.515e-002,-3.028e-002,-5.554e-001,+5.506e-001,-1.297e-001,-4.392e-001,-5.886e-002,-3.343e-003,+6.922e-001,+7.955e-001,-2.616e-001,+1.190e-001,-1.321e-001,-4.200e-001,+3.015e-001,-2.904e-001,-4.791e-001,+2.412e-001,-1.264e-001,-2.815e-001,+2.063e-001,+1.044e-001,-2.696e-001,+4.205e-002,-7.508e-002,-5.598e-001,-3.721e-002,+6.363e-002,+1.555e-001,+2.888e-001,+1.197e-001,+6.016e-002,-2.928e-003,-2.149e-001,-1.236e-002,+4.576e-002,-1.396e-001,-4.862e-002,+4.475e-001,-5.375e-001,-6.007e-001,+2.146e-001,-2.015e-001,-1.368e-001,-3.408e-001,-1.634e-002,-2.231e-002,+5.136e-001,-6.662e-001,-1.174e-001,-1.798e-001,+4.694e-001,+6.009e-001,+2.666e-002,+6.525e-002,+1.978e-001,-6.785e-002,-1.463e-001,+6.089e-001,-1.336e-001,+1.455e-001,+2.603e-001 },
  {-2.207e-001,+5.226e-002,+6.151e-002,+1.838e-001,-2.622e-001,+1.577e-001,+5.577e-001,-3.030e-001,-6.922e-003,-3.789e-001,-2.243e-001,-4.345e-001,+5.166e+000,+3.738e-001,-3.525e-001,+2.498e-002,-2.769e-001,-1.888e-001,+7.021e-002,+1.646e-001,+9.119e-002,+1.052e-001,-4.579e-001,-1.497e-001,-3.883e-001,-3.301e-002,-4.685e-001,+4.774e-002,+2.423e-001,+4.838e-001,-2.040e-001,+1.237e-001,-6.220e-001,-5.050e-001,-2.659e-001,+2.057e-001,-5.504e-001,-3.845e-002,-1.900e-001,-4.496e-002,+1.719e-001,+6.247e-002,-4.766e-001,+1.971e-001,-1.779e-001,-8.126e-002,-6.972e-002,+4.980e-001,+1.351e-003,-6.430e-002,+1.760e-001,-9.614e-002,-4.184e-001,+5.120e-002,-4.311e-002,+1.192e-001,-6.915e-001,-5.501e-002,+5.254e-001,-5.757e-001,+5.569e-001,-3.516e-003,+3.012e-001,+1.817e-001,+1.715e-001,-3.587e-001,+2.962e-001,+2.650e-001,-2.589e-001,+1.545e-001,-3.910e-002,-2.567e-001,-5.882e-002,-2.667e-001,-9.867e-002,-2.714e-001,+3.413e-001,-2.710e-001,+1.640e-002,-2.811e-001,+6.927e-002,+5.660e-001,-3.794e-001,+8.968e-002,+7.749e-001,-4.534e-001,-2.407e-001,-2.028e-002,+1.791e-001,+2.656e-001,+7.520e-001,-5.808e-001,-1.653e-002,-4.498e-001,-2.702e-001,-2.264e-001,-6.209e-001,-4.379e-002,+3.030e-001,-1.805e-001 },
  {+7.444e-002,-1.283e-001,+1.474e-001,+4.608e-001,+2.832e-001,-3.551e-001,+1.216e-001,+4.452e-001,+1.013e-001,+3.617e-001,-9.168e-002,+5.529e-001,+3.738e-001,+5.261e+000,+2.514e-001,-2.298e-001,+7.038e-001,-1.363e-001,-7.178e-002,-9.285e-002,+6.332e-001,+4.183e-003,+3.679e-002,+4.202e-002,+5.444e-001,+6.037e-001,-7.103e-002,-1.787e-001,+3.467e-001,-4.707e-001,+2.700e-001,+6.605e-002,-4.347e-001,-3.554e-001,-4.026e-001,+9.701e-002,-3.640e-001,-6.366e-002,+3.553e-001,-5.094e-001,-9.540e-002,+3.616e-001,-9.459e-002,-3.287e-001,-1.787e-002,+4.499e-001,-1.884e-001,-7.998e-002,-2.159e-001,+3.549e-001,-8.628e-002,-6.687e-001,-4.354e-001,-1.057e-001,+3.438e-001,+6.342e-002,+1.784e-001,-3.316e-001,+1.965e-001,+2.028e-001,-3.296e-001,+6.240e-001,+4.774e-001,+1.839e-001,-1.178e-001,+2.837e-001,+1.350e-001,+4.746e-001,+5.672e-002,-2.725e-001,+1.482e-001,-2.146e-001,-1.770e-001,-7.617e-001,-5.968e-001,-4.527e-001,+2.329e-001,-1.871e-001,-7.371e-002,-6.464e-002,+1.495e-001,+1.294e-002,-4.400e-002,-4.674e-001,-2.067e-001,-2.033e-001,-1.724e-001,+3.855e-001,+7.202e-002,+1.047e-001,-3.134e-001,+2.852e-001,+1.186e-001,-8.436e-001,+5.210e-001,+8.926e-001,-2.868e-001,-2.342e-002,-1.298e-002,-4.994e-001 },
  {-1.792e-002,-9.036e-002,-2.501e-001,+6.830e-002,-3.656e-001,+3.060e-001,-2.908e-001,+1.087e-002,-3.001e-001,-2.150e-001,+8.442e-002,+1.098e-001,-3.525e-001,+2.514e-001,+5.767e+000,+1.470e-001,+2.275e-001,-3.939e-001,+1.624e-001,+2.120e-001,-9.576e-002,-3.779e-001,+6.327e-001,+2.282e-002,+4.134e-001,+1.438e-001,-3.026e-001,+4.954e-001,-1.211e-001,-6.684e-002,-1.682e-001,-1.277e-001,+6.398e-001,+2.967e-001,-5.839e-002,+1.275e-001,+2.932e-001,+4.438e-001,-4.111e-002,+2.165e-001,-1.270e-001,+2.293e-001,-2.886e-001,+1.906e-001,-3.329e-001,+2.124e-001,-2.097e-001,-2.725e-001,-1.465e-001,-2.831e-001,+7.159e-002,+1.104e-001,+2.220e-001,-1.792e-001,+6.493e-001,-5.681e-002,+2.184e-001,-4.335e-001,+7.322e-002,-8.431e-002,+1.233e-002,+7.230e-002,-1.251e-001,+1.274e-001,-1.910e-003,+2.652e-001,+4.639e-001,-6.240e-001,-3.420e-002,-1.624e-002,+7.503e-001,-7.000e-001,-5.444e-001,-7.177e-001,+2.145e-001,+1.860e-001,+6.988e-002,-4.618e-001,-5.946e-001,-4.567e-001,-5.429e-001,-3.447e-001,-4.185e-001,-2.872e-002,+2.862e-001,+2.871e-001,+4.139e-001,+3.384e-002,-4.238e-001,+1.238e-001,-2.419e-001,+9.071e-002,+1.351e-001,+1.036e-002,-6.070e-002,+4.118e-002,-1.476e-001,-6.040e-002,+4.062e-001,-5.933e-001 },
  {+1.486e-001,+6.363e-003,-3.257e-001,+4.662e-001,-5.772e-001,+5.340e-002,+6.057e-002,-1.496e-001,+6.518e-002,+4.077e-001,-3.225e-001,+8.407e-002,+2.498e-002,-2.298e-001,+1.470e-001,+4.035e+000,+1.373e-001,-4.764e-001,+9.269e-002,-1.130e-001,-1.414e-001,+4.752e-001,-2.843e-001,-4.871e-001,-1.072e-001,+3.537e-001,+2.520e-001,+1.133e-001,-2.644e-001,-8.671e-002,-4.552e-002,+7.731e-002,-2.655e-001,-1.915e-001,-7.578e-001,+5.366e-002,-2.344e-001,+2.750e-001,+1.383e-001,-1.557e-002,-4.450e-001,+5.896e-002,-3.341e-001,-1.497e-001,+1.170e-001,+4.748e-002,+4.949e-002,+2.544e-001,+4.122e-002,+2.218e-002,+4.304e-001,-3.566e-002,-2.245e-001,+4.835e-002,+4.359e-002,+3.319e-003,-3.811e-001,+1.086e-001,+1.295e-001,-4.875e-001,+1.975e-002,-2.318e-001,-3.903e-001,-3.269e-001,+6.789e-002,+1.906e-002,+1.494e-001,+2.333e-001,-6.348e-002,-1.959e-001,-2.202e-002,+3.433e-001,+9.944e-002,-3.866e-001,-1.221e-001,+4.176e-003,+6.196e-003,-1.544e-002,-1.851e-001,-1.302e-001,+6.024e-001,+3.460e-002,+7.461e-002,+3.346e-001,-2.864e-001,+4.482e-001,+9.155e-002,-7.727e-002,+1.189e-001,+3.635e-001,-2.746e-001,+4.480e-001,-3.947e-001,-7.238e-002,+5.225e-001,-9.662e-002,+6.303e-002,+4.608e-001,+5.398e-001,-2.928e-001 },
  {-2.538e-001,-2.308e-001,+1.185e-001,+1.549e-001,+3.932e-001,-1.851e-001,+2.452e-002,-3.966e-001,+3.012e-001,-5.953e-002,+1.095e-001,+8.265e-002,-2.769e-001,+7.038e-001,+2.275e-001,+1.373e-001,+5.635e+000,+5.128e-002,-4.811e-001,+3.001e-001,+1.511e-001,-1.012e-001,-2.202e-001,+5.918e-003,+7.771e-002,-4.546e-002,+1.150e-001,+1.662e-001,+3.389e-001,-1.327e-001,-7.203e-001,+3.027e-001,-1.829e-001,-3.274e-001,+1.453e-001,+3.713e-001,+2.103e-001,-2.518e-002,-5.396e-002,+3.036e-001,+2.196e-002,+4.705e-002,+1.542e-001,+4.757e-001,+9.040e-002,-1.859e-001,+3.301e-001,+1.972e-001,-1.503e-001,-8.101e-001,-2.986e-001,+1.408e-001,+1.706e-001,-5.981e-001,-3.486e-001,-9.369e-003,-1.483e-001,+7.027e-001,+4.570e-001,+4.671e-002,-2.621e-001,+1.400e-001,+6.514e-001,-9.309e-002,+5.572e-001,-1.180e-001,-3.659e-001,-7.751e-001,-3.463e-002,-1.718e-002,-1.358e-001,-1.036e-001,+3.753e-001,+5.620e-001,-5.570e-001,+1.087e-001,-6.568e-001,-2.326e-001,+4.068e-002,-2.660e-001,-1.442e-001,-1.020e-001,-1.102e-001,+8.111e-002,+2.827e-001,-2.902e-001,+3.132e-001,-1.631e-001,+2.655e-001,-7.848e-001,-3.660e-001,+2.316e-001,-7.611e-003,-2.376e-001,+5.070e-001,-1.645e-002,+1.026e-001,+2.788e-001,+2.236e-001,-2.515e-001 },
  {-3.460e-002,+2.634e-001,-5.371e-002,-9.683e-002,-6.597e-002,+3.445e-001,-3.029e-001,-5.840e-001,-1.941e-002,-1.947e-001,+1.177e-001,-1.426e-001,-1.888e-001,-1.363e-001,-3.939e-001,-4.764e-001,+5.128e-002,+4.238e+000,+1.013e-001,-1.324e-003,+3.814e-001,+1.838e-001,-3.618e-001,+3.391e-001,-1.198e-001,-5.332e-001,-4.435e-001,+2.254e-001,+3.993e-001,+9.330e-002,-5.801e-001,+7.628e-002,-1.010e-002,+1.760e-001,-5.006e-002,+1.031e-001,-3.025e-001,-2.758e-001,-3.976e-002,-3.429e-001,-3.491e-001,-5.376e-001,-3.453e-001,+2.847e-003,+2.157e-001,+2.168e-001,-3.691e-003,+1.354e-002,-4.698e-002,+1.028e-001,+3.635e-003,-3.810e-002,-4.264e-002,-3.434e-001,+2.858e-001,-4.290e-001,-2.262e-001,+2.705e-001,+8.048e-002,+5.726e-001,-1.237e-002,+8.049e-001,-2.140e-001,-3.367e-001,-4.815e-001,-2.741e-001,+3.601e-001,+3.826e-001,-1.160e-001,+7.965e-002,-3.385e-001,-3.260e-001,+2.781e-001,-2.439e-001,+8.444e-002,-4.464e-003,+1.672e-001,-4.832e-002,-1.431e-001,+1.809e-001,-2.834e-001,-1.340e-001,-4.870e-001,+1.604e-001,-5.993e-001,-1.026e-001,+3.571e-001,-1.408e-001,-1.884e-001,+2.048e-001,-4.293e-001,+2.171e-001,+6.133e-002,+4.697e-001,-3.059e-001,-4.680e-002,+1.208e-001,+1.160e-001,-4.896e-001,+3.433e-001 },
  {+1.916e-002,-2.519e-002,-2.207e-001,-3.307e-001,+1.162e-001,-1.251e-001,+2.438e-001,+2.467e-001,+1.409e-001,-1.105e-001,-1.501e-001,-3.440e-002,+7.021e-002,-7.178e-002,+1.624e-001,+9.269e-002,-4.811e-001,+1.013e-001,+5.167e+000,+4.226e-001,+4.156e-001,+5.846e-001,-3.025e-001,-1.941e-001,-1.813e-001,-7.172e-001,+5.852e-003,+1.898e-001,+3.595e-001,+2.476e-001,+1.044e-001,-7.889e-002,+4.893e-001,+9.637e-002,+2.505e-001,+3.627e-001,+4.335e-002,+2.691e-001,-1.773e-001,-1.572e-001,+2.114e-001,+3.378e-001,+3.077e-001,+4.698e-001,-3.277e-001,-1.290e-001,-3.058e-001,+7.586e-002,+1.683e-001,-5.377e-002,-2.523e-001,-7.782e-001,-3.874e-001,-1.301e-001,-3.095e-001,+8.214e-001,-3.062e-001,+2.940e-001,-2.964e-001,+1.977e-001,-2.787e-001,+2.575e-001,+3.061e-001,+2.520e-001,+8.766e-002,+2.415e-002,+4.906e-001,-5.809e-002,-9.453e-002,+1.385e-001,+4.398e-003,-2.656e-001,+1.365e-002,+1.071e-001,-2.191e-001,+2.991e-001,+8.582e-002,-2.260e-001,+2.890e-001,-2.224e-001,-7.964e-002,+1.820e-001,+2.669e-001,+7.494e-001,+1.490e-001,+6.593e-001,+1.011e-002,+7.220e-002,-4.348e-003,+2.743e-001,+1.699e-001,+1.022e-001,+1.778e-001,-4.625e-001,+2.392e-001,-3.711e-001,-8.508e-001,+1.736e-001,+1.167e-001,+2.058e-001 },
  {+2.859e-002,+3.626e-001,-6.062e-001,+4.838e-001,-9.396e-002,-2.817e-001,+4.458e-002,+1.161e-001,+4.226e-001,+1.184e-001,-2.883e-002,-3.213e-001,+1.646e-001,-9.285e-002,+2.120e-001,-1.130e-001,+3.001e-001,-1.324e-003,+4.226e-001,+4.767e+000,+7.962e-001,+2.448e-001,+1.789e-001,-2.819e-001,-1.156e-001,-1.670e-001,+9.541e-002,+3.486e-001,-4.894e-001,-9.640e-002,+6.625e-002,-1.615e-001,-3.653e-001,+1.619e-001,-6.138e-002,+3.015e-001,+3.433e-001,+1.730e-001,+1.220e-001,+4.700e-002,-3.282e-001,+4.059e-003,-7.920e-002,+2.781e-001,+1.797e-001,+7.680e-003,+1.883e-002,-2.244e-001,+4.322e-001,-2.288e-001,+8.406e-002,+2.118e-001,-1.220e-001,+1.405e-001,+8.544e-002,+5.807e-001,+1.731e-001,-3.917e-001,-3.476e-002,-1.451e-001,+1.162e-002,+2.607e-001,+9.226e-002,+5.941e-001,+8.482e-001,+4.698e-001,+4.612e-001,-2.275e-001,+2.915e-001,-6.187e-002,-3.853e-001,-9.461e-002,-2.129e-001,-1.407e-001,-1.421e-001,+3.652e-001,-2.570e-001,+7.944e-002,+1.229e-001,-1.924e-001,+2.973e-002,-2.012e-001,+3.222e-002,-1.330e-002,+1.796e-001,+7.937e-002,-4.288e-001,+1.029e-001,-2.324e-001,+2.129e-001,+3.820e-001,+5.097e-001,+7.748e-002,+2.986e-001,-1.416e-001,-1.049e-001,+2.468e-001,-3.866e-001,-2.173e-001,+5.239e-001 },
  {-6.688e-002,-4.067e-001,+2.848e-002,+2.368e-001,+2.693e-001,+2.085e-001,+2.166e-001,+3.950e-001,-2.531e-001,+2.462e-001,+7.927e-001,-1.650e-001,+9.119e-002,+6.332e-001,-9.576e-002,-1.414e-001,+1.511e-001,+3.814e-001,+4.156e-001,+7.962e-001,+4.466e+000,+5.540e-002,-1.211e-001,+4.903e-001,-5.484e-001,+1.959e-001,+1.157e-001,+9.704e-001,-8.310e-002,+3.189e-001,+5.243e-001,+8.834e-002,+5.167e-001,+9.221e-002,-8.732e-002,-8.410e-002,+9.089e-003,+4.546e-002,+4.865e-001,-2.296e-001,-7.627e-002,+7.885e-001,+3.226e-001,+3.907e-001,-2.656e-001,+2.054e-001,+1.094e-001,-6.764e-002,-4.175e-003,+5.737e-001,+3.634e-001,+2.654e-001,-3.247e-001,-2.128e-002,+2.213e-001,-1.328e-001,+3.162e-001,-3.706e-001,+1.361e-001,-3.876e-001,+2.053e-001,-2.017e-001,+5.609e-001,-2.021e-001,+3.771e-002,+2.705e-001,+6.933e-002,+8.368e-002,-2.029e-001,-1.096e-001,-2.518e-001,+5.635e-002,-1.590e-001,-1.026e-001,-1.759e-001,-4.567e-001,-1.785e-001,-2.084e-001,-2.502e-001,+7.421e-002,+6.053e-002,-2.640e-002,-3.833e-001,+3.005e-001,+4.615e-002,-1.359e-001,+1.900e-001,+1.913e-001,+4.346e-001,+1.486e-001,+6.856e-002,+5.145e-001,-5.608e-003,+9.185e-001,+2.614e-002,-2.623e-001,-4.159e-001,+2.558e-001,-1.757e-002,-2.901e-001 },
  {+3.038e-001,-1.825e-001,+8.526e-001,-6.167e-002,-4.368e-001,-1.258e-002,-2.829e-002,+1.727e-001,-5.477e-002,+7.865e-003,-3.914e-001,-1.798e-001,+1.052e-001,+4.183e-003,-3.779e-001,+4.752e-001,-1.012e-001,+1.838e-001,+5.846e-001,+2.448e-001,+5.540e-002,+4.996e+000,-3.789e-001,-8.354e-002,-1.788e-001,-2.754e-002,-2.525e-001,-5.038e-001,-1.535e-001,-2.696e-001,+1.506e-001,+5.179e-001,-3.127e-002,-3.786e-001,-4.201e-001,+1.959e-001,+4.483e-001,+2.907e-001,-4.813e-002,-2.425e-001,-1.916e-001,+1.493e-001,+1.658e-001,-1.327e-001,+2.236e-001,+2.729e-001,+5.214e-001,-3.866e-003,+1.303e-001,+1.275e-001,+5.055e-001,-1.897e-001,-4.865e-001,+1.488e-002,-1.619e-001,+4.992e-001,+2.565e-001,+5.770e-003,-2.807e-001,-1.044e+000,+1.671e-001,+1.436e-001,-4.017e-002,-2.464e-001,+2.303e-001,-4.387e-001,+4.269e-001,+3.631e-001,-2.936e-001,-2.380e-001,+1.186e-001,+1.470e-001,+2.978e-001,+2.086e-001,+6.053e-001,-9.892e-002,+3.385e-001,+1.794e-001,-3.826e-001,-2.009e-001,+1.478e-001,-2.946e-001,+8.139e-002,+7.145e-001,+3.222e-001,-8.781e-001,+2.593e-001,+3.671e-002,-8.053e-001,+2.121e-001,+5.302e-001,+8.334e-002,+6.204e-002,+7.093e-001,+3.622e-001,+6.284e-001,+2.560e-002,-3.026e-002,+2.729e-001,-4.068e-001 },
  {-1.766e-001,-2.129e-001,-4.811e-001,+1.825e-001,+2.478e-001,-2.134e-001,-6.081e-001,+1.401e-001,-3.234e-001,-6.564e-003,-2.041e-001,-3.904e-001,-4.579e-001,+3.679e-002,+6.327e-001,-2.843e-001,-2.202e-001,-3.618e-001,-3.025e-001,+1.789e-001,-1.211e-001,-3.789e-001,+5.591e+000,+6.530e-001,-7.545e-002,-2.779e-001,+1.246e-001,+2.775e-001,+3.394e-002,-3.323e-002,+5.689e-001,+5.798e-001,-1.817e-001,+1.419e-001,+9.202e-002,+2.811e-001,-3.242e-001,-1.208e-001,+3.732e-001,-3.950e-001,-7.363e-001,+4.908e-001,-1.617e-001,-4.308e-002,+1.323e-001,+7.165e-002,+2.854e-001,-3.645e-001,-5.000e-001,+4.744e-002,+3.700e-001,-5.919e-002,-6.332e-001,+3.416e-003,+6.719e-002,+2.329e-001,-4.184e-001,+2.379e-001,+1.437e-001,+5.495e-001,+7.708e-002,+3.781e-001,+2.251e-001,-6.890e-002,+3.086e-002,-3.955e-002,-5.952e-002,-4.784e-001,-3.436e-001,+4.529e-001,-1.786e-001,-2.979e-001,+4.554e-001,+1.604e-001,+5.681e-001,-2.098e-001,+5.045e-001,-6.205e-001,-1.091e-001,-4.425e-001,+1.818e-002,-2.399e-001,+3.108e-001,-1.981e-001,+2.558e-001,+2.856e-001,+3.543e-002,+3.979e-001,-5.521e-001,+4.886e-002,+9.840e-002,-4.752e-001,-1.091e-001,+1.333e-001,-4.497e-001,-2.220e-001,+9.451e-002,+8.586e-002,+4.138e-001,+5.470e-002 },
  {-3.612e-001,-2.346e-001,-2.087e-001,-2.451e-001,+1.003e-001,+2.516e-001,-3.921e-001,+6.263e-002,-5.410e-001,+2.993e-001,-3.491e-001,-1.304e-001,-1.497e-001,+4.202e-002,+2.282e-002,-4.871e-001,+5.918e-003,+3.391e-001,-1.941e-001,-2.819e-001,+4.903e-001,-8.354e-002,+6.530e-001,+5.125e+000,-4.520e-003,-3.218e-001,-4.356e-001,-1.340e-001,-3.865e-001,+3.896e-001,-2.429e-003,+7.307e-002,+1.028e-001,-1.258e-002,-6.643e-001,+5.921e-001,+5.047e-002,-2.301e-001,-8.427e-002,+3.542e-002,-4.138e-001,-2.738e-001,-2.900e-001,-2.082e-002,+2.280e-001,+2.566e-002,+3.816e-001,-3.430e-002,-2.224e-002,+1.575e-002,-5.194e-001,-1.004e-001,-1.459e-001,-4.235e-001,-3.958e-001,+7.183e-001,-5.737e-001,-5.238e-001,-1.307e-001,+9.420e-004,-1.751e-001,+6.754e-001,+1.711e-002,-2.103e-002,+9.021e-002,-2.826e-001,+3.260e-001,+1.054e-001,-1.848e-001,+2.294e-001,-7.452e-001,+3.756e-001,-1.574e-002,+4.297e-001,-3.297e-001,+1.475e-001,-6.239e-002,-5.540e-001,+4.096e-001,-1.981e-001,+3.003e-001,+6.628e-001,+7.991e-002,-6.026e-003,-2.629e-001,+3.762e-001,-9.695e-002,+5.086e-001,-4.210e-003,-2.341e-001,-3.445e-001,+1.667e-001,-3.801e-002,+2.143e-001,-2.130e-001,-1.606e-001,+2.308e-001,+2.169e-002,-6.456e-002,+1.319e-001 },
  {-1.462e-001,+3.220e-001,-1.371e-001,+4.562e-001,-4.869e-001,+2.775e-001,+5.339e-001,+3.385e-001,-1.629e-001,-2.531e-001,-1.904e-001,+3.709e-001,-3.883e-001,+5.444e-001,+4.134e-001,-1.072e-001,+7.771e-002,-1.198e-001,-1.813e-001,-1.156e-001,-5.484e-001,-1.788e-001,-7.545e-002,-4.520e-003,+5.231e+000,-1.216e-001,-3.619e-002,+2.474e-003,+5.308e-001,+3.583e-001,-1.704e-001,+4.617e-001,-4.378e-002,+4.498e-001,+1.976e-001,-6.425e-002,+1.054e-001,-2.078e-001,-6.116e-002,-2.539e-001,-2.773e-001,-6.586e-001,+1.407e-001,-3.940e-001,+3.878e-001,-1.000e-001,-3.585e-002,-8.365e-002,-4.123e-002,-1.959e-001,-6.684e-002,-6.072e-002,-1.084e-001,-4.378e-001,-1.438e-001,+3.348e-001,+1.280e-002,+1.585e-001,-3.812e-001,+2.025e-001,+7.194e-001,+3.567e-001,-4.240e-001,+5.363e-002,+2.652e-002,+2.604e-001,+2.568e-001,-1.991e-001,+1.006e-001,-4.448e-002,+3.166e-001,+1.861e-001,-4.693e-001,+2.443e-001,-3.472e-001,+4.567e-001,+2.121e-001,+3.119e-001,+4.064e-002,-6.731e-002,-3.635e-001,+2.239e-001,+1.454e-001,+3.273e-001,-1.818e-001,-4.011e-001,+1.219e-001,+7.587e-001,-3.394e-001,+2.900e-001,-3.795e-001,-4.612e-001,-2.395e-002,+1.234e-001,+7.751e-001,-1.110e-001,-3.570e-001,+3.383e-001,+4.300e-001,+9.931e-002 },
  {-2.358e-001,+2.384e-001,+5.265e-001,+3.401e-001,+6.239e-001,+6.307e-001,-1.532e-002,-1.909e-002,+4.406e-001,-3.674e-001,-4.669e-001,+4.569e-001,-3.301e-002,+6.037e-001,+1.438e-001,+3.537e-001,-4.546e-002,-5.332e-001,-7.172e-001,-1.670e-001,+1.959e-001,-2.754e-002,-2.779e-001,-3.218e-001,-1.216e-001,+5.357e+000,-2.400e-003,+5.228e-001,-3.779e-001,+7.500e-001,+2.280e-001,-8.824e-003,+7.150e-002,+6.437e-001,+5.392e-001,+1.362e-001,-1.971e-001,+2.387e-001,-4.394e-001,-1.576e-001,-1.322e-001,-1.325e-001,+3.499e-001,-1.752e-001,-9.760e-002,+1.586e-001,+1.975e-001,-1.862e-001,-1.026e-001,+5.351e-001,-2.754e-001,-8.833e-003,-2.771e-001,+2.769e-001,+1.221e-001,-2.393e-001,+2.618e-001,+2.788e-001,-2.704e-001,-1.247e-001,-3.540e-001,+5.627e-002,-3.343e-001,-1.482e-002,+3.422e-002,+1.784e-001,-4.493e-001,+2.675e-001,-2.160e-001,+2.759e-002,+5.486e-001,+5.882e-002,+4.940e-002,+2.418e-001,-1.007e-001,+1.087e-001,+2.058e-001,+2.418e-001,-4.722e-002,+3.962e-001,+4.397e-001,-1.842e-002,+4.387e-001,-1.959e-004,-3.683e-002,+4.672e-001,-4.711e-001,-5.733e-002,-6.236e-001,+1.978e-001,+1.115e-001,-4.384e-001,+1.312e-001,+3.268e-001,+2.429e-001,+5.341e-001,-1.858e-001,+3.957e-001,+5.169e-001,-1.299e-001 },
  {+4.145e-002,+1.791e-001,-5.235e-001,+3.865e-001,-7.763e-002,+1.175e-001,-5.286e-001,+1.939e-001,-2.572e-001,+8.505e-002,+1.189e-001,-3.630e-001,-4.685e-001,-7.103e-002,-3.026e-001,+2.520e-001,+1.150e-001,-4.435e-001,+5.852e-003,+9.541e-002,+1.157e-001,-2.525e-001,+1.246e-001,-4.356e-001,-3.619e-002,-2.400e-003,+5.057e+000,+1.961e-001,+5.647e-001,-9.998e-002,-3.114e-001,-6.085e-001,+7.868e-001,+4.592e-001,+6.633e-002,-1.737e-001,-1.273e-001,-1.734e-001,-7.082e-001,+3.913e-001,-5.572e-002,+2.285e-001,+5.999e-002,-5.122e-001,+2.559e-001,+6.429e-003,-1.908e-001,+1.384e-001,-3.481e-002,-1.955e-001,+1.347e-001,-2.171e-001,+1.043e-001,+4.863e-001,+4.012e-001,-9.086e-002,+1.873e-001,-6.290e-002,-2.603e-001,+1.078e-002,-2.420e-001,+2.395e-001,+2.220e-001,+1.264e-001,-1.499e-001,+2.943e-001,+1.167e-001,-7.960e-002,+4.967e-001,+5.005e-001,-2.925e-001,-1.197e-001,-2.363e-001,-3.451e-001,-2.625e-001,-1.156e-001,+9.247e-003,+5.088e-001,-1.446e-001,-1.424e-001,+7.472e-002,-5.890e-001,+7.533e-002,+1.999e-001,-1.881e-001,-2.548e-001,-1.367e-001,-3.244e-001,+1.534e-001,+1.972e-001,-3.298e-001,+2.734e-001,-5.818e-001,-6.917e-001,-1.040e-002,+6.836e-001,-4.710e-002,+5.010e-001,-4.393e-001,-1.197e-001 },
  {-1.212e-002,+3.394e-001,-5.403e-001,-6.017e-001,-3.127e-001,+1.243e-001,-3.854e-001,-1.259e-001,-2.556e-001,-4.663e-001,+7.438e-002,+2.661e-001,+4.774e-002,-1.787e-001,+4.954e-001,+1.133e-001,+1.662e-001,+2.254e-001,+1.898e-001,+3.486e-001,+9.704e-001,-5.038e-001,+2.775e-001,-1.340e-001,+2.474e-003,+5.228e-001,+1.961e-001,+5.456e+000,-7.049e-002,-2.061e-002,+1.861e-001,+2.676e-001,-2.117e-001,-2.673e-002,-1.070e-001,+5.246e-002,+1.743e-001,-4.642e-001,+2.286e-001,+2.601e-001,+2.408e-001,+1.598e-002,-1.838e-001,+5.735e-001,+2.405e-001,-3.148e-003,+6.398e-001,-5.417e-002,+1.547e-001,+1.553e-001,+1.808e-001,+1.055e-001,-2.668e-001,-4.641e-001,-4.813e-001,+4.113e-001,-6.637e-002,+1.612e-002,-1.950e-001,-4.574e-001,+6.413e-001,-2.490e-001,-3.219e-002,+4.129e-001,+3.092e-001,+2.752e-001,-2.384e-001,-2.223e-001,-3.445e-001,+1.816e-001,+3.945e-001,+4.365e-002,+9.297e-003,+1.715e-001,+5.033e-002,-1.027e-001,+3.483e-001,+1.780e-002,-6.692e-002,+4.753e-001,+9.366e-002,-1.021e+000,-3.155e-001,-2.360e-001,+8.944e-001,-1.369e-001,+7.261e-002,+2.783e-001,+4.597e-001,-2.488e-001,+5.249e-003,-2.711e-001,+5.377e-001,-1.703e-001,-1.242e-001,+1.733e-001,-3.438e-001,+1.719e-002,+6.746e-002,+2.944e-001 },
  {+1.864e-001,-6.962e-001,-1.010e-001,+2.458e-001,+9.034e-003,+8.847e-002,-5.815e-001,-1.586e-001,+2.089e-001,+9.109e-002,+2.102e-001,-1.895e-001,+2.423e-001,+3.467e-001,-1.211e-001,-2.644e-001,+3.389e-001,+3.993e-001,+3.595e-001,-4.894e-001,-8.310e-002,-1.535e-001,+3.394e-002,-3.865e-001,+5.308e-001,-3.779e-001,+5.647e-001,-7.049e-002,+6.216e+000,+1.411e-001,+2.155e-001,-3.080e-001,-1.270e-001,-3.933e-001,-1.594e-001,-2.850e-001,-6.445e-001,-1.612e-001,+1.616e-001,-2.527e-001,+9.799e-002,+2.608e-001,-1.950e-001,-2.654e-001,+2.508e-002,-1.395e-001,-2.273e-001,+1.181e-001,-3.945e-001,+5.459e-003,+2.625e-001,+5.943e-001,-1.229e-001,-5.366e-001,-3.471e-001,+2.810e-001,+1.775e-001,+5.987e-001,+4.438e-001,-2.239e-001,-4.979e-002,+2.979e-001,+9.543e-002,+3.200e-001,-1.273e-002,+4.922e-001,+1.511e-001,+3.574e-001,-7.951e-002,-5.587e-001,-1.326e-001,-4.250e-001,+2.542e-001,-6.087e-001,+3.728e-003,-5.697e-002,+4.790e-001,+1.886e-001,+6.392e-002,-1.326e-001,+2.442e-001,+5.756e-001,+2.476e-001,-6.272e-001,+3.896e-001,+5.291e-001,+3.371e-001,-3.493e-001,+6.624e-002,-2.788e-001,-2.287e-001,+8.453e-001,-2.615e-001,+4.319e-001,+1.841e-001,+1.594e-001,-2.837e-001,-2.249e-001,+3.427e-003,-5.864e-002 },
