SDPA start at [Tue Sep 07 12:42:27 2021]
param  is ./param.sdpa 
data   is G:\Research\PhysarumSDPSolver\SDPA\testSet\large2\large2-100-12.dat-s  : sparse
""Large randomly generated tests with n = 100 and m in [5,2]""
out    is G:\Research\PhysarumSDPSolver\SDPA\testSet\large2\large2-100-12.dat-s.res
NumThreads  is set as 1
Schur computation : DENSE 
   mu      thetaP  thetaD  objP      objD      alphaP  alphaD  beta 
 0 1.0e+004 1.0e+000 1.0e+000 -0.00e+000 -5.50e+004 9.1e-001 1.0e+000 2.00e-001
 1 1.8e+003 9.3e-002 1.8e-015 +1.61e+000 -6.87e+004 9.8e-001 1.6e+000 2.00e-001
 2 3.0e+002 2.0e-003 3.2e-015 +1.43e+000 -2.85e+004 1.0e+000 1.1e+000 2.00e-001
 3 4.9e+001 9.3e-018 1.6e-015 +1.23e+000 -4.85e+003 5.1e+001 9.7e-001 1.00e-001
 4 6.0e+000 9.3e-018 2.7e-016 -5.61e+000 -6.05e+002 9.8e-001 9.8e-001 1.00e-001
 5 7.2e-001 9.3e-018 2.9e-017 -5.44e+000 -7.72e+001 8.6e-001 9.3e-001 1.00e-001
 6 1.2e-001 1.9e-017 1.0e-017 -6.58e+000 -1.81e+001 8.9e-001 7.2e-001 1.00e-001
 7 4.0e-002 1.9e-017 1.4e-017 -6.93e+000 -1.09e+001 9.6e-001 8.5e-001 1.00e-001
 8 9.2e-003 1.9e-017 1.4e-017 -6.99e+000 -7.91e+000 9.5e-001 9.4e-001 1.00e-001
 9 1.4e-003 1.9e-017 4.9e-017 -7.01e+000 -7.15e+000 9.6e-001 9.7e-001 1.00e-001
10 1.8e-004 1.9e-017 1.6e-016 -7.01e+000 -7.03e+000 9.9e-001 9.8e-001 1.00e-001
11 2.2e-005 1.9e-017 1.8e-016 -7.01e+000 -7.01e+000 1.0e+000 9.9e-001 1.00e-001
12 2.4e-006 1.9e-017 9.8e-017 -7.01e+000 -7.01e+000 1.0e+000 1.0e+000 1.00e-001
13 2.5e-007 2.8e-017 3.6e-017 -7.01e+000 -7.01e+000 1.0e+000 1.0e+000 1.00e-001
14 2.5e-008 1.9e-017 7.0e-017 -7.01e+000 -7.01e+000 1.0e+000 1.0e+000 1.00e-001
15 2.5e-009 2.8e-017 3.3e-016 -7.01e+000 -7.01e+000 1.0e+000 1.0e+000 1.00e-001

phase.value  = pdOPT     
   Iteration = 15
          mu = +2.4560512912330523e-009
relative gap = +3.5033924348191908e-008
        gap  = +2.4560512734694839e-007
     digits  = +7.4555112121740050e+000
objValPrimal = -7.0104941885383809e+000
objValDual   = -7.0104944341435083e+000
p.feas.error = +2.6645352591003757e-015
d.feas.error = +9.1517904365900904e-012
total time   = 1.249865
** Paramters **
maxIteration = 100
epsilonStar  = +9.9999999999999995e-008
lambdaStar   = +1.0000000000000000e+002
omegaStar    = +2.0000000000000000e+000
lowerBound   = -1.0000000000000000e+005
upperBound   = +1.0000000000000000e+005
betaStar     = +1.0000000000000001e-001
betaBar      = +2.0000000000000001e-001
gammaStar    = +9.0000000000000002e-001
epsilonDash  = +9.9999999999999995e-008
xPrint       = %+8.3e 
XPrint       = %+8.3e 
YPrint       = %+8.3e 
infPrint     = %+10.16e 

                         Time(sec)  Ratio(% : MainLoop) 
 Predictor time  =       0.349044,  34.065636
 Corrector time  =       0.151283,  14.764762
 Make bMat time  =       0.200354,  19.553943
 Make bDia time  =       0.000000,  0.000000
 Make bF1  time  =       0.192354,  18.773167
 Make bF2  time  =       0.000000,  0.000000
 Make bF3  time  =       0.000000,  0.000000
 Make bPRE time  =       0.167824,  16.379113
 Make rMat time  =       0.000000,  0.000000
 Make gVec Mul   =       0.000000,  0.000000
 Make gVec time  =       0.008106,  0.791121
 Cholesky bMat   =       0.009492,  0.926390
 Ste Pre time    =       0.000000,  0.000000
 Ste Cor time    =       0.456701,  44.572633
 solve           =       0.000000,  0.000000
 sumDz           =       0.008640,  0.843238
 makedX          =       0.025206,  2.460029
 symmetriseDx    =       0.248529,  24.255677
 makedXdZ        =       0.282375,  27.558944
 xMatTime        =       0.016582,  1.618353
 zMatTime        =       0.051012,  4.978617
 invzMatTime     =       0.000000,  0.000000
 xMatzMatTime    =       0.000000,  0.000000
 EigxMatTime     =       0.232214,  22.663382
 EigzMatTime     =       0.224487,  21.909250
 EigxMatzMatTime =       0.000000,  0.000000
 updateRes       =       0.000000,  0.000000
 EigTime         =       0.456701,  44.572633
 sub_total_bMat  =       0.824268,  80.446057
 Main Loop       =       1.024622,  100.000000
 File Check      =       0.000000,  0.000000
 File Change     =       0.000000,  0.000000
 File Read       =       0.225243,  21.983034
 Total           =       1.249865,  121.983034

xVec = 
{+5.289e-003,+8.938e-004,-4.420e-005,+3.688e-003,+2.911e-003,+7.371e-004,+1.386e-004,+2.811e-003,-1.387e-003,+2.340e-003,+3.673e-004,-3.300e-004,+5.248e-003,+3.838e-003,+4.199e-003,+4.504e-004,-3.434e-003,+6.952e-004}
xMat = 
{
{ {+5.572e+000,+1.830e-001,+1.932e-001,-1.682e-002,-2.984e-001,-1.003e+000,-2.211e-002,+4.842e-001,-3.543e-001,-1.312e-001,-9.726e-002,-1.359e-001,+1.678e-002,-4.686e-001,-3.513e-001,-9.095e-002,-6.787e-001,+3.340e-001,-2.081e-001,-5.699e-001,-1.933e-001,+7.589e-002,-5.549e-001,+7.574e-002,-6.780e-002,-4.763e-001,+1.657e-001,-2.523e-001,-6.167e-002,+7.067e-002,+2.568e-001,+5.381e-003,-1.125e-002,-2.305e-001,-1.847e-001,-6.690e-002,-2.803e-001,+3.013e-002,-1.972e-001,-1.180e-001,+1.556e-001,-5.804e-001,+7.380e-001,-2.959e-001,-3.414e-001,+4.009e-002,-1.021e-001,+5.567e-001,-3.806e-001,-4.739e-002,-7.274e-002,-2.056e-001,+9.602e-002,-6.328e-001,-8.826e-002,-4.332e-001,-3.779e-001,+1.007e-001,+3.411e-001,-7.039e-002,+4.371e-001,-3.513e-001,+1.329e-001,+3.325e-001,-6.147e-002,+9.440e-001,-7.326e-001,+2.302e-001,-2.856e-001,+1.166e-001,+3.574e-002,+4.115e-001,+4.858e-001,-1.377e-001,-4.864e-001,+5.080e-003,-4.746e-001,-3.211e-001,-2.724e-001,+9.865e-002,+8.492e-002,+5.213e-002,+4.642e-001,-2.004e-001,+4.065e-001,-1.414e-001,-1.792e-001,-1.834e-001,+1.717e-001,-6.753e-002,+9.385e-002,+2.388e-001,-7.311e-002,+3.096e-001,+4.583e-002,+2.335e-001,-2.114e-001,+7.083e-002,-2.680e-001,-4.676e-002 },
  {+1.830e-001,+5.331e+000,+2.522e-002,+1.478e-001,+1.329e-001,+3.203e-002,+1.718e-001,+4.655e-001,-5.448e-001,-1.564e-001,+2.959e-001,+2.493e-001,-6.954e-001,+3.830e-001,-1.017e-001,+3.264e-001,-1.782e-001,-4.232e-001,+1.059e-001,-5.235e-003,-3.807e-001,+1.324e-002,-1.243e-001,+2.508e-002,-5.397e-001,+2.452e-001,-1.699e-001,-1.293e-002,+9.256e-002,+2.096e-001,+6.621e-001,-4.786e-001,+9.823e-002,+8.273e-002,+1.533e-001,-9.193e-002,-2.271e-001,-3.726e-001,-1.353e-001,+1.311e-001,-9.661e-002,+5.502e-002,+8.519e-002,+5.626e-001,-5.877e-001,+5.222e-001,+1.411e-001,+5.331e-001,+4.438e-001,-9.449e-001,-5.172e-001,-2.225e-001,-8.179e-002,-2.911e-001,+1.023e-001,-2.711e-001,+2.200e-001,-2.499e-002,-5.069e-002,+1.236e-001,+2.464e-001,-2.064e-001,+2.929e-001,-2.276e-001,+1.211e-001,+2.241e-001,-2.871e-001,+5.443e-001,+2.383e-001,-1.502e-001,-2.154e-001,+2.833e-001,-4.064e-001,-7.662e-002,-4.460e-002,-1.659e-001,-2.452e-001,+2.791e-001,-3.577e-001,-8.815e-002,-1.654e-001,-4.544e-001,-6.534e-001,+7.442e-002,-2.786e-001,-2.661e-001,+1.343e-001,-3.851e-001,+2.945e-001,-2.260e-001,-5.734e-002,+6.324e-001,+3.288e-002,+9.649e-002,-2.185e-001,-5.871e-001,+4.487e-001,-1.414e-001,+1.561e-001,-1.368e-001 },
  {+1.932e-001,+2.522e-002,+5.136e+000,+2.194e-001,-8.071e-002,-8.790e-002,-6.144e-002,+2.702e-001,+1.489e-001,+1.963e-001,+9.873e-002,+7.115e-001,+5.346e-001,-2.429e-001,+2.792e-002,-1.748e-001,-2.678e-001,+2.026e-001,+4.384e-001,+6.557e-002,-1.624e-001,-2.353e-001,+2.311e-002,-7.559e-001,-1.899e-001,+2.710e-002,+4.690e-002,+4.136e-001,+3.302e-001,-4.185e-001,-2.108e-002,-2.273e-001,-3.721e-001,+1.742e-001,-5.202e-002,+1.170e-001,-1.636e-001,+2.603e-001,-1.332e-001,+6.540e-001,-7.334e-002,-1.656e-001,-4.009e-001,+3.292e-001,-9.736e-002,-3.014e-001,+2.419e-001,+3.222e-001,+5.519e-001,+3.776e-001,+2.478e-001,+1.517e-001,+3.153e-001,-2.834e-001,-3.780e-002,+1.192e-001,+4.552e-001,-1.361e-001,-2.716e-002,-2.831e-001,+5.606e-001,-5.577e-001,-5.616e-001,+6.071e-001,+2.794e-001,+8.015e-001,-1.151e-001,-5.115e-001,+8.643e-002,-2.656e-001,+2.546e-001,-1.243e-001,-4.280e-001,+1.110e-001,-3.269e-001,-4.274e-001,+5.139e-001,-3.225e-001,-3.545e-001,+2.062e-001,+1.501e-001,+3.242e-001,-2.378e-001,-4.653e-001,+5.878e-001,-9.118e-003,-3.102e-001,+2.393e-001,+4.955e-001,-3.686e-001,+2.445e-001,-1.303e-001,-7.532e-001,+2.497e-002,-2.508e-001,+4.971e-001,+1.499e-001,+3.883e-002,+4.346e-002,-3.395e-001 },
  {-1.682e-002,+1.478e-001,+2.194e-001,+5.249e+000,-2.498e-001,-1.544e-002,+1.963e-001,-9.001e-001,-4.012e-001,-2.171e-001,-3.497e-003,-4.971e-001,-3.609e-001,+1.143e-001,+9.824e-002,+2.588e-001,-5.392e-001,-1.510e-001,-6.038e-001,+1.616e-001,-6.781e-001,-6.645e-002,-4.509e-001,+3.049e-001,+6.305e-001,-5.565e-001,-1.013e-001,+5.516e-001,-6.722e-001,-6.255e-001,+5.590e-001,+3.772e-001,-1.198e-001,-5.454e-002,-1.244e-001,-1.648e-002,-2.494e-001,+3.746e-002,-2.829e-002,+1.145e-001,-4.834e-001,+6.456e-002,+3.177e-001,+2.845e-001,-1.510e-001,+1.144e-001,+1.445e-001,+8.185e-002,-1.226e-001,-4.006e-001,-2.648e-001,+3.939e-001,-6.329e-001,+3.046e-001,-6.112e-001,+6.044e-002,+8.417e-002,-5.147e-001,-4.041e-002,-3.234e-002,-7.509e-002,-4.091e-001,-1.427e-001,-1.156e-001,-1.920e-001,+1.307e-001,+3.325e-001,+1.733e-001,+2.316e-001,-1.420e-001,-3.293e-001,-7.183e-003,+2.997e-001,-3.482e-001,-7.091e-001,+1.233e-001,-6.697e-002,-6.553e-001,-5.027e-001,+1.558e-001,+1.290e-001,-2.971e-001,+5.793e-002,+1.316e-001,-7.045e-001,+1.087e-001,-6.818e-002,+1.021e-002,+1.614e-001,+3.374e-001,-9.730e-003,+1.968e-001,-7.051e-001,-3.721e-001,+7.305e-002,+8.566e-001,+9.126e-002,+1.799e-001,-2.796e-002,-8.922e-002 },
  {-2.984e-001,+1.329e-001,-8.071e-002,-2.498e-001,+5.179e+000,+2.022e-001,+9.310e-002,+6.714e-001,+1.485e-001,+2.484e-001,-2.918e-001,-9.724e-002,-2.831e-001,-5.523e-001,-3.758e-001,-8.215e-002,-3.464e-001,-6.348e-001,-5.642e-001,-1.276e-001,+2.117e-001,-4.088e-001,+1.693e-001,+2.487e-001,-5.605e-001,-2.962e-001,+3.172e-001,-1.132e-001,-1.221e-001,-6.931e-001,-9.752e-002,+2.729e-001,-3.867e-001,-1.517e-001,+2.338e-001,+1.758e-002,+4.020e-001,-5.090e-001,+5.855e-001,-3.957e-002,-1.918e-001,+5.539e-001,+2.095e-001,+7.494e-001,-9.650e-002,-5.896e-001,-2.577e-001,-5.212e-002,-2.684e-001,-1.518e-001,-3.423e-002,+4.887e-001,+1.289e-001,+2.331e-002,-2.913e-001,-3.322e-001,+3.749e-001,+2.997e-001,-1.544e-001,+2.552e-001,+1.070e-001,+5.271e-001,-2.666e-001,-3.027e-001,+3.841e-003,+1.865e-001,-1.312e-001,-3.290e-001,-5.307e-001,+3.914e-001,-2.996e-001,-6.570e-002,-1.973e-001,+6.905e-002,+4.395e-001,-3.826e-001,-2.640e-001,-1.848e-001,-1.915e-001,+7.060e-002,+2.413e-001,+8.239e-001,-6.895e-002,-1.911e-001,-3.535e-001,-2.161e-001,-9.789e-002,-3.844e-001,-3.387e-001,+4.586e-001,-2.601e-001,+1.153e-001,-4.293e-001,-2.673e-001,-9.789e-001,+1.746e-001,+1.949e-001,-8.370e-002,+2.588e-001,+1.171e-001 },
  {-1.003e+000,+3.203e-002,-8.790e-002,-1.544e-002,+2.022e-001,+5.742e+000,+3.457e-001,+4.275e-001,-4.148e-001,+9.138e-002,+1.315e-002,+4.801e-002,+4.885e-001,-5.850e-001,+5.447e-001,+3.665e-001,+4.325e-001,-4.862e-001,+4.442e-001,-1.555e-002,-7.369e-001,+1.895e-001,-3.672e-001,-3.932e-001,-3.813e-001,-6.324e-001,-2.292e-001,-9.514e-002,+2.374e-002,-1.508e-001,+1.974e-001,+3.180e-001,+6.267e-002,-2.622e-001,-4.210e-001,-2.298e-001,-1.630e-001,+7.465e-002,+3.174e-001,-2.977e-001,-2.121e-001,+1.752e-001,+1.813e-002,+7.112e-002,+1.496e-001,+1.034e-001,-1.895e-001,-5.642e-001,-3.113e-001,-4.880e-001,-1.573e-001,+1.615e-001,-3.258e-005,-2.858e-002,+9.623e-002,+7.565e-001,-2.604e-001,-4.443e-002,+2.050e-001,+3.102e-001,+1.913e-001,+4.170e-001,-2.086e-001,-6.843e-002,-1.513e-001,-2.182e-002,-4.079e-001,+5.530e-001,+1.395e-001,+1.180e-002,-5.346e-002,-1.035e-001,+4.852e-001,+3.632e-001,-1.322e-002,+4.431e-001,+1.111e-001,-2.330e-001,+1.750e-001,-1.389e-001,+7.176e-001,+1.409e-002,+1.017e-001,-7.817e-001,+3.495e-001,+3.171e-001,+4.754e-001,+4.820e-001,+3.488e-001,+8.013e-002,-6.039e-001,-4.404e-001,+2.443e-002,+8.328e-002,+5.611e-002,-2.094e-001,+1.049e-001,+6.139e-002,-1.295e-001,-3.627e-001 },
  {-2.211e-002,+1.718e-001,-6.144e-002,+1.963e-001,+9.310e-002,+3.457e-001,+5.507e+000,+6.105e-001,-1.066e-001,+1.780e-001,+3.197e-001,-1.408e-001,+2.149e-001,+4.054e-001,+1.908e-003,+2.070e-001,-3.774e-001,-6.398e-002,-1.124e-001,-2.905e-001,-1.484e-001,+2.284e-001,-4.743e-001,-1.868e-001,+4.908e-001,+8.729e-002,-9.714e-003,+7.018e-002,-3.227e-001,+9.816e-002,-6.850e-001,-1.913e-001,+1.007e-001,-1.132e-001,-2.441e-001,-9.936e-001,-3.215e-001,-1.129e-001,-2.276e-002,+1.164e-001,+1.428e-001,-6.338e-001,+2.922e-001,-3.887e-002,-5.188e-002,+1.449e-001,+2.720e-001,-9.311e-002,-9.231e-002,+2.733e-001,-3.517e-001,-4.232e-002,-6.924e-001,-1.354e-001,-3.435e-001,-3.269e-001,+8.746e-001,+4.046e-002,-1.607e-001,-1.309e-001,-1.515e-001,+4.178e-001,-8.167e-002,-4.890e-002,-1.470e-001,-5.324e-001,-3.550e-002,+1.244e-001,+2.549e-001,+2.428e-001,+9.202e-003,-3.924e-001,-2.022e-001,-3.990e-001,+2.494e-001,+5.204e-001,+7.117e-002,-2.517e-001,+1.658e-001,-4.509e-002,+1.793e-002,+3.885e-001,-3.241e-001,-6.106e-002,+3.692e-001,-1.569e-001,+4.001e-001,+7.058e-001,-1.717e-001,-4.224e-001,+2.741e-001,-7.986e-002,-2.532e-001,-7.380e-002,+1.421e-001,-6.142e-002,-6.461e-001,-2.308e-001,-1.802e-001,-2.378e-001 },
  {+4.842e-001,+4.655e-001,+2.702e-001,-9.001e-001,+6.714e-001,+4.275e-001,+6.105e-001,+5.620e+000,+3.931e-001,-8.340e-002,+3.661e-001,+3.043e-002,-2.220e-001,+1.138e-001,-1.284e-001,+5.626e-001,-1.929e-001,-4.370e-001,-1.891e-002,-2.856e-001,-3.700e-001,-4.960e-002,-5.198e-001,+8.318e-003,-1.756e-001,+2.677e-001,-2.964e-001,+1.699e-001,+4.243e-001,-2.228e-001,-2.395e-001,-2.545e-003,+1.014e-002,-5.194e-001,-7.345e-002,+4.415e-001,+1.666e-001,+1.337e-001,-4.465e-001,+3.594e-001,+2.471e-001,+2.691e-001,-1.155e-001,-2.774e-001,-3.178e-001,-7.137e-001,-9.115e-002,+3.027e-001,-5.303e-001,-3.701e-001,+5.005e-002,-1.612e-001,+1.978e-001,+1.856e-001,-3.289e-001,-1.256e-001,-2.076e-001,+2.682e-001,+1.346e-003,-5.950e-002,+1.849e-001,-4.933e-002,+3.866e-001,-8.990e-002,-1.203e-001,+1.282e-002,+1.832e-001,+1.685e-001,+2.994e-001,-2.366e-001,+2.723e-001,-2.174e-001,-8.107e-001,+2.845e-001,-1.396e-001,-1.432e-001,-1.389e-001,-5.287e-001,-1.509e-001,+3.475e-001,+7.240e-001,-5.203e-001,+2.792e-001,+5.809e-002,+1.167e-001,+1.958e-001,-5.171e-001,-2.778e-001,+3.792e-001,-1.873e-002,-5.157e-001,-2.003e-003,+1.539e-001,-4.326e-001,-1.232e-001,+4.434e-001,+1.826e-001,+2.025e-002,-3.732e-001,+9.194e-002 },
  {-3.543e-001,-5.448e-001,+1.489e-001,-4.012e-001,+1.485e-001,-4.148e-001,-1.066e-001,+3.931e-001,+5.627e+000,-7.294e-002,-1.260e-001,-5.677e-001,+3.785e-002,-1.662e-001,+2.044e-001,+3.008e-001,-2.340e-001,-1.323e-001,+2.313e-001,+6.689e-001,-6.123e-001,-5.906e-002,-3.578e-001,-9.706e-002,+1.196e-001,-2.499e-001,-2.752e-001,+2.751e-001,-1.154e-001,+2.678e-001,-6.899e-001,+7.589e-001,+3.896e-001,+9.618e-002,-5.459e-001,-2.174e-001,-2.616e-001,+3.125e-001,+9.156e-002,-4.358e-001,+6.502e-002,-5.858e-001,+1.488e-002,+3.584e-001,+6.954e-001,+2.063e-001,-2.080e-001,-2.963e-001,+1.373e-001,-5.340e-001,-3.326e-002,-3.380e-001,-8.381e-001,-4.826e-002,-1.026e-001,-1.035e+000,-6.659e-001,+1.491e-001,+4.740e-001,+2.779e-002,-5.974e-002,+2.079e-001,-5.160e-001,+1.247e-001,+8.050e-002,+5.462e-002,-1.878e-002,-4.166e-001,+8.745e-001,+4.945e-003,+2.713e-001,-2.518e-002,-3.106e-001,+2.246e-001,-5.370e-002,-7.695e-002,-3.155e-001,-2.806e-001,+8.302e-002,-5.690e-001,-3.670e-001,-3.004e-001,-5.531e-001,-1.181e-001,+2.756e-001,-4.435e-001,-1.375e-001,-2.445e-001,-5.014e-001,-1.053e-001,-1.709e-001,+2.050e-001,+3.916e-001,+1.754e-001,-3.034e-001,+2.734e-001,-4.374e-001,+1.588e-001,+3.128e-001,+4.364e-001 },
  {-1.312e-001,-1.564e-001,+1.963e-001,-2.171e-001,+2.484e-001,+9.138e-002,+1.780e-001,-8.340e-002,-7.294e-002,+5.632e+000,+5.430e-001,+4.161e-001,+1.012e-001,+3.857e-001,-5.766e-001,-4.323e-001,+2.259e-001,+7.881e-001,+2.920e-001,-1.482e-001,-9.202e-001,+3.229e-001,+4.473e-001,-1.229e-001,+1.472e-003,-1.121e-001,+6.434e-002,-2.738e-002,+4.993e-001,-1.499e-002,-2.246e-002,-4.058e-001,-2.746e-002,+4.448e-001,-4.163e-001,+5.800e-001,-2.647e-001,+4.363e-001,-3.449e-002,-1.434e-001,+4.161e-001,-1.135e-001,+1.620e-001,-3.358e-001,-5.037e-002,-3.462e-001,-5.841e-001,+7.027e-001,-2.298e-001,-1.799e-001,+3.123e-001,-6.863e-001,-2.995e-001,-1.010e-001,-8.618e-002,+1.711e-002,-5.337e-001,-2.604e-001,-8.199e-001,-4.304e-001,-4.825e-001,-2.269e-001,+6.888e-001,+4.438e-001,-1.893e-001,-3.761e-002,-1.237e-001,-1.453e-001,-3.525e-001,+1.301e-001,+1.561e-001,-1.454e-002,-2.651e-001,-4.329e-001,-1.316e-001,-1.556e-001,-3.132e-001,-1.219e-002,-2.033e-001,+2.491e-002,-1.444e-001,-1.543e-001,+2.308e-001,-1.990e-001,-3.142e-001,-3.285e-001,+5.172e-002,+6.363e-002,-5.398e-001,+1.947e-001,-7.138e-002,+1.970e-001,-1.034e-002,+6.087e-001,+2.869e-001,-8.171e-001,-5.599e-001,-2.125e-001,-1.077e-001,-5.556e-002 },
  {-9.726e-002,+2.959e-001,+9.873e-002,-3.497e-003,-2.918e-001,+1.315e-002,+3.197e-001,+3.661e-001,-1.260e-001,+5.430e-001,+5.711e+000,-2.060e-001,-7.616e-003,+8.550e-002,-5.538e-001,+1.571e-001,-6.243e-001,+3.726e-001,+7.738e-001,-3.860e-002,+3.083e-001,-1.502e-001,+2.474e-001,+1.209e-001,+2.431e-002,+2.684e-001,+3.712e-001,-1.233e-001,+6.115e-002,+7.211e-002,+2.007e-001,+1.397e-001,-1.576e-001,+3.950e-001,+9.834e-004,-1.936e-001,-4.974e-002,-1.434e-001,+2.015e-001,+9.500e-002,+1.295e-001,-2.245e-001,-5.523e-001,+1.907e-001,-5.619e-001,-5.436e-002,+2.778e-001,-4.396e-003,+9.234e-002,+1.744e-001,-7.914e-002,-3.222e-001,-9.451e-002,-7.463e-002,+2.111e-001,+1.512e-001,+4.377e-002,-5.332e-001,+1.269e-001,+1.993e-001,-3.863e-001,-2.201e-001,+2.060e-001,+1.169e-001,-1.975e-001,-1.274e-001,-1.621e-001,+1.450e-001,+2.166e-001,-9.667e-002,-3.270e-001,+3.789e-001,+4.084e-001,-9.071e-002,-1.796e-001,-7.141e-001,-1.723e-002,-6.739e-001,+4.386e-001,+2.429e-001,-2.058e-002,-3.199e-001,-3.781e-001,-8.962e-001,-3.132e-001,+1.507e-001,-2.323e-001,+1.079e-001,+3.538e-001,+7.622e-001,+3.131e-001,-4.685e-001,-5.513e-002,+3.810e-001,+7.522e-002,+2.745e-001,+1.094e-001,-5.423e-001,+2.766e-001,+5.981e-001 },
  {-1.359e-001,+2.493e-001,+7.115e-001,-4.971e-001,-9.724e-002,+4.801e-002,-1.408e-001,+3.043e-002,-5.677e-001,+4.161e-001,-2.060e-001,+5.601e+000,+2.673e-001,-2.014e-001,-6.503e-002,-2.124e-001,+5.314e-001,+2.556e-001,+1.715e-001,+5.928e-001,+2.442e-001,-2.944e-001,-1.311e-002,-2.944e-001,-2.176e-001,-4.125e-001,-2.443e-002,-2.585e-001,+7.104e-001,+3.141e-001,-1.816e-001,-5.148e-002,-6.281e-001,-4.839e-002,+1.534e-001,-1.923e-001,-3.523e-001,-2.996e-001,-2.549e-001,+1.325e-001,+1.880e-001,-5.488e-001,+6.649e-002,+1.310e-001,+5.509e-001,-3.173e-001,-1.682e-001,-1.294e-001,-7.317e-001,+1.983e-001,+4.854e-001,-1.969e-001,+1.727e-001,-1.814e-001,-1.182e-001,-1.226e-001,-4.646e-001,-2.675e-001,-1.594e-001,+5.226e-001,-4.338e-002,+9.653e-002,+8.329e-002,+3.577e-001,-1.488e-002,+1.017e-001,+5.281e-001,+4.248e-001,-1.340e-001,-1.103e-002,-1.729e-001,-2.619e-001,-3.753e-001,-3.341e-001,+3.442e-001,+2.555e-001,-3.620e-002,+1.068e-001,-3.401e-001,-7.095e-002,-2.586e-001,-1.005e-001,+1.082e-001,-2.651e-001,-6.006e-001,-6.867e-001,+1.581e-002,-5.101e-001,+2.218e-001,-4.312e-001,-2.084e-001,-2.410e-003,+2.234e-001,+1.515e-001,-3.794e-001,-7.188e-001,-3.887e-001,-5.191e-001,-2.238e-002,-2.697e-001 },
  {+1.678e-002,-6.954e-001,+5.346e-001,-3.609e-001,-2.831e-001,+4.885e-001,+2.149e-001,-2.220e-001,+3.785e-002,+1.012e-001,-7.616e-003,+2.673e-001,+5.915e+000,-2.760e-001,-1.821e-001,-3.290e-001,+3.657e-001,-2.190e-001,+3.029e-001,-1.625e-001,+7.233e-002,-3.982e-002,+5.376e-002,+8.064e-001,+3.936e-003,+8.010e-001,-6.968e-001,+2.110e-001,-8.376e-002,-5.138e-001,-4.704e-002,-3.749e-001,-3.759e-001,+2.107e-001,+3.771e-001,-4.820e-001,-5.134e-001,+8.744e-002,+3.374e-001,-4.678e-001,+1.226e-002,-3.923e-001,-1.351e-001,-2.236e-001,-4.833e-001,+3.762e-001,+3.867e-001,-3.658e-001,+3.466e-002,+3.072e-001,-1.318e-001,+4.653e-001,-4.339e-001,+2.018e-001,+8.952e-001,+5.620e-001,-1.207e-001,+1.708e-001,+6.067e-001,+7.514e-001,-2.325e-001,-1.902e-001,-6.360e-001,+2.674e-001,-2.724e-001,-1.005e-001,-2.194e-001,+3.093e-001,+7.614e-003,+6.759e-002,+1.696e-001,+4.774e-001,-2.991e-001,+1.673e-001,+1.711e-001,-2.683e-003,+1.779e-001,+1.073e-001,-1.470e-001,+3.575e-001,+4.984e-001,-4.148e-002,+3.725e-001,+4.805e-001,-1.772e-001,+2.249e-001,-1.484e-001,-1.108e-001,+2.193e-001,+2.251e-002,-2.336e-001,+2.837e-002,-1.776e-001,-3.857e-001,-7.172e-001,+1.419e-001,-9.389e-002,-2.894e-001,+3.128e-002,+3.932e-001 },
  {-4.686e-001,+3.830e-001,-2.429e-001,+1.143e-001,-5.523e-001,-5.850e-001,+4.054e-001,+1.138e-001,-1.662e-001,+3.857e-001,+8.550e-002,-2.014e-001,-2.760e-001,+6.188e+000,-9.032e-002,-3.082e-001,-2.879e-001,-9.020e-002,-6.725e-001,-3.708e-001,+2.809e-001,-1.006e-001,+2.497e-001,+5.223e-002,+1.604e-001,+7.482e-002,-4.597e-003,+5.928e-001,+1.802e-002,+4.789e-001,+1.815e-001,-3.174e-001,-4.448e-001,-4.933e-001,-3.951e-002,-4.976e-001,+6.844e-001,+2.605e-001,-2.942e-001,+1.650e-001,+4.705e-002,-1.931e-001,+4.866e-001,+7.490e-003,-8.473e-002,-6.297e-002,+2.982e-001,-2.943e-002,-1.303e-001,-2.156e-001,+2.044e-001,+1.775e-001,-1.897e-001,+2.456e-002,+3.540e-001,+1.653e-001,-4.853e-001,+5.176e-001,-3.732e-001,-3.220e-001,+1.977e-002,-7.929e-001,-2.000e-001,-2.928e-001,-6.200e-002,+5.198e-001,+2.772e-002,+3.696e-001,-1.787e-002,-7.443e-001,-7.303e-001,-7.162e-003,-5.722e-001,-1.372e-001,-1.265e-001,+9.789e-002,+4.123e-001,-3.025e-001,-3.190e-001,+4.700e-002,+2.340e-001,+1.399e-001,-1.267e-001,-4.799e-001,-7.390e-002,-2.598e-001,-1.044e-001,-5.393e-001,+2.824e-001,+7.710e-002,-1.501e-001,-1.501e-001,+5.297e-001,+8.230e-002,+1.102e-001,-3.590e-001,-4.518e-001,+6.335e-001,-5.051e-002,+3.046e-001 },
  {-3.513e-001,-1.017e-001,+2.792e-002,+9.824e-002,-3.758e-001,+5.447e-001,+1.908e-003,-1.284e-001,+2.044e-001,-5.766e-001,-5.538e-001,-6.503e-002,-1.821e-001,-9.032e-002,+4.985e+000,-1.998e-001,-1.569e-001,+2.339e-001,+4.987e-001,-1.426e-001,-2.524e-001,+2.916e-001,-2.025e-001,-3.773e-001,-4.151e-001,+3.768e-001,-1.356e-001,+1.759e-001,+6.645e-002,-6.524e-001,+1.417e-001,-1.586e-001,-4.226e-001,-2.852e-001,-1.560e-001,-1.890e-001,+2.034e-001,-6.557e-001,+1.909e-001,+3.164e-001,+2.604e-001,-6.240e-001,-4.269e-001,+8.746e-002,-1.387e-001,+2.307e-002,+1.323e-002,-2.363e-001,-3.352e-001,-1.430e-001,-8.845e-002,-1.599e-001,-9.025e-002,+1.865e-002,+8.934e-001,-5.702e-002,+1.922e-001,-1.283e-001,-2.380e-001,-2.871e-001,+1.033e-002,-1.215e-001,-2.210e-002,-6.637e-001,-1.372e-002,-8.717e-002,-1.679e-001,-4.494e-001,-5.825e-001,+4.110e-001,-1.086e-001,-3.455e-002,+1.226e-001,-7.255e-001,+1.570e-001,+3.012e-001,+6.496e-001,-3.943e-001,-3.364e-001,-8.056e-001,-4.013e-001,-1.007e-001,+3.468e-001,-4.700e-002,-5.126e-001,-4.129e-002,+4.717e-001,+2.733e-001,-1.111e-001,+6.815e-002,-3.884e-001,+1.026e-001,-3.908e-001,-4.149e-001,-2.934e-002,-8.186e-002,+8.788e-002,-6.861e-001,+2.804e-001,+3.249e-001 },
  {-9.095e-002,+3.264e-001,-1.748e-001,+2.588e-001,-8.215e-002,+3.665e-001,+2.070e-001,+5.626e-001,+3.008e-001,-4.323e-001,+1.571e-001,-2.124e-001,-3.290e-001,-3.082e-001,-1.998e-001,+4.910e+000,-1.749e-001,-7.461e-002,+1.236e-001,-2.759e-001,+2.718e-001,-5.585e-001,-2.776e-001,-3.469e-001,-3.603e-001,+1.881e-001,-3.453e-001,-2.485e-001,-1.283e-001,+3.294e-001,-1.877e-001,-3.614e-001,-4.367e-001,+1.736e-002,+1.919e-001,+9.183e-002,+2.222e-001,-3.314e-001,+9.631e-002,-2.526e-001,-1.048e-001,+3.195e-002,+1.608e-001,-6.485e-002,+2.887e-001,-1.741e-001,-5.872e-001,-2.446e-001,+2.501e-001,+3.069e-001,-4.972e-001,-1.003e-002,-2.074e-001,-8.970e-002,-1.449e-001,+2.870e-001,+2.421e-001,-8.653e-003,-3.549e-001,-3.944e-002,-4.370e-001,+2.048e-001,-7.642e-001,+1.498e-001,-1.220e-001,+2.141e-001,+2.928e-001,-3.002e-001,+9.538e-002,-3.564e-001,+7.429e-002,+3.194e-001,-1.491e-001,+7.975e-002,+2.952e-001,+2.727e-001,-3.308e-001,-3.619e-001,+4.924e-001,+3.134e-001,+5.036e-001,-3.149e-002,-5.478e-001,-2.671e-001,+2.950e-001,+2.005e-001,-2.272e-002,-5.489e-002,+4.957e-001,-2.970e-002,-6.046e-001,+4.397e-001,+2.932e-001,-2.847e-001,+4.842e-001,+4.416e-001,-1.667e-001,+1.063e-002,-6.474e-001,+1.015e-001 },
  {-6.787e-001,-1.782e-001,-2.678e-001,-5.392e-001,-3.464e-001,+4.325e-001,-3.774e-001,-1.929e-001,-2.340e-001,+2.259e-001,-6.243e-001,+5.314e-001,+3.657e-001,-2.879e-001,-1.569e-001,-1.749e-001,+5.685e+000,-2.650e-001,-2.216e-001,-2.347e-001,-7.462e-001,+1.822e-001,-4.208e-001,-3.053e-001,+3.225e-001,-3.696e-001,-5.998e-002,+1.134e-001,+6.672e-001,+4.145e-001,+6.297e-001,-1.016e-001,+4.561e-001,-2.259e-001,+1.567e-001,-5.936e-001,+4.355e-001,-4.203e-003,-3.792e-001,-5.645e-003,+5.625e-001,+3.765e-001,+6.667e-003,-4.708e-001,-6.257e-001,+1.903e-001,-2.080e-001,-1.920e-001,-1.012e-001,+3.977e-001,+2.616e-001,+1.970e-001,-4.347e-001,+1.015e-001,+3.692e-001,+1.458e-001,+2.740e-002,-6.341e-002,+1.770e-001,+2.882e-001,-4.028e-001,-2.024e-001,-4.430e-001,+6.399e-001,-2.235e-001,-3.509e-001,-5.351e-002,-4.092e-001,+5.945e-001,+9.386e-001,-1.052e-003,-2.039e-002,+8.326e-003,+1.206e-001,-2.702e-001,-4.152e-001,-1.797e-001,-1.579e-001,+9.495e-001,+6.506e-001,-2.107e-001,-2.051e-001,-4.445e-001,-1.894e-001,+1.392e-002,-2.408e-001,+9.243e-002,-1.975e-002,-3.209e-001,+1.644e-001,+1.775e-001,-2.608e-001,-7.506e-002,+3.409e-001,+1.466e-001,+5.275e-001,-1.606e-001,+2.083e-001,+2.159e-001,+2.918e-001 },
  {+3.340e-001,-4.232e-001,+2.026e-001,-1.510e-001,-6.348e-001,-4.862e-001,-6.398e-002,-4.370e-001,-1.323e-001,+7.881e-001,+3.726e-001,+2.556e-001,-2.190e-001,-9.020e-002,+2.339e-001,-7.461e-002,-2.650e-001,+5.519e+000,+2.083e-001,-1.755e-001,-2.314e-002,-2.175e-001,+1.214e-001,-3.665e-002,-5.834e-001,-4.856e-001,-7.181e-001,+3.108e-001,+4.993e-001,-1.010e-001,-6.533e-001,-3.852e-001,-2.636e-001,-2.697e-001,+1.009e-001,+6.882e-002,-3.712e-001,+2.697e-001,+3.932e-001,-3.309e-001,+8.252e-003,-2.618e-001,+4.473e-001,+2.506e-001,+1.850e-001,+4.557e-001,-8.751e-002,+1.111e-001,-3.756e-001,+1.663e-001,+1.304e-001,+4.171e-002,-7.587e-002,-2.899e-002,-2.043e-001,-2.101e-001,+4.146e-001,-6.513e-003,-4.131e-003,-5.072e-001,-5.897e-001,-3.899e-001,+5.312e-001,+2.366e-002,-2.215e-001,+7.994e-002,-1.521e-001,-1.663e-002,+1.003e-001,+2.830e-001,+8.280e-002,-3.369e-002,-3.946e-001,+6.088e-001,-1.542e-001,-1.559e-001,-2.052e-001,-1.399e-001,-4.932e-001,-3.519e-001,+9.101e-001,+4.331e-001,+1.764e-001,-1.408e-001,-2.676e-001,+1.515e-001,+6.513e-001,-3.280e-001,+8.949e-002,-3.581e-001,-9.308e-002,-4.259e-001,-2.060e-001,-2.056e-001,+1.076e-001,-1.285e-001,+3.527e-001,-5.751e-002,-1.848e-001,+6.446e-001 },
  {-2.081e-001,+1.059e-001,+4.384e-001,-6.038e-001,-5.642e-001,+4.442e-001,-1.124e-001,-1.891e-002,+2.313e-001,+2.920e-001,+7.738e-001,+1.715e-001,+3.029e-001,-6.725e-001,+4.987e-001,+1.236e-001,-2.216e-001,+2.083e-001,+5.127e+000,-4.360e-001,-3.706e-002,+2.473e-001,-1.624e-002,-3.296e-001,-5.872e-002,-6.555e-001,+9.029e-002,-7.757e-003,+8.962e-002,+2.924e-001,-9.956e-002,-4.961e-001,+2.190e-001,+3.491e-001,+3.274e-001,+4.124e-001,+4.279e-001,-9.900e-002,+1.806e-001,+3.776e-001,-4.119e-001,-3.651e-001,-5.583e-001,-2.193e-001,+1.553e-001,+2.140e-001,+2.932e-001,-3.149e-001,+2.413e-001,-8.653e-002,-4.539e-001,-7.363e-001,-1.668e-001,+3.909e-001,+3.024e-002,+1.715e-001,-1.938e-001,-1.580e-001,-1.207e-001,+3.289e-002,-3.114e-001,+6.137e-001,-1.700e-001,-1.487e-001,-3.134e-001,-3.591e-001,-2.743e-001,-5.023e-001,-2.742e-001,-2.486e-001,+1.605e-001,+2.724e-002,-1.682e-001,-1.135e-001,-1.636e-001,-2.918e-001,+2.576e-001,-3.765e-001,-1.399e-001,+5.779e-001,+2.330e-001,-2.426e-001,-8.711e-002,+5.781e-001,+5.370e-001,-5.100e-001,-4.445e-002,-7.462e-001,+1.132e-001,+1.564e-001,+3.024e-001,+5.194e-001,+3.412e-001,+2.270e-001,-2.459e-001,-1.798e-001,-3.189e-001,-4.649e-001,+5.327e-001,+1.266e-001 },
  {-5.699e-001,-5.235e-003,+6.557e-002,+1.616e-001,-1.276e-001,-1.555e-002,-2.905e-001,-2.856e-001,+6.689e-001,-1.482e-001,-3.860e-002,+5.928e-001,-1.625e-001,-3.708e-001,-1.426e-001,-2.759e-001,-2.347e-001,-1.755e-001,-4.360e-001,+5.432e+000,-6.353e-002,+2.116e-001,+5.302e-004,-6.529e-001,+4.215e-001,+8.786e-002,-2.340e-001,+8.822e-002,-5.033e-001,+9.242e-002,-3.386e-001,-3.516e-001,-2.360e-001,-3.265e-001,+2.149e-004,+1.985e-001,+1.362e-001,+3.026e-001,-4.119e-001,-4.887e-001,-2.000e-001,-6.010e-003,+2.275e-001,+4.604e-002,-1.910e-002,+8.823e-002,+4.787e-002,-4.257e-001,-7.283e-001,-1.771e-001,+2.825e-001,+2.369e-001,+6.781e-002,-3.638e-001,+1.433e-001,+3.263e-001,-2.665e-001,-2.356e-001,+4.597e-001,-2.106e-001,-6.460e-001,+2.551e-001,-6.889e-003,-7.258e-004,+2.500e-001,-9.461e-001,+2.647e-001,+1.543e-003,-5.784e-001,-9.539e-002,-3.509e-001,+3.200e-001,-3.707e-001,+2.961e-001,+4.108e-001,-4.148e-002,-1.936e-001,-4.442e-001,+3.022e-001,+3.754e-002,-5.320e-001,+8.288e-002,-2.150e-001,+3.442e-001,+2.272e-001,-7.268e-001,-1.600e-001,-1.979e-001,-1.225e-001,-1.557e-002,+8.267e-001,+2.381e-001,-1.868e-001,-2.998e-001,+2.531e-001,+1.296e-001,-3.179e-001,+6.602e-002,-3.249e-001,-1.139e-002 },
  {-1.933e-001,-3.807e-001,-1.624e-001,-6.781e-001,+2.117e-001,-7.369e-001,-1.484e-001,-3.700e-001,-6.123e-001,-9.202e-001,+3.083e-001,+2.442e-001,+7.233e-002,+2.809e-001,-2.524e-001,+2.718e-001,-7.462e-001,-2.314e-002,-3.706e-002,-6.353e-002,+5.294e+000,-2.508e-001,+3.905e-002,-4.978e-002,+7.629e-003,+5.454e-002,+1.818e-001,-7.415e-001,-5.675e-001,-4.931e-001,-8.691e-002,-6.440e-001,-2.117e-001,+4.151e-001,+1.273e-001,+1.371e-001,-3.928e-001,-6.175e-002,+3.063e-001,-1.961e-002,-4.809e-001,+1.479e-001,+5.118e-002,-2.292e-001,-4.313e-001,-2.360e-001,-1.673e-001,-8.437e-002,+2.902e-001,-9.338e-003,+3.860e-001,+4.498e-001,+3.665e-001,-6.763e-003,+6.326e-002,+2.980e-001,+2.276e-001,-1.185e-002,-1.864e-001,-3.383e-001,-2.359e-002,+5.289e-001,+2.935e-001,-4.918e-001,-1.587e-001,-9.460e-002,+1.440e-001,+2.598e-001,+6.463e-002,-3.875e-003,-4.935e-001,+2.294e-001,-8.293e-002,-2.186e-001,-1.543e-001,-7.720e-002,+1.539e-001,-2.388e-001,-3.338e-001,-1.010e-001,-5.861e-001,-1.169e-001,+1.248e-001,+1.570e-001,-3.678e-001,+2.008e-001,-2.422e-001,-7.453e-002,-9.059e-002,+6.600e-002,-3.779e-001,-5.310e-001,+8.844e-002,+8.647e-002,+3.016e-001,-1.056e-001,-1.619e-001,+2.575e-002,+3.515e-001,+3.204e-002 },
  {+7.589e-002,+1.324e-002,-2.353e-001,-6.645e-002,-4.088e-001,+1.895e-001,+2.284e-001,-4.960e-002,-5.906e-002,+3.229e-001,-1.502e-001,-2.944e-001,-3.982e-002,-1.006e-001,+2.916e-001,-5.585e-001,+1.822e-001,-2.175e-001,+2.473e-001,+2.116e-001,-2.508e-001,+6.017e+000,+1.585e-001,+1.238e-001,-1.008e-002,-3.823e-001,+2.825e-001,-3.611e-001,+1.034e-001,-3.796e-001,-1.035e-001,+3.603e-001,-7.203e-001,-1.537e-002,+8.985e-002,-2.417e-001,+2.647e-001,+2.598e-001,+4.178e-002,-7.541e-002,+4.527e-002,+4.595e-002,+7.750e-003,+1.951e-001,+1.106e-001,+8.158e-002,-1.381e-001,+6.604e-002,+2.654e-001,-5.827e-001,-2.845e-001,-4.184e-002,-5.485e-001,-1.077e-001,-2.911e-001,+1.744e-001,-6.330e-002,-7.179e-001,+5.114e-001,+5.123e-002,+6.069e-002,-1.388e-001,-1.264e-001,+4.439e-002,+5.074e-001,+7.570e-002,+1.806e-002,+4.433e-001,-3.200e-001,+2.253e-001,-1.020e-001,+1.297e-001,-7.968e-002,-1.180e-001,+2.805e-001,+1.518e-001,-1.020e-001,+2.796e-002,+9.251e-001,-3.406e-001,+2.822e-001,-1.923e-001,-1.142e-001,-4.593e-002,+3.659e-001,+5.963e-002,+2.920e-002,+2.617e-002,+4.602e-001,-5.006e-001,+5.645e-002,+1.310e-002,-7.579e-001,-3.440e-001,+8.504e-001,+8.155e-002,-1.030e-001,-7.592e-001,+4.405e-002,+4.513e-001 },
  {-5.549e-001,-1.243e-001,+2.311e-002,-4.509e-001,+1.693e-001,-3.672e-001,-4.743e-001,-5.198e-001,-3.578e-001,+4.473e-001,+2.474e-001,-1.311e-002,+5.376e-002,+2.497e-001,-2.025e-001,-2.776e-001,-4.208e-001,+1.214e-001,-1.624e-002,+5.302e-004,+3.905e-002,+1.585e-001,+5.846e+000,+1.686e-001,-1.370e-001,+3.940e-001,-1.540e-001,+1.137e-001,-2.348e-001,-2.168e-001,-2.509e-001,+3.524e-001,+9.899e-002,+2.485e-001,+4.076e-001,-1.572e-002,+1.713e-001,-4.024e-002,+3.094e-001,-3.988e-001,-3.800e-002,+1.958e-001,-1.656e-001,-4.844e-001,-1.534e-001,+1.819e-001,+1.944e-001,+2.329e-001,-5.157e-001,-3.226e-001,-4.892e-001,-3.045e-001,-3.852e-001,-1.278e-001,-3.961e-001,-6.730e-003,+2.979e-001,-5.398e-001,-4.512e-001,-1.084e-001,-4.887e-001,+1.732e-001,-5.989e-001,+2.682e-001,-2.273e-001,+5.886e-001,-1.852e-002,+2.256e-001,-4.849e-002,-4.900e-001,-6.129e-002,+7.048e-002,-6.883e-002,-3.096e-001,-5.899e-003,+6.282e-002,-2.597e-001,-3.324e-002,+2.342e-001,-3.883e-003,-4.192e-001,-1.360e-001,-3.277e-001,-3.196e-001,+5.460e-001,-4.982e-002,+3.262e-002,+1.787e-001,-3.235e-001,-6.371e-001,-7.246e-002,-1.825e-002,+4.100e-001,+3.204e-001,-4.813e-001,-2.388e-001,+5.774e-001,-1.808e-001,+6.241e-001,-6.405e-001 },
  {+7.574e-002,+2.508e-002,-7.559e-001,+3.049e-001,+2.487e-001,-3.932e-001,-1.868e-001,+8.318e-003,-9.706e-002,-1.229e-001,+1.209e-001,-2.944e-001,+8.064e-001,+5.223e-002,-3.773e-001,-3.469e-001,-3.053e-001,-3.665e-002,-3.296e-001,-6.529e-001,-4.978e-002,+1.238e-001,+1.686e-001,+4.905e+000,+1.532e-001,-2.585e-001,-2.894e-001,+1.333e-001,+8.748e-002,-5.313e-001,-3.215e-001,-6.367e-001,+5.881e-003,-8.154e-003,+2.134e-001,+9.924e-002,+3.581e-001,+7.736e-002,-9.050e-002,+1.472e-001,-4.357e-001,-2.262e-001,-4.147e-001,+3.506e-001,-1.945e-001,+3.315e-001,-3.811e-001,+1.409e-001,-6.531e-002,-7.534e-001,-2.114e-001,+4.971e-001,-9.041e-003,-4.923e-001,-6.694e-001,+2.313e-001,-8.939e-002,-2.265e-001,+9.055e-002,+3.111e-001,+5.269e-002,+1.328e-002,+1.431e-001,-2.357e-001,+4.735e-002,-1.971e-001,+1.001e-001,-2.770e-001,-1.480e-001,+3.897e-003,-4.906e-001,-6.910e-001,+1.594e-001,-1.788e-002,-2.305e-001,+5.141e-001,+1.501e-001,-2.829e-001,+3.045e-001,-4.625e-002,+3.078e-001,-4.010e-001,+6.958e-001,-4.378e-001,-3.050e-001,+1.798e-001,+3.444e-001,+9.923e-002,+3.280e-001,+1.356e-001,+2.364e-001,-1.082e-002,+8.679e-002,-3.287e-001,+4.037e-001,+8.658e-001,-2.434e-001,+2.701e-001,+9.469e-002,-3.141e-001 },
  {-6.780e-002,-5.397e-001,-1.899e-001,+6.305e-001,-5.605e-001,-3.813e-001,+4.908e-001,-1.756e-001,+1.196e-001,+1.472e-003,+2.431e-002,-2.176e-001,+3.936e-003,+1.604e-001,-4.151e-001,-3.603e-001,+3.225e-001,-5.834e-001,-5.872e-002,+4.215e-001,+7.629e-003,-1.008e-002,-1.370e-001,+1.532e-001,+5.121e+000,-1.895e-001,+5.709e-001,-1.746e-001,+1.769e-001,+2.627e-001,+1.644e-001,-1.356e-002,-5.614e-001,+2.279e-001,-4.106e-001,+9.812e-002,+3.330e-001,-3.207e-001,+9.620e-002,-1.212e-001,+1.716e-001,-1.110e-002,-5.281e-001,-2.467e-003,+9.165e-002,-4.307e-001,+8.412e-002,+2.616e-002,-1.265e-001,-2.414e-001,+1.289e-001,+1.075e-001,+2.965e-001,+4.351e-001,-3.083e-001,-1.186e-001,+1.694e-002,-5.555e-001,-1.693e-001,-1.372e-002,-4.117e-001,+4.422e-002,+2.497e-001,-3.094e-001,-6.198e-002,+1.703e-001,-3.648e-002,+2.024e-001,+2.777e-001,+3.756e-001,-2.121e-001,-2.770e-001,+1.479e-001,+5.033e-002,+2.484e-001,+3.552e-001,-2.897e-001,-4.766e-002,-6.225e-002,+6.306e-001,-2.681e-002,+4.992e-001,+1.242e-001,-3.090e-002,+2.343e-001,+1.873e-001,+3.731e-003,+8.394e-002,+9.567e-002,+1.684e-001,+8.931e-002,-3.675e-002,+1.914e-001,-5.643e-001,-4.106e-001,-1.246e-001,-2.088e-001,-5.314e-001,-1.494e-001,+5.125e-001 },
  {-4.763e-001,+2.452e-001,+2.710e-002,-5.565e-001,-2.962e-001,-6.324e-001,+8.729e-002,+2.677e-001,-2.499e-001,-1.121e-001,+2.684e-001,-4.125e-001,+8.010e-001,+7.482e-002,+3.768e-001,+1.881e-001,-3.696e-001,-4.856e-001,-6.555e-001,+8.786e-002,+5.454e-002,-3.823e-001,+3.940e-001,-2.585e-001,-1.895e-001,+4.986e+000,-1.082e-001,-2.557e-002,-1.716e-001,-2.981e-001,+7.907e-002,-2.717e-001,+1.070e-001,-3.137e-002,-1.640e-001,-9.535e-002,-3.193e-001,-2.336e-001,+4.556e-001,-2.240e-001,+1.324e-001,-1.932e-001,+8.256e-002,-1.199e-001,-2.506e-001,+5.702e-001,-6.631e-001,+4.306e-001,-4.342e-001,+2.569e-001,-4.361e-001,-6.607e-002,+4.323e-002,+2.105e-001,-3.199e-001,+5.641e-002,+4.191e-002,-2.073e-001,+1.860e-001,-2.576e-001,+1.898e-001,+1.366e-001,-3.641e-002,-6.988e-001,+3.594e-001,-1.840e-002,+2.914e-001,-1.293e-001,+2.954e-001,+9.371e-002,+4.720e-002,+5.013e-001,+5.631e-001,+1.252e-002,-1.869e-001,+1.071e-001,+2.082e-001,+1.124e-001,+3.505e-001,-7.539e-001,+2.833e-002,+4.015e-001,+4.768e-001,+1.286e-002,-9.661e-003,+2.126e-001,-5.145e-002,+1.030e-001,-1.785e-001,-4.403e-001,-4.010e-001,+1.841e-002,-5.822e-001,+1.131e-001,+6.740e-002,+3.467e-001,-2.078e-001,-7.449e-001,-1.247e-001,+3.452e-002 },
  {+1.657e-001,-1.699e-001,+4.690e-002,-1.013e-001,+3.172e-001,-2.292e-001,-9.714e-003,-2.964e-001,-2.752e-001,+6.434e-002,+3.712e-001,-2.443e-002,-6.968e-001,-4.597e-003,-1.356e-001,-3.453e-001,-5.998e-002,-7.181e-001,+9.029e-002,-2.340e-001,+1.818e-001,+2.825e-001,-1.540e-001,-2.894e-001,+5.709e-001,-1.082e-001,+5.670e+000,-1.190e+000,-1.530e-001,+4.087e-001,-3.342e-001,-1.733e-001,+1.208e-001,-1.772e-001,+5.791e-001,+3.149e-001,-1.713e-001,-9.999e-002,-1.189e-001,-3.425e-001,-2.422e-001,-1.740e-001,-3.352e-001,-2.710e-002,+3.864e-001,+1.864e-001,+1.253e-001,+3.358e-001,+7.066e-002,+3.903e-002,-2.254e-001,-4.186e-004,+8.318e-002,-2.781e-001,-7.631e-003,-6.243e-003,-5.081e-001,+4.327e-001,+2.175e-001,-3.181e-001,-2.622e-001,+5.400e-002,-7.478e-003,-4.005e-001,+4.061e-001,-2.108e-001,-5.243e-001,+6.239e-001,+3.047e-001,+1.079e-001,-3.882e-001,-2.069e-003,-2.944e-001,-3.690e-001,+1.814e-001,-6.373e-001,+3.953e-001,+1.498e-001,-1.334e-001,+5.166e-002,-2.150e-001,-1.970e-001,+8.070e-003,+2.555e-001,+8.438e-002,+2.918e-001,+3.443e-001,+3.518e-001,+3.924e-002,-5.355e-001,-3.748e-001,-1.203e-002,-2.515e-001,-4.759e-001,+4.064e-001,+3.280e-001,-1.001e-001,-3.947e-001,+1.007e-001,-2.726e-001 },
  {-2.523e-001,-1.293e-002,+4.136e-001,+5.516e-001,-1.132e-001,-9.514e-002,+7.018e-002,+1.699e-001,+2.751e-001,-2.738e-002,-1.233e-001,-2.585e-001,+2.110e-001,+5.928e-001,+1.759e-001,-2.485e-001,+1.134e-001,+3.108e-001,-7.757e-003,+8.822e-002,-7.415e-001,-3.611e-001,+1.137e-001,+1.333e-001,-1.746e-001,-2.557e-002,-1.190e+000,+5.814e+000,+1.061e-001,+4.234e-001,+1.363e-001,-1.646e-001,+1.499e-001,+1.577e-001,+9.416e-002,-1.874e-001,-8.669e-002,+1.117e-001,+7.862e-001,-3.400e-001,-8.926e-001,-3.536e-001,+2.611e-001,+4.064e-001,+1.941e-001,+1.553e-001,+6.944e-001,+9.581e-002,+3.062e-001,+3.079e-001,+1.114e-001,-7.682e-001,-1.224e-001,-6.408e-001,+5.386e-002,-2.044e-001,+6.446e-002,+4.819e-001,-5.092e-001,+2.688e-001,+6.395e-001,+2.848e-001,+9.147e-002,+3.888e-001,+2.657e-001,+5.058e-001,-1.131e-001,-7.684e-002,-1.881e-002,-3.810e-002,+3.895e-001,+3.126e-001,+5.509e-001,-3.072e-001,+2.703e-001,+1.340e-001,-2.451e-001,-5.195e-001,+6.228e-001,-2.580e-001,-3.831e-002,+3.238e-001,+2.152e-001,-1.097e-001,-1.209e-001,+8.383e-002,-2.016e-001,+3.993e-001,-2.332e-001,-5.087e-001,-1.016e-001,+3.080e-002,+1.704e-001,-2.190e-001,+3.049e-001,-1.269e-001,+3.022e-001,-2.445e-002,-1.821e-001,+1.035e-001 },
  {-6.167e-002,+9.256e-002,+3.302e-001,-6.722e-001,-1.221e-001,+2.374e-002,-3.227e-001,+4.243e-001,-1.154e-001,+4.993e-001,+6.115e-002,+7.104e-001,-8.376e-002,+1.802e-002,+6.645e-002,-1.283e-001,+6.672e-001,+4.993e-001,+8.962e-002,-5.033e-001,-5.675e-001,+1.034e-001,-2.348e-001,+8.748e-002,+1.769e-001,-1.716e-001,-1.530e-001,+1.061e-001,+5.293e+000,-4.298e-001,-6.599e-002,+7.434e-002,+1.314e-001,-6.034e-002,-2.725e-001,-5.495e-001,+3.233e-001,-8.574e-001,+1.696e-001,+1.887e-001,-1.700e-001,+3.308e-001,+1.819e-002,+1.396e-001,-2.924e-001,-3.860e-002,+1.214e-001,-7.109e-001,-1.374e-002,-6.048e-002,-2.102e-001,+9.157e-002,+2.986e-001,+4.726e-001,-1.599e-001,-7.723e-001,+2.086e-001,+1.569e-001,-2.150e-001,+2.298e-001,+3.513e-001,+1.297e-001,-1.613e-001,+4.572e-001,-4.932e-001,-2.813e-001,-4.821e-002,+2.106e-001,-4.775e-001,+5.614e-002,-1.265e-001,-3.193e-001,+1.186e-001,+1.854e-001,-1.447e-001,+4.394e-001,+2.989e-001,-6.299e-001,+1.516e-001,+8.820e-002,+6.850e-002,-1.108e-001,+1.777e-001,+2.397e-001,-7.543e-001,+2.063e-001,+4.176e-002,-4.080e-001,+2.009e-001,+3.599e-001,+1.412e-001,-7.265e-002,-3.589e-002,+6.175e-002,+2.355e-001,-9.935e-001,-4.130e-002,-6.271e-001,+3.944e-004,+3.744e-001 },
