Answer of test tests\large2\large2-100-12.dat-s
[General Setting]
Primal solution:
[[ 0.05405557  0.0508167   0.04992973 ...  0.00090668  0.02350896
   0.02375103]
 [ 0.0508167   0.0486002   0.04732924 ...  0.00197633  0.0234118
   0.01859214]
 [ 0.04992973  0.04732924  0.04630353 ...  0.00136817  0.02233393
   0.02017446]
 ...
 [ 0.00090668  0.00197633  0.00136817 ...  0.001543    0.00217424
  -0.00468268]
 [ 0.02350896  0.0234118   0.02233393 ...  0.00217424  0.01230055
   0.00441296]
 [ 0.02375103  0.01859214  0.02017446 ... -0.00468268  0.00441296
   0.02733766]]
Dual solution:
0
Tr(CX) = 7.0105015364683565
Primal and dual gap: 0
Number of iterations: 9999
Max error in symmetry of Q: 0
Maximum h bound: 0.05
Method name is: Physarum SDC modified (v.2)
Restart factor: 1000
Infeasibility: 2.790715967990204e-12
Time spent (seconds): 252.51980090141296
