SDPA start at [Thu Jul 15 21:27:32 2021]
param  is ./param.sdpa 
data   is G:\Research\PhysarumSDPSolver\SDPA\testSet\vertex-conver1\vertex-cover59.dat-s  : sparse
"Vertex cover tests for graphs with 5 vertices and 1 - 10 edges"
out    is G:\Research\PhysarumSDPSolver\SDPA\testSet\vertex-conver1\vertex-cover59.dat-s.res
NumThreads  is set as 1
Schur computation : DENSE 
   mu      thetaP  thetaD  objP      objD      alphaP  alphaD  beta 
 0 1.0e+004 1.0e+000 1.0e+000 -0.00e+000 -6.00e+002 1.0e+000 8.3e-001 2.00e-001
 1 2.3e+003 0.0e+000 1.7e-001 +4.13e+002 -1.18e+002 8.6e-001 8.6e-001 2.00e-001
 2 4.9e+002 1.6e-016 2.3e-002 +5.16e+002 -1.91e+001 2.4e+000 8.4e-001 2.00e-001
 3 1.3e+002 2.9e-016 3.6e-003 +2.91e+002 -6.27e+000 1.6e+000 8.8e-001 2.00e-001
 4 2.4e+001 2.9e-016 4.4e-004 +9.76e+001 -4.66e+000 1.1e+000 1.0e+000 2.00e-001
 5 4.8e+000 2.9e-016 4.4e-017 +2.45e+001 -4.56e+000 9.3e-001 8.9e+000 1.00e-001
 6 6.8e-001 2.9e-016 1.9e-015 +1.37e-001 -3.94e+000 8.2e-001 2.2e+000 1.00e-001
 7 1.2e-001 2.8e-016 2.5e-015 -2.67e+000 -3.38e+000 8.9e-001 1.0e+000 1.00e-001
 8 1.7e-002 2.8e-016 5.0e-017 -2.97e+000 -3.07e+000 9.7e-001 9.5e-001 1.00e-001
 9 2.3e-003 2.8e-016 8.9e-018 -3.00e+000 -3.01e+000 9.7e-001 1.0e+000 1.00e-001
10 2.6e-004 2.8e-016 7.5e-017 -3.00e+000 -3.00e+000 9.8e-001 1.0e+000 1.00e-001
11 2.6e-005 2.9e-016 7.8e-016 -3.00e+000 -3.00e+000 9.8e-001 1.0e+000 1.00e-001
12 2.6e-006 2.8e-016 4.6e-015 -3.00e+000 -3.00e+000 9.8e-001 1.0e+000 1.00e-001
13 2.6e-007 2.8e-016 1.3e-013 -3.00e+000 -3.00e+000 9.8e-001 1.0e+000 1.00e-001
14 2.6e-008 2.8e-016 6.5e-013 -3.00e+000 -3.00e+000 9.8e-001 1.0e+000 1.00e-001

phase.value  = pdOPT     
   Iteration = 14
          mu = +2.6301874308150747e-008
relative gap = +5.2796313329778615e-008
        gap  = +1.5838894240616241e-007
     digits  = +7.2773964023986384e+000
objValPrimal = -2.9999999665819557e+000
objValDual   = -3.0000001249708981e+000
p.feas.error = +2.7533531010703882e-014
d.feas.error = +1.2991252518190777e-010
total time   = 0.016955
** Paramters **
maxIteration = 100
epsilonStar  = +9.9999999999999995e-008
lambdaStar   = +1.0000000000000000e+002
omegaStar    = +2.0000000000000000e+000
lowerBound   = -1.0000000000000000e+005
upperBound   = +1.0000000000000000e+005
betaStar     = +1.0000000000000001e-001
betaBar      = +2.0000000000000001e-001
gammaStar    = +9.0000000000000002e-001
epsilonDash  = +9.9999999999999995e-008
xPrint       = %+8.3e 
XPrint       = %+8.3e 
YPrint       = %+8.3e 
infPrint     = %+10.16e 

                         Time(sec)  Ratio(% : MainLoop) 
 Predictor time  =       0.004985,  31.240208
 Corrector time  =       0.000997,  6.248042
 Make bMat time  =       0.001994,  12.496083
 Make bDia time  =       0.000000,  0.000000
 Make bF1  time  =       0.000000,  0.000000
 Make bF2  time  =       0.000000,  0.000000
 Make bF3  time  =       0.000000,  0.000000
 Make bPRE time  =       0.000000,  0.000000
 Make rMat time  =       0.000997,  6.248042
 Make gVec Mul   =       0.000997,  6.248042
 Make gVec time  =       0.000997,  6.248042
 Cholesky bMat   =       0.000000,  0.000000
 Ste Pre time    =       0.000000,  0.000000
 Ste Cor time    =       0.007980,  50.009400
 solve           =       0.000000,  0.000000
 sumDz           =       0.000000,  0.000000
 makedX          =       0.000000,  0.000000
 symmetriseDx    =       0.001994,  12.496083
 makedXdZ        =       0.001994,  12.496083
 xMatTime        =       0.000000,  0.000000
 zMatTime        =       0.000997,  6.248042
 invzMatTime     =       0.000000,  0.000000
 xMatzMatTime    =       0.000000,  0.000000
 EigxMatTime     =       0.005985,  37.507050
 EigzMatTime     =       0.001995,  12.502350
 EigxMatzMatTime =       0.000000,  0.000000
 updateRes       =       0.000998,  6.254308
 EigTime         =       0.007980,  50.009400
 sub_total_bMat  =       0.013963,  87.503917
 Main Loop       =       0.015957,  100.000000
 File Check      =       0.000000,  0.000000
 File Change     =       0.000000,  0.000000
 File Read       =       0.000998,  6.254308
 Total           =       0.016955,  106.254308

xVec = 
{+1.070e+001,-1.294e-007,+2.026e+000,+9.382e-001,-2.759e-007,-1.294e-007,-9.930e-001,-9.691e-001,-1.885e+000,-1.040e+000,-9.931e-001,-9.690e-001}
xMat = 
{
{ {+1.170e+001,-1.962e+000,-6.937e+000,-4.762e+000,-1.040e+000,-1.962e+000 },
  {-1.962e+000,+1.000e+000,+9.930e-001,+9.691e-001,+0.000e+000,+0.000e+000 },
  {-6.937e+000,+9.930e-001,+5.051e+000,+1.885e+000,+1.040e+000,+9.931e-001 },
  {-4.762e+000,+9.691e-001,+1.885e+000,+2.876e+000,+0.000e+000,+9.690e-001 },
  {-1.040e+000,+0.000e+000,+1.040e+000,+0.000e+000,+1.000e+000,+0.000e+000 },
  {-1.962e+000,+0.000e+000,+9.931e-001,+9.690e-001,+0.000e+000,+1.000e+000 }   }
}
yMat = 
{
{ {+1.000e+000,+6.252e-008,+1.000e+000,+1.000e+000,+3.739e-008,+6.249e-008 },
  {+6.252e-008,+6.252e-008,+5.002e-008,+3.757e-008,+1.253e-008,+3.762e-008 },
  {+1.000e+000,+5.002e-008,+1.000e+000,+1.000e+000,+2.492e-008,+4.998e-008 },
  {+1.000e+000,+3.757e-008,+1.000e+000,+1.000e+000,+3.743e-008,+3.757e-008 },
  {+3.739e-008,+1.253e-008,+2.492e-008,+3.743e-008,+3.739e-008,+1.254e-008 },
  {+6.249e-008,+3.762e-008,+4.998e-008,+3.757e-008,+1.254e-008,+6.249e-008 }   }
}
    main loop time = 0.015957
        total time = 0.016955
  file  check time = 0.000000
  file change time = 0.000000
  file   read time = 0.000998
SDPA end at [Thu Jul 15 21:27:32 2021]
ALL TIME = 0.016955
