SDPA start at [Thu Jul 15 21:27:31 2021]
param  is ./param.sdpa 
data   is G:\Research\PhysarumSDPSolver\SDPA\testSet\vertex-conver1\vertex-cover54.dat-s  : sparse
"Vertex cover tests for graphs with 5 vertices and 1 - 10 edges"
out    is G:\Research\PhysarumSDPSolver\SDPA\testSet\vertex-conver1\vertex-cover54.dat-s.res
NumThreads  is set as 1
Schur computation : DENSE 
   mu      thetaP  thetaD  objP      objD      alphaP  alphaD  beta 
 0 1.0e+004 1.0e+000 1.0e+000 -0.00e+000 -6.00e+002 1.0e+000 8.3e-001 2.00e-001
 1 2.4e+003 0.0e+000 1.7e-001 +4.12e+002 -1.23e+002 8.6e-001 8.6e-001 2.00e-001
 2 5.0e+002 9.0e-017 2.4e-002 +5.16e+002 -1.96e+001 2.5e+000 8.5e-001 2.00e-001
 3 1.3e+002 2.9e-016 3.7e-003 +2.96e+002 -6.31e+000 1.7e+000 8.8e-001 2.00e-001
 4 2.5e+001 1.4e-016 4.5e-004 +9.76e+001 -4.67e+000 1.1e+000 1.0e+000 2.00e-001
 5 5.3e+000 1.4e-016 8.5e-017 +2.74e+001 -4.48e+000 9.3e-001 8.1e+000 1.00e-001
 6 7.8e-001 1.6e-016 6.4e-016 +7.90e-001 -3.90e+000 8.4e-001 2.6e+000 1.00e-001
 7 1.4e-001 1.6e-016 1.0e-015 -2.60e+000 -3.43e+000 8.7e-001 1.0e+000 1.00e-001
 8 2.1e-002 1.6e-016 5.1e-017 -2.96e+000 -3.08e+000 9.8e-001 9.4e-001 1.00e-001
 9 2.9e-003 1.6e-016 1.3e-017 -3.00e+000 -3.01e+000 9.7e-001 9.9e-001 1.00e-001
10 3.2e-004 1.6e-016 4.4e-018 -3.00e+000 -3.00e+000 9.8e-001 1.0e+000 1.00e-001
11 3.3e-005 1.6e-016 4.0e-017 -3.00e+000 -3.00e+000 9.8e-001 1.0e+000 1.00e-001
12 3.3e-006 1.6e-016 2.0e-016 -3.00e+000 -3.00e+000 9.8e-001 1.0e+000 1.00e-001
13 3.3e-007 1.6e-016 3.3e-015 -3.00e+000 -3.00e+000 9.8e-001 1.0e+000 1.00e-001
14 3.3e-008 1.6e-016 3.0e-014 -3.00e+000 -3.00e+000 9.8e-001 1.0e+000 1.00e-001

phase.value  = pdOPT     
   Iteration = 14
          mu = +3.2822043601517713e-008
relative gap = +6.5646897756312955e-008
        gap  = +1.9694069708364736e-007
     digits  = +7.1827857923338065e+000
objValPrimal = -2.9999999596391529e+000
objValDual   = -3.0000001565798500e+000
p.feas.error = +1.6209256159527285e-014
d.feas.error = +6.0484950381578528e-012
total time   = 0.014859
** Paramters **
maxIteration = 100
epsilonStar  = +9.9999999999999995e-008
lambdaStar   = +1.0000000000000000e+002
omegaStar    = +2.0000000000000000e+000
lowerBound   = -1.0000000000000000e+005
upperBound   = +1.0000000000000000e+005
betaStar     = +1.0000000000000001e-001
betaBar      = +2.0000000000000001e-001
gammaStar    = +9.0000000000000002e-001
epsilonDash  = +9.9999999999999995e-008
xPrint       = %+8.3e 
XPrint       = %+8.3e 
YPrint       = %+8.3e 
infPrint     = %+10.16e 

                         Time(sec)  Ratio(% : MainLoop) 
 Predictor time  =       0.006639,  44.679992
 Corrector time  =       0.003812,  25.654485
 Make bMat time  =       0.001986,  13.365637
 Make bDia time  =       0.000000,  0.000000
 Make bF1  time  =       0.000000,  0.000000
 Make bF2  time  =       0.000000,  0.000000
 Make bF3  time  =       0.000000,  0.000000
 Make bPRE time  =       0.000000,  0.000000
 Make rMat time  =       0.000998,  6.716468
 Make gVec Mul   =       0.000000,  0.000000
 Make gVec time  =       0.001812,  12.194630
 Cholesky bMat   =       0.002658,  17.888149
 Ste Pre time    =       0.000000,  0.000000
 Ste Cor time    =       0.003411,  22.955784
 solve           =       0.000000,  0.000000
 sumDz           =       0.001002,  6.743388
 makedX          =       0.000000,  0.000000
 symmetriseDx    =       0.001995,  13.426206
 makedXdZ        =       0.002997,  20.169594
 xMatTime        =       0.000000,  0.000000
 zMatTime        =       0.000997,  6.709738
 invzMatTime     =       0.000000,  0.000000
 xMatzMatTime    =       0.000000,  0.000000
 EigxMatTime     =       0.000997,  6.709738
 EigzMatTime     =       0.002414,  16.246046
 EigxMatzMatTime =       0.000000,  0.000000
 updateRes       =       0.000000,  0.000000
 EigTime         =       0.003411,  22.955784
 sub_total_bMat  =       0.012873,  86.634363
 Main Loop       =       0.014859,  100.000000
 File Check      =       0.000000,  0.000000
 File Change     =       0.000000,  0.000000
 File Read       =       0.000000,  0.000000
 Total           =       0.014859,  100.000000

xVec = 
{+3.814e+000,+5.680e-001,-1.786e-007,-3.367e-007,+8.390e-001,-1.786e-007,-7.840e-001,-7.840e-001,-4.224e-001,-9.941e-001,-4.224e-001}
xMat = 
{
{ {+4.814e+000,-2.136e+000,-1.206e+000,-9.941e-001,-2.678e+000,-1.206e+000 },
  {-2.136e+000,+2.136e+000,+7.840e-001,+0.000e+000,+0.000e+000,+7.840e-001 },
  {-1.206e+000,+7.840e-001,+1.000e+000,+0.000e+000,+4.224e-001,+0.000e+000 },
  {-9.941e-001,+0.000e+000,+0.000e+000,+1.000e+000,+9.941e-001,+0.000e+000 },
  {-2.678e+000,+0.000e+000,+4.224e-001,+9.941e-001,+2.678e+000,+4.224e-001 },
  {-1.206e+000,+7.840e-001,+0.000e+000,+0.000e+000,+4.224e-001,+1.000e+000 }   }
}
yMat = 
{
{ {+1.000e+000,+1.000e+000,+8.975e-008,+6.836e-008,+1.000e+000,+8.975e-008 },
  {+1.000e+000,+1.000e+000,+3.551e-008,+4.124e-008,+1.000e+000,+3.551e-008 },
  {+8.975e-008,+3.551e-008,+8.975e-008,+3.705e-008,+5.270e-008,+5.844e-008 },
  {+6.836e-008,+4.124e-008,+3.705e-008,+6.836e-008,+3.132e-008,+3.705e-008 },
  {+1.000e+000,+1.000e+000,+5.270e-008,+3.132e-008,+1.000e+000,+5.270e-008 },
  {+8.975e-008,+3.551e-008,+5.844e-008,+3.705e-008,+5.270e-008,+8.975e-008 }   }
}
    main loop time = 0.014859
        total time = 0.014859
  file  check time = 0.000000
  file change time = 0.000000
  file   read time = 0.000000
SDPA end at [Thu Jul 15 21:27:31 2021]
ALL TIME = 0.017102
