SDPA start at [Thu Jul 15 21:27:31 2021]
param  is ./param.sdpa 
data   is G:\Research\PhysarumSDPSolver\SDPA\testSet\vertex-conver1\vertex-cover513.dat-s  : sparse
"Vertex cover tests for graphs with 5 vertices and 1 - 10 edges"
out    is G:\Research\PhysarumSDPSolver\SDPA\testSet\vertex-conver1\vertex-cover513.dat-s.res
NumThreads  is set as 1
Schur computation : DENSE 
   mu      thetaP  thetaD  objP      objD      alphaP  alphaD  beta 
 0 1.0e+004 1.0e+000 1.0e+000 -0.00e+000 -6.00e+002 1.0e+000 7.9e-001 2.00e-001
 1 2.8e+003 0.0e+000 2.1e-001 +3.55e+002 -1.59e+002 8.5e-001 8.5e-001 2.00e-001
 2 6.0e+002 7.2e-017 3.1e-002 +4.53e+002 -2.59e+001 4.1e+000 8.7e-001 2.00e-001
 3 1.8e+002 2.9e-016 4.0e-003 +3.64e+002 -6.67e+000 2.5e+000 9.5e-001 2.00e-001
 4 2.2e+001 1.4e-016 1.8e-004 +1.14e+002 -4.20e+000 1.0e+000 1.0e+000 2.00e-001
 5 4.4e+000 7.2e-017 2.2e-017 +2.21e+001 -4.04e+000 9.2e-001 4.7e+000 1.00e-001
 6 6.6e-001 7.2e-017 8.5e-017 +7.23e-001 -3.21e+000 7.8e-001 1.2e+000 1.00e-001
 7 1.6e-001 6.3e-017 7.3e-017 -1.69e+000 -2.66e+000 8.9e-001 9.8e-001 1.00e-001
 8 2.4e-002 7.2e-017 3.4e-017 -1.97e+000 -2.11e+000 1.0e+000 9.5e-001 1.00e-001
 9 3.1e-003 7.2e-017 2.2e-018 -2.00e+000 -2.02e+000 1.0e+000 9.8e-001 1.00e-001
10 3.6e-004 7.2e-017 1.6e-017 -2.00e+000 -2.00e+000 1.0e+000 9.9e-001 1.00e-001
11 3.9e-005 7.2e-017 1.5e-016 -2.00e+000 -2.00e+000 1.0e+000 9.9e-001 1.00e-001
12 3.9e-006 7.2e-017 2.4e-015 -2.00e+000 -2.00e+000 1.0e+000 1.0e+000 1.00e-001
13 3.9e-007 7.2e-017 1.1e-014 -2.00e+000 -2.00e+000 1.0e+000 1.0e+000 1.00e-001
14 3.9e-008 6.3e-017 1.2e-013 -2.00e+000 -2.00e+000 9.0e-001 9.0e-001 1.00e-001

phase.value  = pdFEAS    
   Iteration = 14
          mu = +3.9047795515519588e-008
relative gap = +1.1707624527143659e-007
        gap  = +2.3415250050007330e-007
     digits  = +6.9315312141853251e+000
objValPrimal = -1.9999999679726006e+000
objValDual   = -2.0000002021251011e+000
p.feas.error = +6.2172489379008766e-015
d.feas.error = +2.4975133072757671e-011
total time   = 0.015655
** Paramters **
maxIteration = 100
epsilonStar  = +9.9999999999999995e-008
lambdaStar   = +1.0000000000000000e+002
omegaStar    = +2.0000000000000000e+000
lowerBound   = -1.0000000000000000e+005
upperBound   = +1.0000000000000000e+005
betaStar     = +1.0000000000000001e-001
betaBar      = +2.0000000000000001e-001
gammaStar    = +9.0000000000000002e-001
epsilonDash  = +9.9999999999999995e-008
xPrint       = %+8.3e 
XPrint       = %+8.3e 
YPrint       = %+8.3e 
infPrint     = %+10.16e 

                         Time(sec)  Ratio(% : MainLoop) 
 Predictor time  =       0.007000,  44.714149
 Corrector time  =       0.004434,  28.323219
 Make bMat time  =       0.001991,  12.717981
 Make bDia time  =       0.000000,  0.000000
 Make bF1  time  =       0.000000,  0.000000
 Make bF2  time  =       0.000000,  0.000000
 Make bF3  time  =       0.000000,  0.000000
 Make bPRE time  =       0.000000,  0.000000
 Make rMat time  =       0.001000,  6.387736
 Make gVec Mul   =       0.000000,  0.000000
 Make gVec time  =       0.001303,  8.323219
 Cholesky bMat   =       0.001996,  12.749920
 Ste Pre time    =       0.000000,  0.000000
 Ste Cor time    =       0.000996,  6.362185
 solve           =       0.000000,  0.000000
 sumDz           =       0.002686,  17.157458
 makedX          =       0.000000,  0.000000
 symmetriseDx    =       0.002458,  15.701054
 makedXdZ        =       0.005144,  32.858512
 xMatTime        =       0.000000,  0.000000
 zMatTime        =       0.000996,  6.362185
 invzMatTime     =       0.000000,  0.000000
 xMatzMatTime    =       0.000000,  0.000000
 EigxMatTime     =       0.000000,  0.000000
 EigzMatTime     =       0.000996,  6.362185
 EigxMatzMatTime =       0.000000,  0.000000
 updateRes       =       0.000000,  0.000000
 EigTime         =       0.000996,  6.362185
 sub_total_bMat  =       0.013664,  87.282019
 Main Loop       =       0.015655,  100.000000
 File Check      =       0.000000,  0.000000
 File Change     =       0.000000,  0.000000
 File Read       =       0.000000,  0.000000
 Total           =       0.015655,  100.000000

xVec = 
{+3.882e+000,-1.819e-006,-3.106e-006,-1.819e-006,-1.819e-006,+1.941e+000,-9.804e-001,-9.804e-001,-9.804e-001}
xMat = 
{
{ {+4.882e+000,-9.804e-001,+3.106e-006,-9.804e-001,-9.804e-001,-4.882e+000 },
  {-9.804e-001,+1.000e+000,+0.000e+000,+0.000e+000,+0.000e+000,+9.804e-001 },
  {+3.106e-006,+0.000e+000,+1.000e+000,+0.000e+000,+0.000e+000,+0.000e+000 },
  {-9.804e-001,+0.000e+000,+0.000e+000,+1.000e+000,+0.000e+000,+9.804e-001 },
  {-9.804e-001,+0.000e+000,+0.000e+000,+0.000e+000,+1.000e+000,+9.804e-001 },
  {-4.882e+000,+9.804e-001,+0.000e+000,+9.804e-001,+9.804e-001,+4.882e+000 }   }
}
yMat = 
{
{ {+1.000e+000,+6.063e-008,+4.042e-008,+6.063e-008,+6.063e-008,+1.000e+000 },
  {+6.063e-008,+6.063e-008,-3.158e-011,+2.016e-008,+2.016e-008,+4.042e-008 },
  {+4.042e-008,-3.158e-011,+4.042e-008,-3.158e-011,-3.158e-011,+4.043e-008 },
  {+6.063e-008,+2.016e-008,-3.158e-011,+6.063e-008,+2.016e-008,+4.043e-008 },
  {+6.063e-008,+2.016e-008,-3.158e-011,+2.016e-008,+6.063e-008,+4.043e-008 },
  {+1.000e+000,+4.042e-008,+4.043e-008,+4.043e-008,+4.043e-008,+1.000e+000 }   }
}
    main loop time = 0.015655
        total time = 0.015655
  file  check time = 0.000000
  file change time = 0.000000
  file   read time = 0.000000
SDPA end at [Thu Jul 15 21:27:31 2021]
ALL TIME = 0.017117
