Answer of test tests/vertexcover1-1/vertex-cover517.dat-s
[General Setting]
Primal solution:
[[1.00000000e+00 8.40636898e-09 9.99999991e-01 8.39918917e-09
  9.99999991e-01 8.39918930e-09]
 [8.40636898e-09 8.40636905e-09 7.30961827e-12 8.39808608e-09
  7.30854637e-12 8.39808615e-09]
 [9.99999991e-01 7.30961827e-12 9.99999992e-01 1.66812988e-11
  9.99999992e-01 1.29918769e-13]
 [8.39918917e-09 8.39808608e-09 1.66812988e-11 8.39918917e-09
  1.28739646e-13 8.38043344e-09]
 [9.99999991e-01 7.30854637e-12 9.99999992e-01 1.28739646e-13
  9.99999992e-01 1.66803366e-11]
 [8.39918930e-09 8.39808615e-09 1.29918769e-13 8.38043344e-09
  1.66803366e-11 8.39918930e-09]]
Dual solution:
0
Tr(CX) = 3.0000000082382203
Primal and dual gap: 0
Number of iterations: 24603
Max error in symmetry of Q: 0
Maximum h bound: 0.003
Method name is: Physarum SDC modified (v.2)
Restart factor: 1000
Infeasibility: 5.718829854117757e-10
Time spent (seconds): 13.029651403427124
