SDPA start at [Thu Jul 15 21:27:31 2021]
param  is ./param.sdpa 
data   is G:\Research\PhysarumSDPSolver\SDPA\testSet\vertex-conver1\vertex-cover53.dat-s  : sparse
"Vertex cover tests for graphs with 5 vertices and 1 - 10 edges"
out    is G:\Research\PhysarumSDPSolver\SDPA\testSet\vertex-conver1\vertex-cover53.dat-s.res
NumThreads  is set as 1
Schur computation : DENSE 
   mu      thetaP  thetaD  objP      objD      alphaP  alphaD  beta 
 0 1.0e+004 1.0e+000 1.0e+000 -0.00e+000 -6.00e+002 1.0e+000 8.0e-001 2.00e-001
 1 2.7e+003 0.0e+000 2.0e-001 +3.66e+002 -1.53e+002 8.8e-001 8.8e-001 2.00e-001
 2 5.0e+002 7.2e-017 2.4e-002 +4.67e+002 -2.08e+001 2.8e+000 8.6e-001 2.00e-001
 3 1.3e+002 1.4e-016 3.3e-003 +2.97e+002 -6.13e+000 1.9e+000 9.2e-001 2.00e-001
 4 1.7e+001 1.4e-016 2.6e-004 +7.60e+001 -4.41e+000 1.1e+000 1.0e+000 2.00e-001
 5 2.9e+000 1.4e-016 1.1e-016 +1.33e+001 -4.33e+000 9.0e-001 3.6e+000 1.00e-001
 6 4.7e-001 1.8e-016 3.9e-016 -8.94e-001 -3.69e+000 8.3e-001 1.3e+000 1.00e-001
 7 9.1e-002 1.8e-016 1.5e-016 -2.73e+000 -3.27e+000 9.5e-001 9.7e-001 1.00e-001
 8 1.2e-002 1.8e-016 4.1e-017 -2.97e+000 -3.04e+000 9.7e-001 1.0e+000 1.00e-001
 9 1.4e-003 1.8e-016 4.0e-017 -3.00e+000 -3.00e+000 9.7e-001 1.0e+000 1.00e-001
10 1.5e-004 1.8e-016 8.0e-017 -3.00e+000 -3.00e+000 9.8e-001 1.0e+000 1.00e-001
11 1.5e-005 1.8e-016 3.1e-016 -3.00e+000 -3.00e+000 9.8e-001 1.0e+000 1.00e-001
12 1.5e-006 1.8e-016 2.7e-015 -3.00e+000 -3.00e+000 9.8e-001 1.0e+000 1.00e-001
13 1.5e-007 1.9e-016 2.8e-014 -3.00e+000 -3.00e+000 9.0e-001 9.0e-001 1.00e-001

phase.value  = pdFEAS    
   Iteration = 13
          mu = +1.5132738544551491e-007
relative gap = +3.0265672077903944e-007
        gap  = +9.0797018437172028e-007
     digits  = +6.5190496777241922e+000
objValPrimal = -2.9999996188188485e+000
objValDual   = -3.0000005267890328e+000
p.feas.error = +1.8651746813702630e-014
d.feas.error = +5.6270543780101434e-012
total time   = 0.016725
** Paramters **
maxIteration = 100
epsilonStar  = +9.9999999999999995e-008
lambdaStar   = +1.0000000000000000e+002
omegaStar    = +2.0000000000000000e+000
lowerBound   = -1.0000000000000000e+005
upperBound   = +1.0000000000000000e+005
betaStar     = +1.0000000000000001e-001
betaBar      = +2.0000000000000001e-001
gammaStar    = +9.0000000000000002e-001
epsilonDash  = +9.9999999999999995e-008
xPrint       = %+8.3e 
XPrint       = %+8.3e 
YPrint       = %+8.3e 
infPrint     = %+10.16e 

                         Time(sec)  Ratio(% : MainLoop) 
 Predictor time  =       0.008532,  54.174868
 Corrector time  =       0.003379,  21.455330
 Make bMat time  =       0.004219,  26.789002
 Make bDia time  =       0.000000,  0.000000
 Make bF1  time  =       0.000000,  0.000000
 Make bF2  time  =       0.000000,  0.000000
 Make bF3  time  =       0.000000,  0.000000
 Make bPRE time  =       0.000000,  0.000000
 Make rMat time  =       0.000000,  0.000000
 Make gVec Mul   =       0.000000,  0.000000
 Make gVec time  =       0.001321,  8.387834
 Cholesky bMat   =       0.000997,  6.330561
 Ste Pre time    =       0.000000,  0.000000
 Ste Cor time    =       0.001993,  12.654772
 solve           =       0.000000,  0.000000
 sumDz           =       0.000062,  0.393676
 makedX          =       0.000000,  0.000000
 symmetriseDx    =       0.005312,  33.729126
 makedXdZ        =       0.005374,  34.122801
 xMatTime        =       0.000998,  6.336910
 zMatTime        =       0.000000,  0.000000
 invzMatTime     =       0.000000,  0.000000
 xMatzMatTime    =       0.000000,  0.000000
 EigxMatTime     =       0.000995,  6.317861
 EigzMatTime     =       0.000998,  6.336910
 EigxMatzMatTime =       0.000000,  0.000000
 updateRes       =       0.000000,  0.000000
 EigTime         =       0.001993,  12.654772
 sub_total_bMat  =       0.011530,  73.210998
 Main Loop       =       0.015749,  100.000000
 File Check      =       0.000000,  0.000000
 File Change     =       0.000000,  0.000000
 File Read       =       0.000976,  6.197219
 Total           =       0.016725,  106.197219

xVec = 
{+5.115e+000,-3.395e-007,-2.504e-007,+6.642e-008,+1.038e+000,+6.643e-008,-1.018e+000,-1.020e+000,-1.000e+000,-1.020e+000}
xMat = 
{
{ {+6.115e+000,+3.395e-007,-1.018e+000,-2.020e+000,-4.095e+000,-2.020e+000 },
  {+3.395e-007,+1.000e+000,+0.000e+000,+0.000e+000,+0.000e+000,+0.000e+000 },
  {-1.018e+000,+0.000e+000,+1.000e+000,+0.000e+000,+1.018e+000,+0.000e+000 },
  {-2.020e+000,+0.000e+000,+0.000e+000,+1.000e+000,+1.020e+000,+1.000e+000 },
  {-4.095e+000,+0.000e+000,+1.018e+000,+1.020e+000,+3.075e+000,+1.020e+000 },
  {-2.020e+000,+0.000e+000,+0.000e+000,+1.000e+000,+1.020e+000,+1.000e+000 }   }
}
yMat = 
{
{ {+1.000e+000,+1.317e-007,+2.634e-007,+5.000e-001,+1.000e+000,+5.000e-001 },
  {+1.317e-007,+1.317e-007,+1.446e-012,+6.585e-008,+1.317e-007,+6.585e-008 },
  {+2.634e-007,+1.446e-012,+2.634e-007,+1.975e-007,+1.317e-007,+1.975e-007 },
  {+5.000e-001,+6.585e-008,+1.975e-007,+5.000e-001,+5.000e-001,+2.634e-007 },
  {+1.000e+000,+1.317e-007,+1.317e-007,+5.000e-001,+1.000e+000,+5.000e-001 },
  {+5.000e-001,+6.585e-008,+1.975e-007,+2.634e-007,+5.000e-001,+5.000e-001 }   }
}
    main loop time = 0.015749
        total time = 0.016725
  file  check time = 0.000000
  file change time = 0.000000
  file   read time = 0.000976
SDPA end at [Thu Jul 15 21:27:31 2021]
ALL TIME = 0.017199
