Answer of test tests/vertexcover1-1/vertex-cover515.dat-s
[General Setting]
Primal solution:
[[ 9.99999999e-01  9.71058248e-09 -1.00698068e-18  9.71058247e-09
  -3.66986159e-19  9.99999990e-01]
 [ 9.71058248e-09  9.71058249e-09 -1.01962617e-26  9.71058248e-09
  -3.67895914e-27 -5.91688909e-16]
 [-1.00698068e-18 -1.01962617e-26  2.07315651e-20 -1.01962617e-26
   3.42881025e-37 -1.00698067e-18]
 [ 9.71058247e-09  9.71058248e-09 -1.01962617e-26  9.71058248e-09
  -3.67895914e-27 -5.91162914e-16]
 [-3.66986159e-19 -3.67895914e-27  3.42881025e-37 -3.67895914e-27
   2.07315651e-20 -3.66986155e-19]
 [ 9.99999990e-01 -5.91688909e-16 -1.00698067e-18 -5.91162914e-16
  -3.66986155e-19  9.99999990e-01]]
Dual solution:
0
Tr(CX) = 2.0000000084536973
Primal and dual gap: 0
Number of iterations: 17383
Max error in symmetry of Q: 0
Maximum h bound: 0.003
Method name is: Physarum SDC modified (v.2)
Restart factor: 1000
Infeasibility: 1.256885706624189e-09
Time spent (seconds): 7.176952838897705
