Answer of test tests/vertexcover1-1/vertex-cover54.dat-s
[General Setting]
Primal solution:
[[9.99999878e-01 9.99998651e-01 1.28666365e-06 1.28640526e-06
  9.99998593e-01 1.28666358e-06]
 [9.99998651e-01 9.99998711e-01 1.07567331e-11 1.39924221e-10
  9.99998652e-01 1.07572731e-11]
 [1.28666365e-06 1.07567331e-11 1.28666373e-06 1.28634074e-06
  2.69162003e-10 1.28666366e-06]
 [1.28640526e-06 1.39924221e-10 1.28634074e-06 1.28640534e-06
  1.07646670e-11 1.28634067e-06]
 [9.99998593e-01 9.99998652e-01 2.69162003e-10 1.07646670e-11
  9.99998594e-01 2.69162541e-10]
 [1.28666358e-06 1.07572731e-11 1.28666366e-06 1.28634067e-06
  2.69162541e-10 1.28666359e-06]]
Dual solution:
0
Tr(CX) = 3.0000010433935453
Primal and dual gap: 0
Number of iterations: 18397
Max error in symmetry of Q: 0
Maximum h bound: 0.003
Method name is: Physarum SDC modified (v.2)
Restart factor: 1000
Infeasibility: 2.4107491158886774e-07
Time spent (seconds): 11.045840740203857
