Answer of test tests/testset2-1/negative-definite-dense-1013.dat-s
[General Setting]
Primal solution:
[[ 0.40307833  0.13157814 -0.24957805 -0.17741023  0.3142784  -0.03702242
  -0.10344412 -0.09565675  0.01893736 -0.25223915]
 [ 0.13157814  0.04295147 -0.08147056 -0.05791259  0.1025909  -0.01208534
  -0.03376759 -0.03122554  0.00618178 -0.08233923]
 [-0.24957805 -0.08147056  0.15453374  0.10984887 -0.19459491  0.02292354
   0.06405053  0.05922875 -0.01172564  0.15618143]
 [-0.17741023 -0.05791259  0.10984887  0.07808504 -0.13832597  0.01629499
   0.04552972  0.0421022  -0.00833506  0.11102012]
 [ 0.3142784   0.1025909  -0.19459491 -0.13832597  0.24504149 -0.02886622
  -0.08065493 -0.07458315  0.01476538 -0.19666976]
 [-0.03702242 -0.01208534  0.02292354  0.01629499 -0.02886622  0.00340048
   0.00950126  0.008786   -0.00173938  0.02316797]
 [-0.10344412 -0.03376759  0.06405053  0.04552972 -0.08065493  0.00950126
   0.02654741  0.0245489  -0.00485999  0.06473347]
 [-0.09565675 -0.03122554  0.05922875  0.0421022  -0.07458315  0.008786
   0.0245489   0.02270083 -0.00449413  0.05986027]
 [ 0.01893736  0.00618178 -0.01172564 -0.00833506  0.01476538 -0.00173938
  -0.00485999 -0.00449413  0.00088971 -0.01185066]
 [-0.25223915 -0.08233923  0.15618143  0.11102012 -0.19666976  0.02316797
   0.06473347  0.05986027 -0.01185066  0.15784671]]
Dual solution:
0
Tr(CX) = 4.882229133727032
Primal and dual gap: 0
Number of iterations: 11172
Max error in symmetry of Q: 0
Maximum h bound: 0.01
Method name is: Physarum SDC modified (v.2)
Restart factor: 1000
Infeasibility: 4.8584300671450364e-06
Time spent (seconds): 3.2209300994873047
