Answer of test tests/testset2-1/negative-definite-dense-1015.dat-s
[General Setting]
Primal solution:
[[ 0.07712992  0.07046884 -0.16375287  0.05626839  0.05079658  0.09205627
  -0.11134002  0.00528821 -0.08243497  0.01867979]
 [ 0.07046884  0.06438302 -0.14961087  0.05140895  0.0464097   0.08410612
  -0.10172449  0.00483151 -0.07531573  0.01706657]
 [-0.16375287 -0.14961087  0.34766018 -0.1194622  -0.10784513 -0.19544267
   0.23638358 -0.01122728  0.1750159  -0.03965867]
 [ 0.05626839  0.05140895 -0.1194622   0.04104933  0.0370575   0.06715757
  -0.08122559  0.00385789 -0.06013857  0.01362742]
 [ 0.05079658  0.0464097  -0.10784513  0.0370575   0.03345385  0.06062684
  -0.07332683  0.00348273 -0.05429041  0.01230223]
 [ 0.09205627  0.08410612 -0.19544267  0.06715757  0.06062684  0.10987119
  -0.13288677  0.00631159 -0.09838796  0.02229475]
 [-0.11134002 -0.10172449  0.23638358 -0.08122559 -0.07332683 -0.13288677
   0.1607236  -0.00763373  0.11899805 -0.026965  ]
 [ 0.00528821  0.00483151 -0.01122728  0.00385789  0.00348273  0.00631159
  -0.00763373  0.00036257 -0.00565193  0.00128073]
 [-0.08243497 -0.07531573  0.1750159  -0.06013857 -0.05429041 -0.09838796
   0.11899805 -0.00565193  0.0881049  -0.0199646 ]
 [ 0.01867979  0.01706657 -0.03965867  0.01362742  0.01230223  0.02229475
  -0.026965    0.00128073 -0.0199646   0.00452399]]
Dual solution:
0
Tr(CX) = 1.0546438462080732
Primal and dual gap: 0
Number of iterations: 6976
Max error in symmetry of Q: 0
Maximum h bound: 0.01
Method name is: Physarum SDC modified (v.2)
Restart factor: 1000
Infeasibility: 4.0401654644028895e-07
Time spent (seconds): 1.8768696784973145
