Answer of test tests/testset2-1/negative-definite-dense-105.dat-s
[General Setting]
Primal solution:
[[ 0.14964665 -0.24068048  0.06604111  0.02087396  0.03807159  0.01960795
   0.04307071 -0.1425854   0.03636561 -0.01141318]
 [-0.24068048  0.3870925  -0.10621558 -0.03357212 -0.0612315  -0.03153596
  -0.06927172  0.2293237  -0.05848773  0.0183561 ]
 [ 0.06604111 -0.10621558  0.02914484  0.00921196  0.01680151  0.00865325
   0.01900769 -0.06292488  0.01604864 -0.00503679]
 [ 0.02087396 -0.03357212  0.00921196  0.00291167  0.00531054  0.00273508
   0.00600786 -0.019889    0.00507258 -0.00159201]
 [ 0.03807159 -0.0612315   0.01680151  0.00531054  0.00968579  0.00498846
   0.01095761 -0.03627514  0.00925177 -0.00290363]
 [ 0.01960795 -0.03153596  0.00865325  0.00273508  0.00498846  0.0025692
   0.00564348 -0.01868273  0.00476492 -0.00149546]
 [ 0.04307071 -0.06927172  0.01900769  0.00600786  0.01095761  0.00564348
   0.01239645 -0.04103837  0.01046661 -0.00328489]
 [-0.1425854   0.2293237  -0.06292488 -0.019889   -0.03627514 -0.01868273
  -0.04103837  0.13585735 -0.03464965  0.01087465]
 [ 0.03636561 -0.05848773  0.01604864  0.00507258  0.00925177  0.00476492
   0.01046661 -0.03464965  0.0088372  -0.00277351]
 [-0.01141318  0.0183561  -0.00503679 -0.00159201 -0.00290363 -0.00149546
  -0.00328489  0.01087465 -0.00277351  0.00087047]]
Dual solution:
0
Tr(CX) = 1.4475375305092777
Primal and dual gap: 0
Number of iterations: 15177
Max error in symmetry of Q: 0
Maximum h bound: 0.01
Method name is: Physarum SDC modified (v.2)
Restart factor: 1000
Infeasibility: 2.4868995751603507e-14
Time spent (seconds): 3.386544942855835
