Answer of test tests/testset2-1/negative-definite-dense-108.dat-s
[General Setting]
Primal solution:
[[ 0.09079137 -0.02216664 -0.20640956 -0.04946983  0.0174972   0.19983653
  -0.02148974 -0.15636005  0.06889941 -0.02945414]
 [-0.02216664  0.00541197  0.05039474  0.01207802 -0.00427193 -0.04878994
   0.0052467   0.03817519 -0.01682174  0.00719121]
 [-0.20640956  0.05039474  0.46926167  0.11246715 -0.03977899 -0.45431821
   0.04885583  0.35547664 -0.15663932  0.06696249]
 [-0.04946983  0.01207802  0.11246715  0.02695481 -0.00953376 -0.10888568
   0.01170919  0.08519649 -0.03754148  0.01604879]
 [ 0.0174972  -0.00427193 -0.03977899 -0.00953376  0.00337204  0.03851225
  -0.00414148 -0.03013352  0.01327821 -0.00567637]
 [ 0.19983653 -0.04878994 -0.45431821 -0.10888568  0.03851225  0.43985063
  -0.04730004 -0.34415663  0.15165121 -0.0648301 ]
 [-0.02148974  0.0052467   0.04885583  0.01170919 -0.00414148 -0.04730004
   0.00508648  0.03700943 -0.01630805  0.00697161]
 [-0.15636005  0.03817519  0.35547664  0.08519649 -0.03013352 -0.34415663
   0.03700943  0.26928184 -0.11865794  0.05072565]
 [ 0.06889941 -0.01682174 -0.15663932 -0.03754148  0.01327821  0.15165121
  -0.01630805 -0.11865794  0.05228613 -0.02235205]
 [-0.02945414  0.00719121  0.06696249  0.01604879 -0.00567637 -0.0648301
   0.00697161  0.05072565 -0.02235205  0.00955538]]
Dual solution:
0
Tr(CX) = 3.6218221438114098
Primal and dual gap: 0
Number of iterations: 12314
Max error in symmetry of Q: 0
Maximum h bound: 0.01
Method name is: Physarum SDC modified (v.2)
Restart factor: 1000
Infeasibility: 4.351911471189851e-07
Time spent (seconds): 2.951963186264038
