SDPA start at [Thu Jul 15 21:27:24 2021]
param  is ./param.sdpa 
data   is G:\Research\PhysarumSDPSolver\SDPA\testSet\testset2\negative-definite-dense-1010.dat-s  : sparse
"Dense tests with negative definite C matrices that have dimension of 10 and 1-5 constraints"
out    is G:\Research\PhysarumSDPSolver\SDPA\testSet\testset2\negative-definite-dense-1010.dat-s.res
NumThreads  is set as 1
Schur computation : DENSE 
   mu      thetaP  thetaD  objP      objD      alphaP  alphaD  beta 
 0 1.0e+004 1.0e+000 1.0e+000 -0.00e+000 -6.10e+003 9.1e-001 1.0e+000 2.00e-001
 1 1.8e+003 9.1e-002 5.7e-016 +4.27e-002 -7.61e+003 1.0e+000 1.6e+000 2.00e-001
 2 2.9e+002 9.2e-018 8.1e-016 +3.43e-002 -2.93e+003 8.4e+001 9.7e-001 1.00e-001
 3 3.7e+001 1.8e-017 6.7e-016 -1.68e+000 -3.73e+002 9.8e-001 9.8e-001 1.00e-001
 4 4.5e+000 1.8e-017 5.8e-017 -1.54e+000 -4.61e+001 6.6e+000 9.4e-001 1.00e-001
 5 6.2e-001 1.8e-017 9.0e-018 -2.08e+000 -8.31e+000 9.7e-001 9.7e-001 1.00e-001
 6 7.8e-002 1.8e-017 0.0e+000 -2.07e+000 -2.86e+000 1.0e+000 9.7e-001 1.00e-001
 7 9.8e-003 1.8e-017 1.5e-018 -2.13e+000 -2.23e+000 1.1e+000 9.8e-001 1.00e-001
 8 1.1e-003 1.8e-017 4.5e-018 -2.14e+000 -2.15e+000 1.1e+000 9.9e-001 1.00e-001
 9 1.1e-004 1.8e-017 1.6e-017 -2.14e+000 -2.14e+000 1.1e+000 9.9e-001 1.00e-001
10 1.1e-005 9.2e-018 7.5e-018 -2.14e+000 -2.14e+000 1.1e+000 1.0e+000 1.00e-001
11 1.1e-006 9.2e-018 1.5e-017 -2.14e+000 -2.14e+000 1.1e+000 1.0e+000 1.00e-001
12 1.1e-007 1.8e-017 1.5e-016 -2.14e+000 -2.14e+000 1.1e+000 1.0e+000 1.00e-001
13 1.1e-008 1.8e-017 5.5e-016 -2.14e+000 -2.14e+000 1.1e+000 1.0e+000 1.00e-001

phase.value  = pdOPT     
   Iteration = 13
          mu = +1.1196606686247890e-008
relative gap = +5.2305046110531982e-008
        gap  = +1.1196613680652945e-007
     digits  = +7.2814564107074151e+000
objValPrimal = -2.1406373228640998e+000
objValDual   = -2.1406374348302366e+000
p.feas.error = +1.7763568394002505e-015
d.feas.error = +1.3002932064409833e-012
total time   = 0.022413
** Paramters **
maxIteration = 100
epsilonStar  = +9.9999999999999995e-008
lambdaStar   = +1.0000000000000000e+002
omegaStar    = +2.0000000000000000e+000
lowerBound   = -1.0000000000000000e+005
upperBound   = +1.0000000000000000e+005
betaStar     = +1.0000000000000001e-001
betaBar      = +2.0000000000000001e-001
gammaStar    = +9.0000000000000002e-001
epsilonDash  = +9.9999999999999995e-008
xPrint       = %+8.3e 
XPrint       = %+8.3e 
YPrint       = %+8.3e 
infPrint     = %+10.16e 

                         Time(sec)  Ratio(% : MainLoop) 
 Predictor time  =       0.007938,  37.065745
 Corrector time  =       0.003495,  16.319574
 Make bMat time  =       0.001402,  6.546507
 Make bDia time  =       0.000000,  0.000000
 Make bF1  time  =       0.000000,  0.000000
 Make bF2  time  =       0.000000,  0.000000
 Make bF3  time  =       0.000000,  0.000000
 Make bPRE time  =       0.000000,  0.000000
 Make rMat time  =       0.000000,  0.000000
 Make gVec Mul   =       0.000996,  4.650728
 Make gVec time  =       0.001994,  9.310796
 Cholesky bMat   =       0.000000,  0.000000
 Ste Pre time    =       0.000000,  0.000000
 Ste Cor time    =       0.006986,  32.620471
 solve           =       0.000000,  0.000000
 sumDz           =       0.002281,  10.650915
 makedX          =       0.000000,  0.000000
 symmetriseDx    =       0.005756,  26.877101
 makedXdZ        =       0.008037,  37.528016
 xMatTime        =       0.000000,  0.000000
 zMatTime        =       0.001996,  9.320134
 invzMatTime     =       0.000000,  0.000000
 xMatzMatTime    =       0.000000,  0.000000
 EigxMatTime     =       0.002993,  13.975532
 EigzMatTime     =       0.003993,  18.644938
 EigxMatzMatTime =       0.000000,  0.000000
 updateRes       =       0.000000,  0.000000
 EigTime         =       0.006986,  32.620471
 sub_total_bMat  =       0.020014,  93.453493
 Main Loop       =       0.021416,  100.000000
 File Check      =       0.000000,  0.000000
 File Change     =       0.000000,  0.000000
 File Read       =       0.000997,  4.655398
 Total           =       0.022413,  104.655398

xVec = 
{+4.206e-002,+5.142e-002}
xMat = 
{
{ {+7.588e+000,+8.257e-001,-3.603e-002,+2.076e+000,+9.102e-001,-2.468e-001,+8.216e-001,+1.951e+000,-8.386e-002,-8.856e-001 },
  {+8.257e-001,+6.121e+000,-1.143e+000,+1.061e+000,-9.909e-001,-3.297e-001,-3.088e-002,+1.862e+000,-2.380e-001,-8.333e-001 },
  {-3.603e-002,-1.143e+000,+6.150e+000,+1.825e+000,-1.078e+000,-4.229e-001,+1.401e+000,+6.569e-001,+6.139e-001,-9.016e-001 },
  {+2.076e+000,+1.061e+000,+1.825e+000,+2.046e+000,-3.017e-001,-2.050e+000,+1.746e-001,-1.299e-001,+1.004e+000,-5.014e-001 },
  {+9.102e-001,-9.909e-001,-1.078e+000,-3.017e-001,+4.507e+000,-3.025e-001,+7.599e-001,+7.307e-001,-1.454e+000,-6.655e-001 },
  {-2.468e-001,-3.297e-001,-4.229e-001,-2.050e+000,-3.025e-001,+7.572e+000,+8.559e-001,+9.151e-001,-1.777e-001,-4.320e-001 },
  {+8.216e-001,-3.088e-002,+1.401e+000,+1.746e-001,+7.599e-001,+8.559e-001,+5.694e+000,+1.347e+000,-2.270e+000,-1.237e+000 },
  {+1.951e+000,+1.862e+000,+6.569e-001,-1.299e-001,+7.307e-001,+9.151e-001,+1.347e+000,+5.927e+000,-1.379e+000,-1.249e+000 },
  {-8.386e-002,-2.380e-001,+6.139e-001,+1.004e+000,-1.454e+000,-1.777e-001,-2.270e+000,-1.379e+000,+6.423e+000,+2.173e+000 },
  {-8.856e-001,-8.333e-001,-9.016e-001,-5.014e-001,-6.655e-001,-4.320e-001,-1.237e+000,-1.249e+000,+2.173e+000,+6.830e+000 }   }
}
yMat = 
{
{ {+4.693e-002,+4.345e-002,+5.786e-002,-1.695e-001,+1.076e-002,-3.510e-002,+2.822e-003,-3.230e-002,+2.095e-002,-6.650e-003 },
  {+4.345e-002,+4.023e-002,+5.357e-002,-1.569e-001,+9.959e-003,-3.250e-002,+2.612e-003,-2.990e-002,+1.940e-002,-6.157e-003 },
  {+5.786e-002,+5.357e-002,+7.133e-002,-2.090e-001,+1.326e-002,-4.327e-002,+3.478e-003,-3.982e-002,+2.583e-002,-8.198e-003 },
  {-1.695e-001,-1.569e-001,-2.090e-001,+6.122e-001,-3.885e-002,+1.268e-001,-1.019e-002,+1.166e-001,-7.568e-002,+2.402e-002 },
  {+1.076e-002,+9.959e-003,+1.326e-002,-3.885e-002,+2.465e-003,-8.044e-003,+6.467e-004,-7.402e-003,+4.802e-003,-1.524e-003 },
  {-3.510e-002,-3.250e-002,-4.327e-002,+1.268e-001,-8.044e-003,+2.625e-002,-2.110e-003,+2.415e-002,-1.567e-002,+4.973e-003 },
  {+2.822e-003,+2.612e-003,+3.478e-003,-1.019e-002,+6.467e-004,-2.110e-003,+1.696e-004,-1.942e-003,+1.260e-003,-3.998e-004 },
  {-3.230e-002,-2.990e-002,-3.982e-002,+1.166e-001,-7.402e-003,+2.415e-002,-1.942e-003,+2.222e-002,-1.442e-002,+4.576e-003 },
  {+2.095e-002,+1.940e-002,+2.583e-002,-7.568e-002,+4.802e-003,-1.567e-002,+1.260e-003,-1.442e-002,+9.355e-003,-2.969e-003 },
  {-6.650e-003,-6.157e-003,-8.198e-003,+2.402e-002,-1.524e-003,+4.973e-003,-3.998e-004,+4.576e-003,-2.969e-003,+9.421e-004 }   }
}
    main loop time = 0.021416
        total time = 0.022413
  file  check time = 0.000000
  file change time = 0.000000
  file   read time = 0.000997
SDPA end at [Thu Jul 15 21:27:24 2021]
ALL TIME = 0.022413
