SDPA start at [Thu Jul 15 21:27:25 2021]
param  is ./param.sdpa 
data   is G:\Research\PhysarumSDPSolver\SDPA\testSet\testset2\negative-definite-dense-102.dat-s  : sparse
"Dense tests with negative definite C matrices that have dimension of 10 and 1-5 constraints"
out    is G:\Research\PhysarumSDPSolver\SDPA\testSet\testset2\negative-definite-dense-102.dat-s.res
NumThreads  is set as 1
Schur computation : DENSE 
   mu      thetaP  thetaD  objP      objD      alphaP  alphaD  beta 
 0 1.0e+004 1.0e+000 1.0e+000 -0.00e+000 -7.10e+003 9.2e-001 1.0e+000 2.00e-001
 1 1.8e+003 8.2e-002 3.4e-015 +3.87e-002 -8.76e+003 1.0e+000 1.6e+000 2.00e-001
 2 2.5e+002 9.3e-018 8.0e-015 +3.24e-002 -2.50e+003 9.0e+001 9.7e-001 1.00e-001
 3 3.3e+001 9.3e-018 1.5e-015 -4.61e-002 -3.28e+002 9.9e-001 9.9e-001 1.00e-001
 4 3.7e+000 9.3e-018 8.7e-017 -4.26e-002 -3.66e+001 1.5e+001 9.7e-001 1.00e-001
 5 4.4e-001 1.9e-017 1.6e-017 -4.48e-001 -4.86e+000 4.9e+000 9.8e-001 1.00e-001
 6 4.8e-002 1.9e-017 2.2e-018 -4.89e-001 -9.72e-001 9.6e-001 9.6e-001 1.00e-001
 7 6.4e-003 1.9e-017 0.0e+000 -4.88e-001 -5.52e-001 1.0e+000 9.8e-001 1.00e-001
 8 7.3e-004 1.9e-017 0.0e+000 -4.93e-001 -5.00e-001 1.0e+000 9.9e-001 1.00e-001
 9 7.7e-005 1.9e-017 2.2e-018 -4.93e-001 -4.94e-001 1.1e+000 1.0e+000 1.00e-001
10 7.7e-006 1.9e-017 1.1e-018 -4.93e-001 -4.93e-001 1.1e+000 1.0e+000 1.00e-001
11 7.7e-007 1.9e-017 1.1e-018 -4.93e-001 -4.93e-001 1.1e+000 1.0e+000 1.00e-001
12 7.7e-008 1.9e-017 2.2e-018 -4.93e-001 -4.93e-001 9.0e-001 9.0e-001 1.00e-001

phase.value  = pdFEAS    
   Iteration = 12
          mu = +7.7425523026253268e-008
relative gap = +7.7425523031804389e-007
        gap  = +7.7425523031804389e-007
     digits  = +5.8041090947739669e+000
objValPrimal = -4.9316574335210278e-001
objValDual   = -4.9316651760733310e-001
p.feas.error = +1.7763568394002505e-015
d.feas.error = +8.8817841970012523e-016
total time   = 0.019882
** Paramters **
maxIteration = 100
epsilonStar  = +9.9999999999999995e-008
lambdaStar   = +1.0000000000000000e+002
omegaStar    = +2.0000000000000000e+000
lowerBound   = -1.0000000000000000e+005
upperBound   = +1.0000000000000000e+005
betaStar     = +1.0000000000000001e-001
betaBar      = +2.0000000000000001e-001
gammaStar    = +9.0000000000000002e-001
epsilonDash  = +9.9999999999999995e-008
xPrint       = %+8.3e 
XPrint       = %+8.3e 
YPrint       = %+8.3e 
infPrint     = %+10.16e 

                         Time(sec)  Ratio(% : MainLoop) 
 Predictor time  =       0.006949,  36.705050
 Corrector time  =       0.002995,  15.819776
 Make bMat time  =       0.001993,  10.527150
 Make bDia time  =       0.000000,  0.000000
 Make bF1  time  =       0.000000,  0.000000
 Make bF2  time  =       0.000000,  0.000000
 Make bF3  time  =       0.000000,  0.000000
 Make bPRE time  =       0.000000,  0.000000
 Make rMat time  =       0.000000,  0.000000
 Make gVec Mul   =       0.000000,  0.000000
 Make gVec time  =       0.000000,  0.000000
 Cholesky bMat   =       0.000000,  0.000000
 Ste Pre time    =       0.000000,  0.000000
 Ste Cor time    =       0.006994,  36.942742
 solve           =       0.000980,  5.176421
 sumDz           =       0.000999,  5.276780
 makedX          =       0.000000,  0.000000
 symmetriseDx    =       0.005972,  31.544475
 makedXdZ        =       0.006971,  36.821255
 xMatTime        =       0.000997,  5.266216
 zMatTime        =       0.000000,  0.000000
 invzMatTime     =       0.000000,  0.000000
 xMatzMatTime    =       0.000000,  0.000000
 EigxMatTime     =       0.002993,  15.809212
 EigzMatTime     =       0.004001,  21.133531
 EigxMatzMatTime =       0.000000,  0.000000
 updateRes       =       0.000997,  5.266216
 EigTime         =       0.006994,  36.942742
 sub_total_bMat  =       0.016939,  89.472850
 Main Loop       =       0.018932,  100.000000
 File Check      =       0.000000,  0.000000
 File Change     =       0.000000,  0.000000
 File Read       =       0.000950,  5.017959
 Total           =       0.019882,  105.017959

xVec = 
{+1.233e-001}
xMat = 
{
{ {+2.600e+000,-9.309e-001,+1.810e-001,+1.390e-001,+1.065e+000,-2.634e-001,-1.039e+000,-1.660e-001,+2.667e-001,+4.370e-002 },
  {-9.309e-001,+5.281e+000,+2.658e+000,+1.750e+000,+2.859e+000,+9.552e-001,-1.539e+000,-1.360e+000,+3.409e-001,+8.763e-001 },
  {+1.810e-001,+2.658e+000,+9.048e+000,+2.520e+000,+1.075e-001,-2.420e-001,-2.231e+000,+8.054e-001,+1.562e+000,-1.936e-001 },
  {+1.390e-001,+1.750e+000,+2.520e+000,+1.032e+001,-5.797e-001,-1.371e+000,-1.293e+000,+1.143e+000,+2.416e+000,+8.372e-001 },
  {+1.065e+000,+2.859e+000,+1.075e-001,-5.797e-001,+6.313e+000,+5.351e-001,+2.361e+000,-1.498e+000,+1.104e+000,+5.278e-001 },
  {-2.634e-001,+9.552e-001,-2.420e-001,-1.371e+000,+5.351e-001,+7.239e+000,-1.528e+000,+2.379e+000,+2.076e+000,-6.892e-001 },
  {-1.039e+000,-1.539e+000,-2.231e+000,-1.293e+000,+2.361e+000,-1.528e+000,+6.237e+000,+2.558e-001,+1.658e+000,-3.189e-001 },
  {-1.660e-001,-1.360e+000,+8.054e-001,+1.143e+000,-1.498e+000,+2.379e+000,+2.558e-001,+1.031e+001,+1.093e+000,+1.018e+000 },
  {+2.667e-001,+3.409e-001,+1.562e+000,+2.416e+000,+1.104e+000,+2.076e+000,+1.658e+000,+1.093e+000,+6.456e+000,-5.675e-001 },
  {+4.370e-002,+8.763e-001,-1.936e-001,+8.372e-001,+5.278e-001,-6.892e-001,-3.189e-001,+1.018e+000,-5.675e-001,+6.698e+000 }   }
}
yMat = 
{
{ {+4.169e-002,+3.472e-002,-4.000e-004,-7.916e-004,-3.494e-002,+9.328e-003,+3.302e-002,-1.805e-003,-8.353e-003,+1.250e-004 },
  {+3.472e-002,+2.891e-002,-3.331e-004,-6.591e-004,-2.909e-002,+7.767e-003,+2.750e-002,-1.503e-003,-6.955e-003,+1.041e-004 },
  {-4.000e-004,-3.331e-004,+3.852e-006,+7.596e-006,+3.352e-004,-8.949e-005,-3.168e-004,+1.731e-005,+8.014e-005,-1.197e-006 },
  {-7.916e-004,-6.591e-004,+7.596e-006,+1.504e-005,+6.633e-004,-1.771e-004,-6.269e-004,+3.426e-005,+1.586e-004,-2.374e-006 },
  {-3.494e-002,-2.909e-002,+3.352e-004,+6.633e-004,+2.928e-002,-7.816e-003,-2.767e-002,+1.512e-003,+7.000e-003,-1.048e-004 },
  {+9.328e-003,+7.767e-003,-8.949e-005,-1.771e-004,-7.816e-003,+2.087e-003,+7.388e-003,-4.037e-004,-1.869e-003,+2.798e-005 },
  {+3.302e-002,+2.750e-002,-3.168e-004,-6.269e-004,-2.767e-002,+7.388e-003,+2.615e-002,-1.429e-003,-6.616e-003,+9.903e-005 },
  {-1.805e-003,-1.503e-003,+1.731e-005,+3.426e-005,+1.512e-003,-4.037e-004,-1.429e-003,+7.812e-005,+3.616e-004,-5.415e-006 },
  {-8.353e-003,-6.955e-003,+8.014e-005,+1.586e-004,+7.000e-003,-1.869e-003,-6.616e-003,+3.616e-004,+1.674e-003,-2.505e-005 },
  {+1.250e-004,+1.041e-004,-1.197e-006,-2.374e-006,-1.048e-004,+2.798e-005,+9.903e-005,-5.415e-006,-2.505e-005,+3.884e-007 }   }
}
    main loop time = 0.018932
        total time = 0.019882
  file  check time = 0.000000
  file change time = 0.000000
  file   read time = 0.000950
SDPA end at [Thu Jul 15 21:27:25 2021]
ALL TIME = 0.020898
