Answer of test tests/testset2-1/negative-definite-dense-107.dat-s
[General Setting]
Primal solution:
[[ 1.33230665e-02  2.03435707e-03 -1.97357524e-02 -4.10052737e-02
   4.06704017e-03 -2.34830174e-02  7.26305664e-02 -4.83868975e-02
   2.55653180e-03 -1.79118957e-02]
 [ 2.03435707e-03  3.10634843e-04 -3.01353801e-03 -6.26127387e-03
   6.21014081e-04 -3.58572423e-03  1.10902776e-02 -7.38840617e-03
   3.90367978e-04 -2.73504539e-03]
 [-1.97357524e-02 -3.01353801e-03  2.92350054e-02  6.07420166e-02
  -6.02459633e-03  3.47859118e-02 -1.07589260e-01  7.16765788e-02
  -3.78704696e-03  2.65332863e-02]
 [-4.10052737e-02 -6.26127387e-03  6.07420166e-02  1.26204614e-01
  -1.25173957e-02  7.22752195e-02 -2.23539847e-01  1.48923521e-01
  -7.86840523e-03  5.51286136e-02]
 [ 4.06704017e-03  6.21014081e-04 -6.02459633e-03 -1.25173957e-02
   1.24151716e-03 -7.16849796e-03  2.21714295e-02 -1.47707328e-02
   7.80414743e-04 -5.46784025e-03]
 [-2.34830174e-02 -3.58572423e-03  3.47859118e-02  7.22752195e-02
  -7.16849796e-03  4.13907794e-02 -1.28017439e-01  8.52859479e-02
  -4.50610081e-03  3.15712121e-02]
 [ 7.26305664e-02  1.10902776e-02 -1.07589260e-01 -2.23539847e-01
   2.21714295e-02 -1.28017439e-01  3.95944819e-01 -2.63780696e-01
   1.39369080e-02 -9.76465236e-02]
 [-4.83868975e-02 -7.38840617e-03  7.16765788e-02  1.48923521e-01
  -1.47707328e-02  8.52859479e-02 -2.63780696e-01  1.75732204e-01
  -9.28484761e-03  6.50526709e-02]
 [ 2.55653180e-03  3.90367978e-04 -3.78704696e-03 -7.86840523e-03
   7.80414743e-04 -4.50610081e-03  1.39369080e-02 -9.28484761e-03
   4.90566856e-04 -3.43707141e-03]
 [-1.79118957e-02 -2.73504539e-03  2.65332863e-02  5.51286136e-02
  -5.46784025e-03  3.15712121e-02 -9.76465236e-02  6.50526709e-02
  -3.43707141e-03  2.40812434e-02]]
Dual solution:
0
Tr(CX) = 0.9669749880254622
Primal and dual gap: 0
Number of iterations: 8632
Max error in symmetry of Q: 0
Maximum h bound: 0.01
Method name is: Physarum SDC modified (v.2)
Restart factor: 1000
Infeasibility: 4.077843982486229e-07
Time spent (seconds): 1.8640313148498535
