SDPA start at [Thu Jul 15 21:27:24 2021]
param  is ./param.sdpa 
data   is G:\Research\PhysarumSDPSolver\SDPA\testSet\testset2\negative-definite-dense-100.dat-s  : sparse
"Dense tests with negative definite C matrices that have dimension of 10 and 1-5 constraints"
out    is G:\Research\PhysarumSDPSolver\SDPA\testSet\testset2\negative-definite-dense-100.dat-s.res
NumThreads  is set as 1
Schur computation : DENSE 
   mu      thetaP  thetaD  objP      objD      alphaP  alphaD  beta 
 0 1.0e+004 1.0e+000 1.0e+000 -0.00e+000 -4.80e+003 8.9e-001 1.0e+000 2.00e-001
 1 2.0e+003 1.1e-001 3.3e-016 +4.77e+000 -5.88e+003 9.8e-001 1.7e+000 2.00e-001
 2 3.5e+002 2.8e-003 2.9e-016 +1.40e-001 -3.17e+003 1.0e+000 1.1e+000 2.00e-001
 3 5.3e+001 9.2e-018 1.0e-016 +6.28e-003 -5.30e+002 3.0e+001 9.7e-001 1.00e-001
 4 6.5e+000 9.2e-018 3.7e-017 -1.73e+000 -6.66e+001 9.8e-001 9.8e-001 1.00e-001
 5 7.5e-001 9.2e-018 6.7e-018 -1.67e+000 -9.17e+000 1.2e+000 9.5e-001 1.00e-001
 6 1.0e-001 9.2e-018 1.3e-018 -1.92e+000 -2.94e+000 1.5e+000 9.5e-001 1.00e-001
 7 1.3e-002 9.2e-018 4.8e-019 -1.95e+000 -2.09e+000 1.6e+000 9.7e-001 1.00e-001
 8 1.5e-003 9.2e-018 2.6e-018 -1.96e+000 -1.97e+000 1.5e+000 9.9e-001 1.00e-001
 9 1.6e-004 9.2e-018 5.1e-018 -1.96e+000 -1.96e+000 1.5e+000 9.9e-001 1.00e-001
10 1.6e-005 9.2e-018 4.4e-017 -1.96e+000 -1.96e+000 1.5e+000 9.9e-001 1.00e-001
11 1.6e-006 1.8e-017 4.0e-017 -1.96e+000 -1.96e+000 1.5e+000 9.9e-001 1.00e-001
12 1.6e-007 1.8e-017 1.0e-016 -1.96e+000 -1.96e+000 1.5e+000 9.9e-001 1.00e-001
13 1.7e-008 1.8e-017 7.7e-016 -1.96e+000 -1.96e+000 1.5e+000 9.9e-001 1.00e-001

phase.value  = pdOPT     
   Iteration = 13
          mu = +1.6503707633841457e-008
relative gap = +8.4331683039999296e-008
        gap  = +1.6503720301486169e-007
     digits  = +7.0740092322035419e+000
objValPrimal = -1.9570010950409999e+000
objValDual   = -1.9570012600782030e+000
p.feas.error = +1.7763568394002505e-015
d.feas.error = +4.2490455598453991e-012
total time   = 0.020575
** Paramters **
maxIteration = 100
epsilonStar  = +9.9999999999999995e-008
lambdaStar   = +1.0000000000000000e+002
omegaStar    = +2.0000000000000000e+000
lowerBound   = -1.0000000000000000e+005
upperBound   = +1.0000000000000000e+005
betaStar     = +1.0000000000000001e-001
betaBar      = +2.0000000000000001e-001
gammaStar    = +9.0000000000000002e-001
epsilonDash  = +9.9999999999999995e-008
xPrint       = %+8.3e 
XPrint       = %+8.3e 
YPrint       = %+8.3e 
infPrint     = %+10.16e 

                         Time(sec)  Ratio(% : MainLoop) 
 Predictor time  =       0.007266,  35.314702
 Corrector time  =       0.004331,  21.049818
 Make bMat time  =       0.002966,  14.415553
 Make bDia time  =       0.000000,  0.000000
 Make bF1  time  =       0.000000,  0.000000
 Make bF2  time  =       0.000000,  0.000000
 Make bF3  time  =       0.000000,  0.000000
 Make bPRE time  =       0.000000,  0.000000
 Make rMat time  =       0.000997,  4.845687
 Make gVec Mul   =       0.000000,  0.000000
 Make gVec time  =       0.000998,  4.850547
 Cholesky bMat   =       0.000000,  0.000000
 Ste Pre time    =       0.000000,  0.000000
 Ste Cor time    =       0.007981,  38.789793
 solve           =       0.000000,  0.000000
 sumDz           =       0.000000,  0.000000
 makedX          =       0.000000,  0.000000
 symmetriseDx    =       0.006636,  32.252734
 makedXdZ        =       0.006636,  32.252734
 xMatTime        =       0.000000,  0.000000
 zMatTime        =       0.000000,  0.000000
 invzMatTime     =       0.000000,  0.000000
 xMatzMatTime    =       0.000000,  0.000000
 EigxMatTime     =       0.002992,  14.541920
 EigzMatTime     =       0.004989,  24.247874
 EigxMatzMatTime =       0.000000,  0.000000
 updateRes       =       0.000997,  4.845687
 EigTime         =       0.007981,  38.789793
 sub_total_bMat  =       0.017609,  85.584447
 Main Loop       =       0.020575,  100.000000
 File Check      =       0.000000,  0.000000
 File Change     =       0.000000,  0.000000
 File Read       =       0.000000,  0.000000
 Total           =       0.020575,  100.000000

xVec = 
{-3.411e-002,-9.381e-003}
xMat = 
{
{ {+5.986e+000,-1.087e+000,+1.132e+000,+6.149e-001,-3.102e-001,+1.563e+000,-1.891e+000,-7.241e-001,-1.788e+000,+3.436e-001 },
  {-1.087e+000,+3.201e+000,-4.529e-001,+1.016e+000,-7.251e-001,-3.270e-001,-8.417e-002,-9.644e-001,+6.580e-001,-1.715e-001 },
  {+1.132e+000,-4.529e-001,+4.649e+000,-5.978e-001,+9.192e-002,+1.820e+000,-1.128e+000,+1.883e-001,-2.031e+000,-1.283e-001 },
  {+6.149e-001,+1.016e+000,-5.978e-001,+3.542e+000,-1.964e-001,-6.803e-001,-1.516e+000,+9.433e-002,+8.493e-002,+4.179e-001 },
  {-3.102e-001,-7.251e-001,+9.192e-002,-1.964e-001,+4.908e+000,-1.670e+000,-9.892e-001,+1.300e+000,+3.358e-001,+1.316e-001 },
  {+1.563e+000,-3.270e-001,+1.820e+000,-6.803e-001,-1.670e+000,+3.400e+000,+1.538e+000,-4.964e-001,-3.272e-001,-3.165e-001 },
  {-1.891e+000,-8.417e-002,-1.128e+000,-1.516e+000,-9.892e-001,+1.538e+000,+5.373e+000,-1.142e+000,-1.205e+000,+5.667e-001 },
  {-7.241e-001,-9.644e-001,+1.883e-001,+9.433e-002,+1.300e+000,-4.964e-001,-1.142e+000,+4.609e+000,-8.448e-001,-1.312e+000 },
  {-1.788e+000,+6.580e-001,-2.031e+000,+8.493e-002,+3.358e-001,-3.272e-001,-1.205e+000,-8.448e-001,+6.511e+000,-1.197e+000 },
  {+3.436e-001,-1.715e-001,-1.283e-001,+4.179e-001,+1.316e-001,-3.165e-001,+5.667e-001,-1.312e+000,-1.197e+000,+3.864e+000 }   }
}
yMat = 
{
{ {+1.492e-001,+3.499e-002,+1.756e-001,+2.113e-002,-6.760e-002,-2.519e-001,+2.046e-001,+9.603e-002,+1.365e-001,+1.837e-002 },
  {+3.499e-002,+8.203e-003,+4.117e-002,+4.955e-003,-1.585e-002,-5.906e-002,+4.798e-002,+2.251e-002,+3.200e-002,+4.307e-003 },
  {+1.756e-001,+4.117e-002,+2.066e-001,+2.487e-002,-7.955e-002,-2.964e-001,+2.408e-001,+1.130e-001,+1.606e-001,+2.162e-002 },
  {+2.113e-002,+4.955e-003,+2.487e-002,+2.993e-003,-9.574e-003,-3.567e-002,+2.898e-002,+1.360e-002,+1.933e-002,+2.602e-003 },
  {-6.760e-002,-1.585e-002,-7.955e-002,-9.574e-003,+3.063e-002,+1.141e-001,-9.270e-002,-4.350e-002,-6.184e-002,-8.323e-003 },
  {-2.519e-001,-5.906e-002,-2.964e-001,-3.567e-002,+1.141e-001,+4.252e-001,-3.454e-001,-1.621e-001,-2.304e-001,-3.101e-002 },
  {+2.046e-001,+4.798e-002,+2.408e-001,+2.898e-002,-9.270e-002,-3.454e-001,+2.806e-001,+1.317e-001,+1.872e-001,+2.519e-002 },
  {+9.603e-002,+2.251e-002,+1.130e-001,+1.360e-002,-4.350e-002,-1.621e-001,+1.317e-001,+6.180e-002,+8.784e-002,+1.182e-002 },
  {+1.365e-001,+3.200e-002,+1.606e-001,+1.933e-002,-6.184e-002,-2.304e-001,+1.872e-001,+8.784e-002,+1.248e-001,+1.680e-002 },
  {+1.837e-002,+4.307e-003,+2.162e-002,+2.602e-003,-8.323e-003,-3.101e-002,+2.519e-002,+1.182e-002,+1.680e-002,+2.262e-003 }   }
}
    main loop time = 0.020575
        total time = 0.020575
  file  check time = 0.000000
  file change time = 0.000000
  file   read time = 0.000000
SDPA end at [Thu Jul 15 21:27:24 2021]
ALL TIME = 0.022569
