Answer of test tests/testset2-1/negative-definite-dense-1017.dat-s
[General Setting]
Primal solution:
[[ 1.08246830e-02  1.32225590e-03  1.48091813e-02 -2.98675343e-02
   2.08679504e-02  8.49362293e-02 -3.72724696e-02 -4.50152777e-03
  -3.76992223e-02  2.94997638e-02]
 [ 1.32225590e-03  1.61516108e-04  1.80897005e-03 -3.64837690e-03
   2.54906038e-03  1.03751242e-02 -4.55290402e-03 -5.49870295e-04
  -4.60503269e-03  3.60345302e-03]
 [ 1.48091813e-02  1.80897005e-03  2.02603486e-02 -4.08615874e-02
   2.85493128e-02  1.16200725e-01 -5.09922331e-02 -6.15851205e-03
  -5.15760708e-02  4.03584428e-02]
 [-2.98675343e-02 -3.64837690e-03 -4.08615874e-02  8.24106910e-02
  -5.75789817e-02 -2.34356585e-01  1.02842435e-01  1.24206441e-02
   1.04019934e-01 -8.13959361e-02]
 [ 2.08679504e-02  2.54906038e-03  2.85493128e-02 -5.75789817e-02
   4.02294786e-02  1.63741055e-01 -7.18543023e-02 -8.67809782e-03
  -7.26770013e-02  5.68699893e-02]
 [ 8.49362293e-02  1.03751242e-02  1.16200725e-01 -2.34356585e-01
   1.63741055e-01  6.66454900e-01 -2.92459651e-01 -3.53213848e-02
  -2.95808180e-01  2.31470861e-01]
 [-3.72724696e-02 -4.55290402e-03 -5.09922331e-02  1.02842435e-01
  -7.18543023e-02 -2.92459651e-01  1.28339738e-01  1.55000434e-02
   1.29809170e-01 -1.01576097e-01]
 [-4.50152777e-03 -5.49870295e-04 -6.15851205e-03  1.24206441e-02
  -8.67809782e-03 -3.53213848e-02  1.55000434e-02  1.87199498e-03
   1.56775118e-02 -1.22677039e-02]
 [-3.76992223e-02 -4.60503269e-03 -5.15760708e-02  1.04019934e-01
  -7.26770013e-02 -2.95808180e-01  1.29809170e-01  1.56775118e-02
   1.31295425e-01 -1.02739096e-01]
 [ 2.94997638e-02  3.60345302e-03  4.03584428e-02 -8.13959361e-02
   5.68699893e-02  2.31470861e-01 -1.01576097e-01 -1.22677039e-02
  -1.02739096e-01  8.03936763e-02]]
Dual solution:
0
Tr(CX) = 4.536198378070289
Primal and dual gap: 0
Number of iterations: 10341
Max error in symmetry of Q: 0
Maximum h bound: 0.01
Method name is: Physarum SDC modified (v.2)
Restart factor: 1000
Infeasibility: 5.878520852320435e-07
Time spent (seconds): 2.2328035831451416
