SDPA start at [Thu Jul 15 21:27:25 2021]
param  is ./param.sdpa 
data   is G:\Research\PhysarumSDPSolver\SDPA\testSet\testset2\negative-definite-dense-108.dat-s  : sparse
"Dense tests with negative definite C matrices that have dimension of 10 and 1-5 constraints"
out    is G:\Research\PhysarumSDPSolver\SDPA\testSet\testset2\negative-definite-dense-108.dat-s.res
NumThreads  is set as 1
Schur computation : DENSE 
   mu      thetaP  thetaD  objP      objD      alphaP  alphaD  beta 
 0 1.0e+004 1.0e+000 1.0e+000 -0.00e+000 -5.80e+003 8.8e-001 1.0e+000 2.00e-001
 1 2.1e+003 1.2e-001 7.7e-017 +6.95e+000 -7.30e+003 1.0e+000 1.8e+000 2.00e-001
 2 3.2e+002 1.9e-017 5.9e-016 +2.43e+000 -3.20e+003 8.2e+001 9.7e-001 1.00e-001
 3 4.1e+001 1.9e-017 2.6e-016 -3.01e+000 -4.10e+002 9.9e-001 9.9e-001 1.00e-001
 4 4.6e+000 1.9e-017 1.9e-017 -2.64e+000 -4.83e+001 2.0e+000 9.5e-001 1.00e-001
 5 6.3e-001 1.9e-017 4.8e-018 -3.52e+000 -9.78e+000 6.1e+000 9.7e-001 1.00e-001
 6 7.3e-002 2.8e-017 1.2e-018 -3.61e+000 -4.35e+000 3.9e+000 9.6e-001 1.00e-001
 7 9.0e-003 2.8e-017 2.4e-018 -3.62e+000 -3.71e+000 6.6e+000 9.8e-001 1.00e-001
 8 9.9e-004 2.8e-017 2.4e-018 -3.62e+000 -3.63e+000 6.4e+000 9.8e-001 1.00e-001
 9 1.1e-004 2.8e-017 3.0e-018 -3.62e+000 -3.62e+000 2.9e+000 9.6e-001 1.00e-001
10 1.3e-005 2.8e-017 6.3e-017 -3.62e+000 -3.62e+000 2.4e+000 9.9e-001 1.00e-001
11 1.4e-006 2.8e-017 1.1e-016 -3.62e+000 -3.62e+000 2.5e+000 9.9e-001 1.00e-001
12 1.4e-007 3.7e-017 7.2e-018 -3.62e+000 -3.62e+000 2.5e+000 9.9e-001 1.00e-001
13 1.4e-008 2.8e-017 1.7e-017 -3.62e+000 -3.62e+000 2.5e+000 9.9e-001 1.00e-001

phase.value  = pdOPT     
   Iteration = 13
          mu = +1.3880989757630857e-008
relative gap = +3.8325984375050536e-008
        gap  = +1.3880990046288844e-007
     digits  = +7.4165066817922458e+000
objValPrimal = -3.6218221153697994e+000
objValDual   = -3.6218222541796998e+000
p.feas.error = +2.6645352591003757e-015
d.feas.error = +9.9475983006414026e-014
total time   = 0.021426
** Paramters **
maxIteration = 100
epsilonStar  = +9.9999999999999995e-008
lambdaStar   = +1.0000000000000000e+002
omegaStar    = +2.0000000000000000e+000
lowerBound   = -1.0000000000000000e+005
upperBound   = +1.0000000000000000e+005
betaStar     = +1.0000000000000001e-001
betaBar      = +2.0000000000000001e-001
gammaStar    = +9.0000000000000002e-001
epsilonDash  = +9.9999999999999995e-008
xPrint       = %+8.3e 
XPrint       = %+8.3e 
YPrint       = %+8.3e 
infPrint     = %+10.16e 

                         Time(sec)  Ratio(% : MainLoop) 
 Predictor time  =       0.006971,  32.535238
 Corrector time  =       0.003491,  16.293289
 Make bMat time  =       0.002992,  13.964342
 Make bDia time  =       0.000987,  4.606553
 Make bF1  time  =       0.000000,  0.000000
 Make bF2  time  =       0.000000,  0.000000
 Make bF3  time  =       0.000000,  0.000000
 Make bPRE time  =       0.000000,  0.000000
 Make rMat time  =       0.000000,  0.000000
 Make gVec Mul   =       0.000000,  0.000000
 Make gVec time  =       0.000000,  0.000000
 Cholesky bMat   =       0.000000,  0.000000
 Ste Pre time    =       0.000000,  0.000000
 Ste Cor time    =       0.007991,  37.295809
 solve           =       0.000000,  0.000000
 sumDz           =       0.000000,  0.000000
 makedX          =       0.000000,  0.000000
 symmetriseDx    =       0.007470,  34.864184
 makedXdZ        =       0.007470,  34.864184
 xMatTime        =       0.000977,  4.559881
 zMatTime        =       0.000998,  4.657892
 invzMatTime     =       0.000000,  0.000000
 xMatzMatTime    =       0.000000,  0.000000
 EigxMatTime     =       0.003001,  14.006347
 EigzMatTime     =       0.004990,  23.289461
 EigxMatzMatTime =       0.000000,  0.000000
 updateRes       =       0.000998,  4.657892
 EigTime         =       0.007991,  37.295809
 sub_total_bMat  =       0.018434,  86.035658
 Main Loop       =       0.021426,  100.000000
 File Check      =       0.000000,  0.000000
 File Change     =       0.000000,  0.000000
 File Read       =       0.000000,  0.000000
 Total           =       0.021426,  100.000000

xVec = 
{-3.008e-002,+4.733e-002}
xMat = 
{
{ {+4.234e+000,+3.693e-001,+4.849e-001,+1.832e-001,+2.050e+000,-1.051e+000,-2.082e+000,+8.173e-001,-6.704e-003,+3.183e-001 },
  {+3.693e-001,+3.999e+000,+6.686e-002,-1.287e+000,-4.484e-002,+1.209e+000,-5.520e-001,+7.250e-001,-1.159e+000,+1.842e+000 },
  {+4.849e-001,+6.686e-002,+4.486e+000,+2.215e-001,-8.453e-001,+2.234e+000,+7.757e-001,-2.817e+000,+1.748e-001,-9.060e-001 },
  {+1.832e-001,-1.287e+000,+2.215e-001,+7.335e+000,+1.022e+000,+1.094e-001,-1.296e+000,-2.264e+000,-8.277e-001,+3.685e-002 },
  {+2.050e+000,-4.484e-002,-8.453e-001,+1.022e+000,+6.958e+000,+7.571e-001,+7.550e-001,+3.094e+000,-1.629e+000,-9.589e-001 },
  {-1.051e+000,+1.209e+000,+2.234e+000,+1.094e-001,+7.571e-001,+4.016e+000,+2.232e+000,+4.906e-001,-1.560e+000,-1.732e-001 },
  {-2.082e+000,-5.520e-001,+7.757e-001,-1.296e+000,+7.550e-001,+2.232e+000,+5.991e+000,+2.110e-001,-9.422e-002,+6.172e-001 },
  {+8.173e-001,+7.250e-001,-2.817e+000,-2.264e+000,+3.094e+000,+4.906e-001,+2.110e-001,+5.969e+000,+4.903e-001,-7.077e-003 },
  {-6.704e-003,-1.159e+000,+1.748e-001,-8.277e-001,-1.629e+000,-1.560e+000,-9.422e-002,+4.903e-001,+5.907e+000,+7.521e-001 },
  {+3.183e-001,+1.842e+000,-9.060e-001,+3.685e-002,-9.589e-001,-1.732e-001,+6.172e-001,-7.077e-003,+7.521e-001,+5.483e+000 }   }
}
yMat = 
{
{ {+9.079e-002,-2.217e-002,-2.064e-001,-4.947e-002,+1.750e-002,+1.998e-001,-2.149e-002,-1.564e-001,+6.890e-002,-2.945e-002 },
  {-2.217e-002,+5.412e-003,+5.039e-002,+1.208e-002,-4.272e-003,-4.879e-002,+5.247e-003,+3.818e-002,-1.682e-002,+7.191e-003 },
  {-2.064e-001,+5.039e-002,+4.693e-001,+1.125e-001,-3.978e-002,-4.543e-001,+4.886e-002,+3.555e-001,-1.566e-001,+6.696e-002 },
  {-4.947e-002,+1.208e-002,+1.125e-001,+2.695e-002,-9.534e-003,-1.089e-001,+1.171e-002,+8.520e-002,-3.754e-002,+1.605e-002 },
  {+1.750e-002,-4.272e-003,-3.978e-002,-9.534e-003,+3.372e-003,+3.851e-002,-4.141e-003,-3.013e-002,+1.328e-002,-5.676e-003 },
  {+1.998e-001,-4.879e-002,-4.543e-001,-1.089e-001,+3.851e-002,+4.399e-001,-4.730e-002,-3.442e-001,+1.517e-001,-6.483e-002 },
  {-2.149e-002,+5.247e-003,+4.886e-002,+1.171e-002,-4.141e-003,-4.730e-002,+5.086e-003,+3.701e-002,-1.631e-002,+6.972e-003 },
  {-1.564e-001,+3.818e-002,+3.555e-001,+8.520e-002,-3.013e-002,-3.442e-001,+3.701e-002,+2.693e-001,-1.187e-001,+5.073e-002 },
  {+6.890e-002,-1.682e-002,-1.566e-001,-3.754e-002,+1.328e-002,+1.517e-001,-1.631e-002,-1.187e-001,+5.229e-002,-2.235e-002 },
  {-2.945e-002,+7.191e-003,+6.696e-002,+1.605e-002,-5.676e-003,-6.483e-002,+6.972e-003,+5.073e-002,-2.235e-002,+9.555e-003 }   }
}
    main loop time = 0.021426
        total time = 0.021426
  file  check time = 0.000000
  file change time = 0.000000
  file   read time = 0.000000
SDPA end at [Thu Jul 15 21:27:25 2021]
ALL TIME = 0.023420
