SDPA start at [Thu Jul 15 21:27:25 2021]
param  is ./param.sdpa 
data   is G:\Research\PhysarumSDPSolver\SDPA\testSet\testset2\negative-definite-dense-1014.dat-s  : sparse
"Dense tests with negative definite C matrices that have dimension of 10 and 1-5 constraints"
out    is G:\Research\PhysarumSDPSolver\SDPA\testSet\testset2\negative-definite-dense-1014.dat-s.res
NumThreads  is set as 1
Schur computation : DENSE 
   mu      thetaP  thetaD  objP      objD      alphaP  alphaD  beta 
 0 1.0e+004 1.0e+000 1.0e+000 -0.00e+000 -5.30e+003 9.1e-001 1.0e+000 2.00e-001
 1 1.8e+003 9.2e-002 6.6e-016 -6.11e-002 -6.63e+003 9.9e-001 1.6e+000 2.00e-001
 2 2.8e+002 1.0e-003 3.3e-015 -6.14e-002 -2.72e+003 1.0e+000 1.0e+000 2.00e-001
 3 4.6e+001 9.2e-018 1.4e-015 -6.39e-002 -4.60e+002 9.0e+001 9.9e-001 1.00e-001
 4 5.2e+000 9.2e-018 7.2e-017 -2.33e-001 -5.22e+001 9.9e-001 9.9e-001 1.00e-001
 5 5.7e-001 9.2e-018 4.6e-017 -2.27e-001 -5.95e+000 2.2e+000 9.3e-001 1.00e-001
 6 8.4e-002 9.2e-018 2.6e-018 -3.67e-001 -1.21e+000 1.9e+000 9.8e-001 1.00e-001
 7 9.1e-003 1.8e-017 6.4e-019 -3.81e-001 -4.72e-001 2.1e+000 9.7e-001 1.00e-001
 8 1.1e-003 1.8e-017 6.4e-019 -3.83e-001 -3.93e-001 2.6e+000 9.8e-001 1.00e-001
 9 1.2e-004 1.8e-017 1.3e-018 -3.83e-001 -3.84e-001 2.9e+000 9.9e-001 1.00e-001
10 1.2e-005 1.8e-017 5.1e-018 -3.83e-001 -3.83e-001 2.8e+000 9.9e-001 1.00e-001
11 1.2e-006 1.8e-017 3.8e-018 -3.83e-001 -3.83e-001 2.9e+000 9.9e-001 1.00e-001
12 1.2e-007 1.8e-017 1.8e-018 -3.83e-001 -3.83e-001 2.9e+000 9.9e-001 1.00e-001
13 1.2e-008 1.8e-017 1.0e-017 -3.83e-001 -3.83e-001 9.0e-001 9.0e-001 1.00e-001

phase.value  = pdFEAS    
   Iteration = 13
          mu = +1.1733902142638253e-008
relative gap = +1.1733902183230782e-007
        gap  = +1.1733902183230782e-007
     digits  = +6.5138021496121095e+000
objValPrimal = -3.8304036855656648e-001
objValDual   = -3.8304048589558831e-001
p.feas.error = +1.7763568394002505e-015
d.feas.error = +7.1054273576010019e-015
total time   = 0.023215
** Paramters **
maxIteration = 100
epsilonStar  = +9.9999999999999995e-008
lambdaStar   = +1.0000000000000000e+002
omegaStar    = +2.0000000000000000e+000
lowerBound   = -1.0000000000000000e+005
upperBound   = +1.0000000000000000e+005
betaStar     = +1.0000000000000001e-001
betaBar      = +2.0000000000000001e-001
gammaStar    = +9.0000000000000002e-001
epsilonDash  = +9.9999999999999995e-008
xPrint       = %+8.3e 
XPrint       = %+8.3e 
YPrint       = %+8.3e 
infPrint     = %+10.16e 

                         Time(sec)  Ratio(% : MainLoop) 
 Predictor time  =       0.009173,  41.258490
 Corrector time  =       0.004090,  18.396078
 Make bMat time  =       0.002994,  13.466469
 Make bDia time  =       0.000000,  0.000000
 Make bF1  time  =       0.000000,  0.000000
 Make bF2  time  =       0.000000,  0.000000
 Make bF3  time  =       0.000000,  0.000000
 Make bPRE time  =       0.000000,  0.000000
 Make rMat time  =       0.001984,  8.923672
 Make gVec Mul   =       0.000000,  0.000000
 Make gVec time  =       0.002198,  9.886205
 Cholesky bMat   =       0.000000,  0.000000
 Ste Pre time    =       0.000000,  0.000000
 Ste Cor time    =       0.006976,  31.376782
 solve           =       0.000000,  0.000000
 sumDz           =       0.000000,  0.000000
 makedX          =       0.000000,  0.000000
 symmetriseDx    =       0.006087,  27.378222
 makedXdZ        =       0.006087,  27.378222
 xMatTime        =       0.000997,  4.484325
 zMatTime        =       0.000997,  4.484325
 invzMatTime     =       0.000000,  0.000000
 xMatzMatTime    =       0.000000,  0.000000
 EigxMatTime     =       0.003987,  17.932803
 EigzMatTime     =       0.002989,  13.443980
 EigxMatzMatTime =       0.000000,  0.000000
 updateRes       =       0.000000,  0.000000
 EigTime         =       0.006976,  31.376782
 sub_total_bMat  =       0.019239,  86.533531
 Main Loop       =       0.022233,  100.000000
 File Check      =       0.000000,  0.000000
 File Change     =       0.000000,  0.000000
 File Read       =       0.000982,  4.416858
 Total           =       0.023215,  104.416858

xVec = 
{+4.547e-002,+5.472e-002}
xMat = 
{
{ {+7.032e+000,-5.522e-001,+7.302e-003,+1.479e+000,+2.292e+000,+7.964e-001,-3.776e-001,+6.154e-001,+1.231e-001,-3.121e-001 },
  {-5.522e-001,+4.791e+000,+4.385e-001,-2.324e+000,+1.416e+000,-1.470e+000,+1.285e+000,+1.254e+000,-1.021e+000,-2.367e-001 },
  {+7.302e-003,+4.385e-001,+3.180e+000,-2.946e+000,-1.522e+000,+8.909e-001,-8.486e-001,+5.676e-001,-3.023e-001,-7.018e-001 },
  {+1.479e+000,-2.324e+000,-2.946e+000,+6.635e+000,-4.792e-001,-5.626e-001,-1.960e-001,+1.738e+000,-1.845e+000,+9.307e-001 },
  {+2.292e+000,+1.416e+000,-1.522e+000,-4.792e-001,+7.785e+000,+2.890e-001,-1.346e+000,-9.126e-001,+1.316e+000,-3.191e-001 },
  {+7.964e-001,-1.470e+000,+8.909e-001,-5.626e-001,+2.890e-001,+5.071e+000,-1.703e+000,+4.918e-002,-4.186e-001,+8.001e-001 },
  {-3.776e-001,+1.285e+000,-8.486e-001,-1.960e-001,-1.346e+000,-1.703e+000,+4.763e+000,+1.362e-002,-5.870e-001,-6.004e-001 },
  {+6.154e-001,+1.254e+000,+5.676e-001,+1.738e+000,-9.126e-001,+4.918e-002,+1.362e-002,+5.418e+000,-1.080e+000,-9.476e-001 },
  {+1.231e-001,-1.021e+000,-3.023e-001,-1.845e+000,+1.316e+000,-4.186e-001,-5.870e-001,-1.080e+000,+4.367e+000,-5.511e-001 },
  {-3.121e-001,-2.367e-001,-7.018e-001,+9.307e-001,-3.191e-001,+8.001e-001,-6.004e-001,-9.476e-001,-5.511e-001,+3.575e+000 }   }
}
yMat = 
{
{ {+1.768e-003,-6.012e-003,-9.379e-003,-9.772e-003,-6.531e-004,-2.742e-003,-2.026e-003,+4.330e-003,-5.376e-003,+9.931e-004 },
  {-6.012e-003,+2.045e-002,+3.190e-002,+3.324e-002,+2.222e-003,+9.328e-003,+6.893e-003,-1.473e-002,+1.829e-002,-3.378e-003 },
  {-9.379e-003,+3.190e-002,+4.977e-002,+5.186e-002,+3.466e-003,+1.455e-002,+1.075e-002,-2.297e-002,+2.853e-002,-5.270e-003 },
  {-9.772e-003,+3.324e-002,+5.186e-002,+5.403e-002,+3.611e-003,+1.516e-002,+1.120e-002,-2.394e-002,+2.972e-002,-5.491e-003 },
  {-6.531e-004,+2.222e-003,+3.466e-003,+3.611e-003,+2.413e-004,+1.013e-003,+7.488e-004,-1.600e-003,+1.987e-003,-3.670e-004 },
  {-2.742e-003,+9.328e-003,+1.455e-002,+1.516e-002,+1.013e-003,+4.255e-003,+3.144e-003,-6.717e-003,+8.342e-003,-1.541e-003 },
  {-2.026e-003,+6.893e-003,+1.075e-002,+1.120e-002,+7.488e-004,+3.144e-003,+2.323e-003,-4.964e-003,+6.164e-003,-1.139e-003 },
  {+4.330e-003,-1.473e-002,-2.297e-002,-2.394e-002,-1.600e-003,-6.717e-003,-4.964e-003,+1.061e-002,-1.317e-002,+2.433e-003 },
  {-5.376e-003,+1.829e-002,+2.853e-002,+2.972e-002,+1.987e-003,+8.342e-003,+6.164e-003,-1.317e-002,+1.635e-002,-3.021e-003 },
  {+9.931e-004,-3.378e-003,-5.270e-003,-5.491e-003,-3.670e-004,-1.541e-003,-1.139e-003,+2.433e-003,-3.021e-003,+5.580e-004 }   }
}
    main loop time = 0.022233
        total time = 0.023215
  file  check time = 0.000000
  file change time = 0.000000
  file   read time = 0.000982
SDPA end at [Thu Jul 15 21:27:25 2021]
ALL TIME = 0.023215
