SDPA start at [Thu Jul 15 21:27:32 2021]
param  is ./param.sdpa 
data   is G:\Research\PhysarumSDPSolver\SDPA\testSet\vertexcover2\vertexcover2011.dat-s  : sparse
"Vertexcover tests with graphs with 20 vertices and 1-190 edges"
out    is G:\Research\PhysarumSDPSolver\SDPA\testSet\vertexcover2\vertexcover2011.dat-s.res
NumThreads  is set as 1
Schur computation : DENSE 
   mu      thetaP  thetaD  objP      objD      alphaP  alphaD  beta 
 0 1.0e+004 1.0e+000 1.0e+000 -0.00e+000 -2.10e+003 1.0e+000 8.4e-001 2.00e-001
 1 2.2e+003 0.0e+000 1.6e-001 +1.35e+003 -3.74e+002 8.4e-001 8.4e-001 2.00e-001
 2 5.3e+002 1.1e-016 2.6e-002 +1.67e+003 -7.02e+001 1.5e+000 7.3e-001 2.00e-001
 3 2.1e+002 3.6e-016 6.9e-003 +1.27e+003 -2.81e+001 8.9e-001 6.3e-001 2.00e-001
 4 9.5e+001 2.9e-016 2.5e-003 +8.35e+002 -1.96e+001 6.9e-001 6.3e-001 2.00e-001
 5 4.4e+001 4.3e-016 9.5e-004 +4.98e+002 -1.70e+001 7.4e-001 8.2e-001 2.00e-001
 6 1.6e+001 2.9e-016 1.7e-004 +2.59e+002 -1.60e+001 1.0e+000 1.0e+000 2.00e-001
 7 3.5e+000 4.3e-016 1.3e-015 +5.71e+001 -1.59e+001 8.9e-001 3.4e+000 1.00e-001
 8 6.5e-001 4.0e-016 3.1e-015 -1.41e+000 -1.51e+001 7.4e-001 1.0e+000 1.00e-001
 9 2.1e-001 4.1e-016 1.3e-015 -1.01e+001 -1.45e+001 6.9e-001 7.5e-001 1.00e-001
10 7.7e-002 4.1e-016 1.1e-015 -1.21e+001 -1.37e+001 9.3e-001 7.6e-001 1.00e-001
11 1.9e-002 4.1e-016 7.6e-016 -1.28e+001 -1.32e+001 9.5e-001 9.4e-001 1.00e-001
12 2.7e-003 4.1e-016 1.6e-016 -1.30e+001 -1.30e+001 9.5e-001 9.7e-001 1.00e-001
13 3.9e-004 4.1e-016 3.6e-016 -1.30e+001 -1.30e+001 9.6e-001 9.9e-001 1.00e-001
14 4.7e-005 4.1e-016 3.8e-016 -1.30e+001 -1.30e+001 9.8e-001 1.0e+000 1.00e-001
15 5.1e-006 4.1e-016 3.6e-015 -1.30e+001 -1.30e+001 9.8e-001 1.0e+000 1.00e-001
16 5.2e-007 4.1e-016 3.6e-014 -1.30e+001 -1.30e+001 9.9e-001 1.0e+000 1.00e-001
17 5.2e-008 4.1e-016 2.8e-013 -1.30e+001 -1.30e+001 9.9e-001 1.0e+000 1.00e-001

phase.value  = pdOPT     
   Iteration = 17
          mu = +5.1854406303233771e-008
relative gap = +8.3781068640592260e-008
        gap  = +1.0891538781976351e-006
     digits  = +7.0768541044456459e+000
objValPrimal = -1.2999999286768441e+001
objValDual   = -1.3000000375922319e+001
p.feas.error = +4.0634162701280729e-014
d.feas.error = +5.6019189287326299e-011
total time   = 0.079841
** Paramters **
maxIteration = 100
epsilonStar  = +9.9999999999999995e-008
lambdaStar   = +1.0000000000000000e+002
omegaStar    = +2.0000000000000000e+000
lowerBound   = -1.0000000000000000e+005
upperBound   = +1.0000000000000000e+005
betaStar     = +1.0000000000000001e-001
betaBar      = +2.0000000000000001e-001
gammaStar    = +9.0000000000000002e-001
epsilonDash  = +9.9999999999999995e-008
xPrint       = %+8.3e 
XPrint       = %+8.3e 
YPrint       = %+8.3e 
infPrint     = %+10.16e 

                         Time(sec)  Ratio(% : MainLoop) 
 Predictor time  =       0.026739,  33.905204
 Corrector time  =       0.010955,  13.891002
 Make bMat time  =       0.001994,  2.528403
 Make bDia time  =       0.000000,  0.000000
 Make bF1  time  =       0.000000,  0.000000
 Make bF2  time  =       0.000000,  0.000000
 Make bF3  time  =       0.000000,  0.000000
 Make bPRE time  =       0.000000,  0.000000
 Make rMat time  =       0.000216,  0.273889
 Make gVec Mul   =       0.000000,  0.000000
 Make gVec time  =       0.002447,  3.102810
 Cholesky bMat   =       0.010731,  13.606969
 Ste Pre time    =       0.000000,  0.000000
 Ste Cor time    =       0.035185,  44.614780
 solve           =       0.000997,  1.264202
 sumDz           =       0.000996,  1.262934
 makedX          =       0.003975,  5.040323
 symmetriseDx    =       0.015343,  19.455011
 makedXdZ        =       0.021309,  27.019933
 xMatTime        =       0.001994,  2.528403
 zMatTime        =       0.002994,  3.796409
 invzMatTime     =       0.000000,  0.000000
 xMatzMatTime    =       0.000000,  0.000000
 EigxMatTime     =       0.016957,  21.501572
 EigzMatTime     =       0.018228,  23.113208
 EigxMatzMatTime =       0.000000,  0.000000
 updateRes       =       0.000997,  1.264202
 EigTime         =       0.035185,  44.614780
 sub_total_bMat  =       0.076870,  97.471597
 Main Loop       =       0.078864,  100.000000
 File Check      =       0.000000,  0.000000
 File Change     =       0.000000,  0.000000
 File Read       =       0.000977,  1.238842
 Total           =       0.079841,  101.238842

xVec = 
{+2.284e+001,+2.621e-007,-1.291e-007,-2.142e-007,-2.588e-008,-7.116e-009,+5.250e-007,+6.123e-007,+2.111e-006,+1.120e-007,+2.041e-007,+9.601e-001,-1.695e-007,-5.570e-007,+1.059e-007,-1.430e-007,+2.594e-007,-1.830e-008,-2.014e-007,+1.468e-007,-1.269e-007,-2.504e-007,-1.000e+000,-1.000e+000,-1.000e+000,-7.115e-007,-1.000e+000,-9.878e-001,-4.361e-007,-1.000e+000,-1.069e-006,-3.346e-007,-1.000e+000,-1.996e-009,-3.547e-007,-1.000e+000,-8.972e-007,-1.000e+000,-3.917e-007,-3.369e-007,-1.000e+000,-2.064e-007,-2.118e-007,-4.763e-007,+2.848e-007,-7.711e-007,-1.000e+000,-9.724e-001,-1.000e+000,-9.878e-001,-5.605e-007,-9.724e-001,+1.749e-007,-1.422e-007,-1.000e+000,-2.049e-007,-1.602e-008,-5.559e-007,-1.000e+000,-1.000e+000}
xMat = 
{
{ {+2.384e+001,-2.000e+000,-1.000e+000,-1.988e+000,-2.000e+000,-2.000e+000,-2.000e+000,-1.000e+000,-2.000e+000,-1.972e+000,-1.988e+000,-4.880e+000,-1.000e+000,-1.972e+000,-1.000e+000,-1.000e+000,-1.000e+000,-2.000e+000,-2.000e+000,-2.000e+000,-2.000e+000 },
  {-2.000e+000,+1.000e+000,+0.000e+000,+2.504e-007,+0.000e+000,+0.000e+000,+0.000e+000,+0.000e+000,+0.000e+000,+0.000e+000,+0.000e+000,+0.000e+000,+0.000e+000,+0.000e+000,+0.000e+000,+0.000e+000,+0.000e+000,+0.000e+000,+0.000e+000,+1.000e+000,+1.000e+000 },
  {-1.000e+000,+0.000e+000,+1.000e+000,+0.000e+000,+0.000e+000,+0.000e+000,+0.000e+000,+1.000e+000,+7.115e-007,+0.000e+000,+0.000e+000,+0.000e+000,+0.000e+000,+0.000e+000,+0.000e+000,+0.000e+000,+0.000e+000,+0.000e+000,+0.000e+000,+0.000e+000,+0.000e+000 },
  {-1.988e+000,+2.504e-007,+0.000e+000,+1.000e+000,+0.000e+000,+0.000e+000,+0.000e+000,+0.000e+000,+0.000e+000,+0.000e+000,+1.000e+000,+9.878e-001,+0.000e+000,+0.000e+000,+0.000e+000,+0.000e+000,+4.361e-007,+0.000e+000,+0.000e+000,+0.000e+000,+0.000e+000 },
  {-2.000e+000,+0.000e+000,+0.000e+000,+0.000e+000,+1.000e+000,+0.000e+000,+1.000e+000,+0.000e+000,+1.069e-006,+0.000e+000,+0.000e+000,+0.000e+000,+0.000e+000,+0.000e+000,+0.000e+000,+3.346e-007,+0.000e+000,+1.000e+000,+0.000e+000,+1.996e-009,+0.000e+000 },
  {-2.000e+000,+0.000e+000,+0.000e+000,+0.000e+000,+0.000e+000,+1.000e+000,+3.547e-007,+0.000e+000,+1.000e+000,+0.000e+000,+0.000e+000,+8.972e-007,+0.000e+000,+0.000e+000,+0.000e+000,+0.000e+000,+0.000e+000,+0.000e+000,+1.000e+000,+3.917e-007,+0.000e+000 },
  {-2.000e+000,+0.000e+000,+0.000e+000,+0.000e+000,+1.000e+000,+3.547e-007,+1.000e+000,+0.000e+000,+0.000e+000,+0.000e+000,+0.000e+000,+0.000e+000,+0.000e+000,+0.000e+000,+0.000e+000,+0.000e+000,+3.369e-007,+1.000e+000,+0.000e+000,+0.000e+000,+2.064e-007 },
  {-1.000e+000,+0.000e+000,+1.000e+000,+0.000e+000,+0.000e+000,+0.000e+000,+0.000e+000,+1.000e+000,+0.000e+000,+0.000e+000,+0.000e+000,+0.000e+000,+0.000e+000,+2.118e-007,+0.000e+000,+4.763e-007,+0.000e+000,+0.000e+000,+0.000e+000,+0.000e+000,+0.000e+000 },
  {-2.000e+000,+0.000e+000,+7.115e-007,+0.000e+000,+1.069e-006,+1.000e+000,+0.000e+000,+0.000e+000,+1.000e+000,+0.000e+000,+0.000e+000,-2.848e-007,+0.000e+000,+0.000e+000,+0.000e+000,+0.000e+000,+0.000e+000,+7.711e-007,+1.000e+000,+0.000e+000,+0.000e+000 },
  {-1.972e+000,+0.000e+000,+0.000e+000,+0.000e+000,+0.000e+000,+0.000e+000,+0.000e+000,+0.000e+000,+0.000e+000,+1.000e+000,+0.000e+000,+9.724e-001,+0.000e+000,+1.000e+000,+0.000e+000,+0.000e+000,+0.000e+000,+0.000e+000,+0.000e+000,+0.000e+000,+0.000e+000 },
  {-1.988e+000,+0.000e+000,+0.000e+000,+1.000e+000,+0.000e+000,+0.000e+000,+0.000e+000,+0.000e+000,+0.000e+000,+0.000e+000,+1.000e+000,+9.878e-001,+5.605e-007,+0.000e+000,+0.000e+000,+0.000e+000,+0.000e+000,+0.000e+000,+0.000e+000,+0.000e+000,+0.000e+000 },
  {-4.880e+000,+0.000e+000,+0.000e+000,+9.878e-001,+0.000e+000,+8.972e-007,+0.000e+000,+0.000e+000,-2.848e-007,+9.724e-001,+9.878e-001,+2.920e+000,+0.000e+000,+9.724e-001,+0.000e+000,+0.000e+000,-1.749e-007,+1.422e-007,+0.000e+000,+0.000e+000,+0.000e+000 },
  {-1.000e+000,+0.000e+000,+0.000e+000,+0.000e+000,+0.000e+000,+0.000e+000,+0.000e+000,+0.000e+000,+0.000e+000,+0.000e+000,+5.605e-007,+0.000e+000,+1.000e+000,+0.000e+000,+1.000e+000,+0.000e+000,+0.000e+000,+0.000e+000,+0.000e+000,+0.000e+000,+0.000e+000 },
  {-1.972e+000,+0.000e+000,+0.000e+000,+0.000e+000,+0.000e+000,+0.000e+000,+0.000e+000,+2.118e-007,+0.000e+000,+1.000e+000,+0.000e+000,+9.724e-001,+0.000e+000,+1.000e+000,+0.000e+000,+0.000e+000,+0.000e+000,+0.000e+000,+2.049e-007,+1.602e-008,+0.000e+000 },
  {-1.000e+000,+0.000e+000,+0.000e+000,+0.000e+000,+0.000e+000,+0.000e+000,+0.000e+000,+0.000e+000,+0.000e+000,+0.000e+000,+0.000e+000,+0.000e+000,+1.000e+000,+0.000e+000,+1.000e+000,+0.000e+000,+0.000e+000,+0.000e+000,+5.559e-007,+0.000e+000,+0.000e+000 },
  {-1.000e+000,+0.000e+000,+0.000e+000,+0.000e+000,+3.346e-007,+0.000e+000,+0.000e+000,+4.763e-007,+0.000e+000,+0.000e+000,+0.000e+000,+0.000e+000,+0.000e+000,+0.000e+000,+0.000e+000,+1.000e+000,+1.000e+000,+0.000e+000,+0.000e+000,+0.000e+000,+0.000e+000 },
  {-1.000e+000,+0.000e+000,+0.000e+000,+4.361e-007,+0.000e+000,+0.000e+000,+3.369e-007,+0.000e+000,+0.000e+000,+0.000e+000,+0.000e+000,-1.749e-007,+0.000e+000,+0.000e+000,+0.000e+000,+1.000e+000,+1.000e+000,+0.000e+000,+0.000e+000,+0.000e+000,+0.000e+000 },
  {-2.000e+000,+0.000e+000,+0.000e+000,+0.000e+000,+1.000e+000,+0.000e+000,+1.000e+000,+0.000e+000,+7.711e-007,+0.000e+000,+0.000e+000,+1.422e-007,+0.000e+000,+0.000e+000,+0.000e+000,+0.000e+000,+0.000e+000,+1.000e+000,+0.000e+000,+0.000e+000,+0.000e+000 },
  {-2.000e+000,+0.000e+000,+0.000e+000,+0.000e+000,+0.000e+000,+1.000e+000,+0.000e+000,+0.000e+000,+1.000e+000,+0.000e+000,+0.000e+000,+0.000e+000,+0.000e+000,+2.049e-007,+5.559e-007,+0.000e+000,+0.000e+000,+0.000e+000,+1.000e+000,+0.000e+000,+0.000e+000 },
  {-2.000e+000,+1.000e+000,+0.000e+000,+0.000e+000,+1.996e-009,+3.917e-007,+0.000e+000,+0.000e+000,+0.000e+000,+0.000e+000,+0.000e+000,+0.000e+000,+0.000e+000,+1.602e-008,+0.000e+000,+0.000e+000,+0.000e+000,+0.000e+000,+0.000e+000,+1.000e+000,+1.000e+000 },
  {-2.000e+000,+1.000e+000,+0.000e+000,+0.000e+000,+0.000e+000,+0.000e+000,+2.064e-007,+0.000e+000,+0.000e+000,+0.000e+000,+0.000e+000,+0.000e+000,+0.000e+000,+0.000e+000,+0.000e+000,+0.000e+000,+0.000e+000,+0.000e+000,+0.000e+000,+1.000e+000,+1.000e+000 }   }
}
yMat = 
{
{ {+1.000e+000,+7.087e-001,+2.104e-001,+5.604e-001,+8.108e-001,+3.016e-001,+8.306e-001,+7.896e-001,+9.360e-001,+2.683e-001,+4.396e-001,+1.000e+000,+6.616e-001,+7.317e-001,+3.384e-001,+4.171e-001,+5.829e-001,+3.586e-001,+7.624e-001,+8.191e-001,+4.723e-001 },
  {+7.087e-001,+7.087e-001,+9.387e-002,+2.690e-001,+6.109e-001,+2.622e-001,+5.962e-001,+6.148e-001,+6.861e-001,+1.816e-001,+4.396e-001,+7.087e-001,+3.698e-001,+5.271e-001,+3.389e-001,+2.102e-001,+4.985e-001,+2.102e-001,+4.690e-001,+5.277e-001,+1.809e-001 },
  {+2.104e-001,+9.387e-002,+2.104e-001,+2.121e-001,+1.263e-001,+6.512e-002,+1.627e-001,+4.175e-008,+1.464e-001,-1.455e-007,-1.736e-003,+2.104e-001,+2.100e-001,+2.104e-001,+3.827e-004,+2.104e-001,+1.092e-007,+1.317e-001,+2.093e-001,+1.770e-001,+1.500e-001 },
  {+5.604e-001,+2.690e-001,+2.121e-001,+5.604e-001,+3.760e-001,+4.978e-002,+5.203e-001,+3.482e-001,+5.080e-001,+1.715e-001,+8.352e-008,+5.604e-001,+5.604e-001,+3.889e-001,+1.278e-007,+4.171e-001,+1.433e-001,+2.245e-001,+5.630e-001,+5.440e-001,+3.077e-001 },
  {+8.108e-001,+6.109e-001,+1.263e-001,+3.760e-001,+8.108e-001,+2.936e-001,+6.414e-001,+6.845e-001,+7.468e-001,+2.210e-001,+4.349e-001,+8.108e-001,+4.790e-001,+5.898e-001,+3.318e-001,+2.279e-001,+5.829e-001,+1.694e-001,+5.812e-001,+6.299e-001,+3.809e-001 },
  {+3.016e-001,+2.622e-001,+6.512e-002,+4.978e-002,+2.936e-001,+3.016e-001,+1.322e-001,+2.365e-001,+2.376e-001,-1.548e-003,+2.518e-001,+3.016e-001,+5.830e-002,+3.032e-001,+2.433e-001,+2.628e-002,+2.753e-001,+1.774e-001,+6.404e-002,+1.207e-001,+2.204e-001 },
  {+8.306e-001,+5.962e-001,+1.627e-001,+5.203e-001,+6.414e-001,+1.322e-001,+8.306e-001,+6.678e-001,+8.306e-001,+2.618e-001,+3.102e-001,+8.306e-001,+6.090e-001,+5.688e-001,+2.216e-001,+4.171e-001,+4.135e-001,+1.892e-001,+6.984e-001,+7.621e-001,+3.029e-001 },
  {+7.896e-001,+6.148e-001,+4.175e-008,+3.482e-001,+6.845e-001,+2.365e-001,+6.678e-001,+7.896e-001,+7.896e-001,+2.683e-001,+4.414e-001,+7.896e-001,+4.516e-001,+5.213e-001,+3.380e-001,+2.067e-001,+5.829e-001,+2.269e-001,+5.531e-001,+6.421e-001,+3.223e-001 },
  {+9.360e-001,+6.861e-001,+1.464e-001,+5.080e-001,+7.468e-001,+2.376e-001,+8.306e-001,+7.896e-001,+9.360e-001,+2.699e-001,+4.280e-001,+9.360e-001,+6.033e-001,+6.661e-001,+3.327e-001,+3.817e-001,+5.543e-001,+2.946e-001,+6.984e-001,+7.946e-001,+3.913e-001 },
  {+2.683e-001,+1.816e-001,-1.455e-007,+1.715e-001,+2.210e-001,-1.548e-003,+2.618e-001,+2.683e-001,+2.699e-001,+2.683e-001,+9.685e-002,+2.683e-001,+2.199e-001,+8.356e-008,+4.841e-002,+1.064e-001,+1.619e-001,+5.388e-002,+2.683e-001,+2.683e-001,+8.674e-002 },
  {+4.396e-001,+4.396e-001,-1.736e-003,+8.352e-008,+4.349e-001,+2.518e-001,+3.102e-001,+4.414e-001,+4.280e-001,+9.685e-002,+4.396e-001,+4.396e-001,+1.012e-001,+3.428e-001,+3.384e-001,+2.584e-007,+4.396e-001,+1.341e-001,+1.994e-001,+2.750e-001,+1.646e-001 },
  {+1.000e+000,+7.087e-001,+2.104e-001,+5.604e-001,+8.108e-001,+3.016e-001,+8.306e-001,+7.896e-001,+9.360e-001,+2.683e-001,+4.396e-001,+1.000e+000,+6.616e-001,+7.317e-001,+3.384e-001,+4.171e-001,+5.829e-001,+3.586e-001,+7.624e-001,+8.191e-001,+4.723e-001 },
  {+6.616e-001,+3.698e-001,+2.100e-001,+5.604e-001,+4.790e-001,+5.830e-002,+6.090e-001,+4.516e-001,+6.033e-001,+2.199e-001,+1.012e-001,+6.616e-001,+6.616e-001,+4.417e-001,+4.174e-008,+4.206e-001,+2.410e-001,+2.352e-001,+6.616e-001,+6.329e-001,+3.205e-001 },
  {+7.317e-001,+5.271e-001,+2.104e-001,+3.889e-001,+5.898e-001,+3.032e-001,+5.688e-001,+5.213e-001,+6.661e-001,+8.356e-008,+3.428e-001,+7.317e-001,+4.417e-001,+7.317e-001,+2.900e-001,+3.107e-001,+4.210e-001,+3.047e-001,+4.941e-001,+5.507e-001,+3.855e-001 },
  {+3.384e-001,+3.389e-001,+3.827e-004,+1.278e-007,+3.318e-001,+2.433e-001,+2.216e-001,+3.380e-001,+3.327e-001,+4.841e-002,+3.384e-001,+3.384e-001,+4.174e-008,+2.900e-001,+3.384e-001,-3.480e-003,+3.419e-001,+1.234e-001,+1.008e-001,+1.861e-001,+1.518e-001 },
  {+4.171e-001,+2.102e-001,+2.104e-001,+4.171e-001,+2.279e-001,+2.628e-002,+4.171e-001,+2.067e-001,+3.817e-001,+1.064e-001,+2.584e-007,+4.171e-001,+4.206e-001,+3.107e-001,-3.480e-003,+4.171e-001,+4.176e-008,+1.892e-001,+4.262e-001,+4.144e-001,+2.097e-001 },
  {+5.829e-001,+4.985e-001,+1.092e-007,+1.433e-001,+5.829e-001,+2.753e-001,+4.135e-001,+5.829e-001,+5.543e-001,+1.619e-001,+4.396e-001,+5.829e-001,+2.410e-001,+4.210e-001,+3.419e-001,+4.176e-008,+5.829e-001,+1.694e-001,+3.362e-001,+4.047e-001,+2.626e-001 },
  {+3.586e-001,+2.102e-001,+1.317e-001,+2.245e-001,+1.694e-001,+1.774e-001,+1.892e-001,+2.269e-001,+2.946e-001,+5.388e-002,+1.341e-001,+3.586e-001,+2.352e-001,+3.047e-001,+1.234e-001,+1.892e-001,+1.694e-001,+3.586e-001,+2.452e-001,+2.462e-001,+2.608e-001 },
  {+7.624e-001,+4.690e-001,+2.093e-001,+5.630e-001,+5.812e-001,+6.404e-002,+6.984e-001,+5.531e-001,+6.984e-001,+2.683e-001,+1.994e-001,+7.624e-001,+6.616e-001,+4.941e-001,+1.008e-001,+4.262e-001,+3.362e-001,+2.452e-001,+7.624e-001,+7.229e-001,+3.330e-001 },
  {+8.191e-001,+5.277e-001,+1.770e-001,+5.440e-001,+6.299e-001,+1.207e-001,+7.621e-001,+6.421e-001,+7.946e-001,+2.683e-001,+2.750e-001,+8.191e-001,+6.329e-001,+5.507e-001,+1.861e-001,+4.144e-001,+4.047e-001,+2.462e-001,+7.229e-001,+8.191e-001,+2.913e-001 },
  {+4.723e-001,+1.809e-001,+1.500e-001,+3.077e-001,+3.809e-001,+2.204e-001,+3.029e-001,+3.223e-001,+3.913e-001,+8.674e-002,+1.646e-001,+4.723e-001,+3.205e-001,+3.855e-001,+1.518e-001,+2.097e-001,+2.626e-001,+2.608e-001,+3.330e-001,+2.913e-001,+4.723e-001 }   }
}
    main loop time = 0.078864
        total time = 0.079841
  file  check time = 0.000000
  file change time = 0.000000
  file   read time = 0.000977
SDPA end at [Thu Jul 15 21:27:32 2021]
ALL TIME = 0.082434
