Answer of test tests/vertexcover2-1/vertexcover2012.dat-s
[General Setting]
Primal solution:
[[ 1.00000000e+00  4.12015598e-01  8.79217620e-01  5.95106492e-01
   6.53777914e-01  1.23525506e-01  6.32468118e-01  1.49262291e-01
   5.97670183e-01  9.42247694e-01  4.04893508e-01  9.59550952e-01
   5.78261499e-01  8.76474495e-01  4.07980930e-01  5.87984403e-01
   4.36611302e-01  4.02329817e-01  9.08490015e-01  9.09610784e-01
   5.42520881e-01]
 [ 4.12015598e-01  4.12015598e-01  3.31300699e-01  3.56586776e-01
   6.57935115e-02  1.23516690e-01  4.12007810e-01  9.15221450e-02
   3.51722536e-01  4.12010297e-01  5.54299372e-02  3.69472577e-01
   4.12014337e-01  2.88490093e-01  4.25559346e-02  8.47828078e-10
   4.12018966e-01  6.02926768e-02  3.20505613e-01  3.46218326e-01
   8.07160719e-02]
 [ 8.79217620e-01  3.31300699e-01  8.79217620e-01  5.98440632e-01
   6.20046366e-01  7.26895071e-02  6.26381712e-01  1.50045595e-01
   5.97670955e-01  8.21465314e-01  2.80776951e-01  8.44850915e-01
   4.57479119e-01  8.06531552e-01  2.87198550e-01  5.47913193e-01
   3.15828922e-01  2.81547437e-01  7.86923203e-01  8.22559150e-01
   4.21738501e-01]
 [ 5.95106492e-01  3.56586776e-01  5.98440632e-01  5.95106492e-01
   2.84287654e-01  8.06952713e-04  5.95485887e-01  8.91079673e-02
   5.95106193e-01  6.22335987e-01  4.85579267e-11  5.91639178e-01
   4.16352668e-01  5.94295859e-01  3.08742205e-03  2.38508054e-01
   3.10817262e-01  5.09594786e-07  4.78772425e-01  5.95107252e-01
   1.75419422e-01]
 [ 6.53777914e-01  6.57935115e-02  6.20046366e-01  2.84287654e-01
   6.53777914e-01  6.15638055e-02  3.04270889e-01  8.44982529e-02
   2.92852248e-01  5.58783184e-01  3.69488431e-01  6.13328866e-01
   2.45178623e-01  5.92224949e-01  3.89950407e-01  5.87986923e-01
   9.03892160e-02  3.60925899e-01  6.64270072e-01  5.63388698e-01
   4.42331021e-01]
 [ 1.23525506e-01  1.23516690e-01  7.26895071e-02  8.06952713e-04
   6.15638055e-02  1.23525506e-01  6.08771712e-02  5.77543958e-02
  -3.39569979e-06  6.57731998e-02  1.22718560e-01  6.66724553e-02
   1.16992482e-01  7.02750362e-10  1.19503241e-01  1.70337195e-05
   1.52350872e-01  1.23528568e-01  1.23526138e-01  3.31362896e-02
   5.73691853e-02]
 [ 6.32468118e-01  4.12007810e-01  6.26381712e-01  5.95485887e-01
   3.04270889e-01  6.08771712e-02  6.32468118e-01  1.27059066e-01
   5.97670029e-01  6.24432416e-01  3.69818920e-02  5.92019070e-01
   4.63565345e-01  5.71588227e-01  4.04490479e-02  2.20452521e-01
   3.74292033e-01  3.47979349e-02  5.13450115e-01  5.86372355e-01
   1.74988999e-01]
 [ 1.49262291e-01  9.15221450e-02  1.50045595e-01  8.91079673e-02
   8.44982529e-02  5.77543958e-02  1.27059066e-01  1.49262291e-01
   9.37762523e-02  9.15099852e-02  6.01538184e-02  1.08813243e-01
   6.23041821e-02  9.15117800e-02  6.26520097e-02  5.77438924e-02
   1.07696107e-01  5.54857270e-02  5.77523062e-02  1.06330325e-01
   8.61748955e-02]
 [ 5.97670183e-01  3.51722536e-01  5.97670955e-01  5.95106193e-01
   2.92852248e-01 -3.39569979e-06  5.97670029e-01  9.37762523e-02
   5.97670183e-01  6.20951862e-01  2.56369106e-03  5.90158621e-01
   4.16803740e-01  5.97670516e-01  7.51118312e-03  2.45936021e-01
   3.06809081e-01  2.29488274e-11  4.80615835e-01  5.95678268e-01
   1.80865407e-01]
 [ 9.42247694e-01  4.12010297e-01  8.21465314e-01  6.22335987e-01
   5.58783184e-01  6.57731998e-02  6.24432416e-01  9.15099852e-02
   6.20951862e-01  9.42247694e-01  3.19912467e-01  9.42245776e-01
   5.78261356e-01  8.76469978e-01  3.17818312e-01  5.30232097e-01
   4.20431484e-01  3.21296071e-01  8.50737709e-01  9.05280754e-01
   4.84768576e-01]
 [ 4.04893508e-01  5.54299372e-02  2.80776951e-01  4.85579267e-11
   3.69488431e-01  1.22718560e-01  3.69818920e-02  6.01538184e-02
   2.56369106e-03  3.19912467e-01  4.04893508e-01  3.67912471e-01
   1.61909316e-01  2.82178629e-01  4.04893150e-01  3.49475234e-01
   1.25795108e-01  4.02329606e-01  4.29717336e-01  3.14504292e-01
   3.67101013e-01]
 [ 9.59550952e-01  3.69472577e-01  8.44850915e-01  5.91639178e-01
   6.13328866e-01  6.66724553e-02  5.92019070e-01  1.08813243e-01
   5.90158621e-01  9.42245776e-01  3.67912471e-01  9.59550952e-01
   5.40117321e-01  8.92876382e-01  3.67531882e-01  5.90074686e-01
   3.86616569e-01  3.69392775e-01  8.68040967e-01  9.19156619e-01
   5.34133584e-01]
 [ 5.78261499e-01  4.12014337e-01  4.57479119e-01  4.16352668e-01
   2.45178623e-01  1.16992482e-01  4.63565345e-01  6.23041821e-02
   4.16803740e-01  5.78261356e-01  1.61909316e-01  5.40117321e-01
   5.78261499e-01  4.61261470e-01  1.52845135e-01  1.66245902e-01
   4.23472039e-01  1.61456982e-01  5.15963386e-01  4.87872283e-01
   1.20782380e-01]
 [ 8.76474495e-01  2.88490093e-01  8.06531552e-01  5.94295859e-01
   5.92224949e-01  7.02750362e-10  5.71588227e-01  9.15117800e-02
   5.97670516e-01  8.76469978e-01  2.82178629e-01  8.92876382e-01
   4.61261470e-01  8.76474495e-01  2.88482525e-01  5.87976185e-01
   2.84252070e-01  2.78804312e-01  7.84964510e-01  8.76472016e-01
   4.85155806e-01]
 [ 4.07980930e-01  4.25559346e-02  2.87198550e-01  3.08742205e-03
   3.89950407e-01  1.19503241e-01  4.04490479e-02  6.26520097e-02
   7.51118312e-03  3.17818312e-01  4.04893150e-01  3.67531882e-01
   1.52845135e-01  2.88482525e-01  4.07980930e-01  3.65436473e-01
   1.12320122e-01  4.00469457e-01  4.35488095e-01  3.13692141e-01
   3.75918439e-01]
 [ 5.87984403e-01  8.47828078e-10  5.47913193e-01  2.38508054e-01
   5.87986923e-01  1.70337195e-05  2.20452521e-01  5.77438924e-02
   2.45936021e-01  5.30232097e-01  3.49475234e-01  5.90074686e-01
   1.66245902e-01  5.87976185e-01  3.65436473e-01  5.87984403e-01
   2.45957053e-02  3.42048767e-01  5.87985957e-01  5.63386570e-01
   4.61809799e-01]
 [ 4.36611302e-01  4.12018966e-01  3.15828922e-01  3.10817262e-01
   9.03892160e-02  1.52350872e-01  3.74292033e-01  1.07696107e-01
   3.06809081e-01  4.20431484e-01  1.25795108e-01  3.86616569e-01
   4.23472039e-01  2.84252070e-01  1.12320122e-01  2.45957053e-02
   4.36611302e-01  1.29801665e-01  3.45101317e-01  3.46222086e-01
   1.33921615e-01]
 [ 4.02329817e-01  6.02926768e-02  2.81547437e-01  5.09594786e-07
   3.60925899e-01  1.23528568e-01  3.47979349e-02  5.54857270e-02
   2.29488274e-11  3.21296071e-01  4.02329606e-01  3.69392775e-01
   1.61456982e-01  2.78804312e-01  4.00469457e-01  3.42048767e-01
   1.29801665e-01  4.02329817e-01  4.27874253e-01  3.13932839e-01
   3.61655480e-01]
 [ 9.08490015e-01  3.20505613e-01  7.86923203e-01  4.78772425e-01
   6.64270072e-01  1.23526138e-01  5.13450115e-01  5.77523062e-02
   4.80615835e-01  8.50737709e-01  4.29717336e-01  8.68040967e-01
   5.15963386e-01  7.84964510e-01  4.35488095e-01  5.87985957e-01
   3.45101317e-01  4.27874253e-01  9.08490015e-01  8.07608506e-01
   5.14093493e-01]
 [ 9.09610784e-01  3.46218326e-01  8.22559150e-01  5.95107252e-01
   5.63388698e-01  3.31362896e-02  5.86372355e-01  1.06330325e-01
   5.95678268e-01  9.05280754e-01  3.14504292e-01  9.19156619e-01
   4.87872283e-01  8.76472016e-01  3.13692141e-01  5.63386570e-01
   3.46222086e-01  3.13932839e-01  8.07608506e-01  9.09610784e-01
   5.08789981e-01]
 [ 5.42520881e-01  8.07160719e-02  4.21738501e-01  1.75419422e-01
   4.42331021e-01  5.73691853e-02  1.74988999e-01  8.61748955e-02
   1.80865407e-01  4.84768576e-01  3.67101013e-01  5.34133584e-01
   1.20782380e-01  4.85155806e-01  3.75918439e-01  4.61809799e-01
   1.33921615e-01  3.61655480e-01  5.14093493e-01  5.08789981e-01
   5.42520881e-01]]
Dual solution:
0
Tr(CX) = 13.000000002172968
Primal and dual gap: 0
Number of iterations: 19999
Max error in symmetry of Q: 0
Maximum h bound: 0.01
Method name is: Physarum SDC modified (v.2)
Restart factor: 1000
Infeasibility: 6.873827427538672e-09
Time spent (seconds): 595.4847288131714
