Answer of test tests/vertexcover2-1/vertexcover2011.dat-s
[General Setting]
Primal solution:
[[ 1.00000174e+00  6.85491375e-01  2.72376583e-01  5.77476675e-01
   7.50002061e-01  3.86126965e-01  7.51353481e-01  7.27624289e-01
   8.72163180e-01  2.85314959e-01  4.22524197e-01  1.00000112e+00
   6.65983993e-01  7.14685913e-01  3.34016879e-01  4.37260422e-01
   5.62740450e-01  4.98646202e-01  7.41711599e-01  7.43637915e-01
   5.70872454e-01]
 [ 6.85491375e-01  6.85490912e-01  1.72245783e-01  2.62966855e-01
   5.43683587e-01  3.16554178e-01  5.10688869e-01  5.13245069e-01
   6.01147567e-01  1.63550541e-01  4.22524028e-01  6.85491252e-01
   3.77203247e-01  5.21940274e-01  3.08287629e-01  2.28503911e-01
   4.56986959e-01  3.16609238e-01  4.53279982e-01  4.29128074e-01
   2.56362838e-01]
 [ 2.72376583e-01  1.72245783e-01  2.72376302e-01  2.37044242e-01
   1.43533373e-01  1.58166430e-01  1.97063937e-01  3.49766529e-12
   1.44538735e-01  1.05243732e-07  3.53320171e-02  2.72376320e-01
   2.25434547e-01  2.72376235e-01  4.69417358e-02  2.72376351e-01
  -7.45736756e-08  2.04155273e-01  2.42047428e-01  1.86855791e-01
   1.85651032e-01]
 [ 5.77476675e-01  2.62966855e-01  2.37044242e-01  5.77475943e-01
   3.56308152e-01  1.25907914e-01  5.06776897e-01  3.40431794e-01
   4.81814705e-01  1.75998314e-01  2.23874213e-12  5.77475861e-01
   5.77475952e-01  4.01477786e-01  1.54080597e-08  4.37259935e-01
   1.40216057e-01  2.91867012e-01  5.47229393e-01  5.12680052e-01
   3.79305098e-01]
 [ 7.50002061e-01  5.43683587e-01  1.43533373e-01  3.56308152e-01
   7.50001476e-01  3.47193257e-01  5.01354229e-01  6.06468082e-01
   6.22163909e-01  2.18352011e-01  3.93693323e-01  7.50001732e-01
   4.68344035e-01  5.31649421e-01  2.81657424e-01  1.87261362e-01
   5.62740117e-01  2.48647247e-01  5.30645755e-01  4.93638638e-01
   4.62680709e-01]
 [ 3.86126965e-01  3.16554178e-01  1.58166430e-01  1.25907914e-01
   3.47193257e-01  3.86126752e-01  1.37479505e-01  2.27960262e-01
   2.58289185e-01  1.85751825e-02  2.60218787e-01  3.86126975e-01
   1.26762001e-01  3.67551502e-01  2.59364731e-01  1.08411473e-01
   2.77715230e-01  2.87580648e-01  1.27837567e-01  1.29763914e-01
   3.25935357e-01]
 [ 7.51353481e-01  5.10688869e-01  1.97063937e-01  5.06776897e-01
   5.01354229e-01  1.37479505e-01  7.51352753e-01  5.54288843e-01
   7.51352717e-01  2.29937156e-01  2.44575865e-01  7.51352873e-01
   5.47069056e-01  5.21415645e-01  2.04283713e-01  4.37259888e-01
   3.14092867e-01  2.49998524e-01  6.13873288e-01  6.69791971e-01
   3.22224679e-01]
 [ 7.27624289e-01  5.13245069e-01  3.49766529e-12  3.40431794e-01
   6.06468082e-01  2.27960262e-01  5.54288843e-01  7.27623698e-01
   7.27623695e-01  2.85314584e-01  3.87191947e-01  7.27623933e-01
   4.40548755e-01  4.42309076e-01  2.87074962e-01  1.64883584e-01
   5.62740139e-01  2.94490492e-01  4.99663450e-01  5.56781421e-01
   3.85220904e-01]
 [ 8.72163180e-01  6.01147567e-01  1.44538735e-01  4.81814705e-01
   6.22163909e-01  2.58289185e-01  7.51352717e-01  7.27623695e-01
   8.72162433e-01  2.66739484e-01  3.90347742e-01  8.72162667e-01
   5.39221274e-01  6.05422944e-01  3.32941176e-01  3.70901556e-01
   5.01260871e-01  3.70808204e-01  6.13873248e-01  7.07042048e-01
   4.36135218e-01]
 [ 2.85314959e-01  1.63550541e-01  1.05243732e-07  1.75998314e-01
   2.18352011e-01  1.85751825e-02  2.29937156e-01  2.85314584e-01
   2.66739484e-01  2.85314622e-01  1.09316438e-01  2.85314605e-01
   2.32273056e-01  2.78521425e-12  5.30416416e-02  8.62671600e-02
   1.99047556e-01  1.22340264e-01  2.85314694e-01  2.85314680e-01
   1.21764163e-01]
 [ 4.22524197e-01  4.22524028e-01  3.53320171e-02  2.23874213e-12
   3.93693323e-01  2.60218787e-01  2.44575865e-01  3.87191947e-01
   3.90347742e-01  1.09316438e-01  4.22524057e-01  4.22524392e-01
   8.85072752e-02  3.13207461e-01  3.34016757e-01 -6.92742865e-08
   4.22524078e-01  2.06778751e-01  1.94481459e-01  2.30957159e-01
   1.91566808e-01]
 [ 1.00000112e+00  6.85491252e-01  2.72376320e-01  5.77475861e-01
   7.50001732e-01  3.86126975e-01  7.51352873e-01  7.27623933e-01
   8.72162667e-01  2.85314605e-01  4.22524392e-01  1.00000051e+00
   6.65983209e-01  7.14685648e-01  3.34017044e-01  4.37259842e-01
   5.62740411e-01  4.98645901e-01  7.41710865e-01  7.43637229e-01
   5.70872025e-01]
 [ 6.65983993e-01  3.77203247e-01  2.25434547e-01  5.77475952e-01
   4.68344035e-01  1.26762001e-01  5.47069056e-01  4.40548755e-01
   5.39221274e-01  2.32273056e-01  8.85072752e-02  6.65983209e-01
   6.65983219e-01  4.33710283e-01  3.46231315e-12  3.96073499e-01
   2.69909778e-01  3.16553519e-01  6.65983222e-01  5.68813110e-01
   3.85950210e-01]
 [ 7.14685913e-01  5.21940274e-01  2.72376235e-01  4.01477786e-01
   5.31649421e-01  3.67551502e-01  5.21415645e-01  4.42309076e-01
   6.05422944e-01  2.78521425e-12  3.13207461e-01  7.14685648e-01
   4.33710283e-01  7.14685378e-01  2.80975019e-01  3.50992836e-01
   3.63692448e-01  3.76305501e-01  4.56396193e-01  4.58322540e-01
   4.49107801e-01]
 [ 3.34016879e-01  3.08287629e-01  4.69417358e-02  1.54080597e-08
   2.81657424e-01  2.59364731e-01  2.04283713e-01  2.87074962e-01
   3.32941176e-01  5.30416416e-02  3.34016757e-01  3.34017044e-01
   3.46231315e-12  2.80975019e-01  3.34016781e-01  4.11864032e-02
   2.92830319e-01  1.82092253e-01  7.57275961e-02  1.74824085e-01
   1.84921720e-01]
 [ 4.37260422e-01  2.28503911e-01  2.72376351e-01  4.37259935e-01
   1.87261362e-01  1.08411473e-01  4.37259888e-01  1.64883584e-01
   3.70901556e-01  8.62671600e-02 -6.92742865e-08  4.37259842e-01
   3.96073499e-01  3.50992836e-01  4.11864032e-02  4.37259886e-01
   3.48619677e-12  2.49998575e-01  3.95206813e-01  3.94863278e-01
   2.51152641e-01]
 [ 5.62740450e-01  4.56986959e-01 -7.45736756e-08  1.40216057e-01
   5.62740117e-01  2.77715230e-01  3.14092867e-01  5.62740139e-01
   5.01260871e-01  1.99047556e-01  4.22524078e-01  5.62740411e-01
   2.69909778e-01  3.63692448e-01  2.92830319e-01  3.48619677e-12
   5.62740114e-01  2.48647191e-01  3.46504056e-01  3.48773922e-01
   3.19719288e-01]
 [ 4.98646202e-01  3.16609238e-01  2.04155273e-01  2.91867012e-01
   2.48647247e-01  2.87580648e-01  2.49998524e-01  2.94490492e-01
   3.70808204e-01  1.22340264e-01  2.06778751e-01  4.98645901e-01
   3.16553519e-01  3.76305501e-01  1.82092253e-01  2.49998575e-01
   2.48647191e-01  4.98645771e-01  3.38902717e-01  3.23843795e-01
   3.56838514e-01]
 [ 7.41711599e-01  4.53279982e-01  2.42047428e-01  5.47229393e-01
   5.30645755e-01  1.27837567e-01  6.13873288e-01  4.99663450e-01
   6.13873248e-01  2.85314694e-01  1.94481459e-01  7.41710865e-01
   6.65983222e-01  4.56396193e-01  7.57275961e-02  3.95206813e-01
   3.46504056e-01  3.38902717e-01  7.41710815e-01  6.50468394e-01
   3.79673343e-01]
 [ 7.43637915e-01  4.29128074e-01  1.86855791e-01  5.12680052e-01
   4.93638638e-01  1.29763914e-01  6.69791971e-01  5.56781421e-01
   7.07042048e-01  2.85314680e-01  2.30957159e-01  7.43637229e-01
   5.68813110e-01  4.58322540e-01  1.74824085e-01  3.94863278e-01
   3.48773922e-01  3.23843795e-01  6.50468394e-01  7.43637162e-01
   3.14509088e-01]
 [ 5.70872454e-01  2.56362838e-01  1.85651032e-01  3.79305098e-01
   4.62680709e-01  3.25935357e-01  3.22224679e-01  3.85220904e-01
   4.36135218e-01  1.21764163e-01  1.91566808e-01  5.70872025e-01
   3.85950210e-01  4.49107801e-01  1.84921720e-01  2.51152641e-01
   3.19719288e-01  3.56838514e-01  3.79673343e-01  3.14509088e-01
   5.70871926e-01]]
Dual solution:
0
Tr(CX) = 13.000002249927613
Primal and dual gap: 0
Number of iterations: 19999
Max error in symmetry of Q: 0
Maximum h bound: 0.01
Method name is: Physarum SDC modified (v.2)
Restart factor: 1000
Infeasibility: 3.878791357436739e-06
Time spent (seconds): 647.097464799881
