SDPA start at [Thu Jul 15 21:27:32 2021]
param  is ./param.sdpa 
data   is G:\Research\PhysarumSDPSolver\SDPA\testSet\vertexcover2\vertexcover2012.dat-s  : sparse
"Vertexcover tests with graphs with 20 vertices and 1-190 edges"
out    is G:\Research\PhysarumSDPSolver\SDPA\testSet\vertexcover2\vertexcover2012.dat-s.res
NumThreads  is set as 1
Schur computation : DENSE 
   mu      thetaP  thetaD  objP      objD      alphaP  alphaD  beta 
 0 1.0e+004 1.0e+000 1.0e+000 -0.00e+000 -2.10e+003 1.0e+000 8.5e-001 2.00e-001
 1 2.2e+003 0.0e+000 1.5e-001 +1.37e+003 -3.64e+002 8.3e-001 8.3e-001 2.00e-001
 2 5.3e+002 2.0e-016 2.6e-002 +1.69e+003 -6.96e+001 1.4e+000 7.3e-001 2.00e-001
 3 2.1e+002 2.9e-016 7.1e-003 +1.29e+003 -2.82e+001 8.8e-001 6.3e-001 2.00e-001
 4 9.8e+001 1.4e-016 2.6e-003 +8.51e+002 -1.97e+001 6.7e-001 6.1e-001 2.00e-001
 5 4.7e+001 2.9e-016 1.0e-003 +5.14e+002 -1.72e+001 6.9e-001 8.1e-001 2.00e-001
 6 1.8e+001 2.9e-016 2.0e-004 +2.79e+002 -1.62e+001 1.0e+000 1.0e+000 2.00e-001
 7 3.9e+000 4.3e-016 9.9e-016 +6.68e+001 -1.60e+001 9.0e-001 3.5e+000 1.00e-001
 8 7.1e-001 5.0e-016 6.4e-015 -3.43e-001 -1.53e+001 7.5e-001 1.1e+000 1.00e-001
 9 2.3e-001 5.2e-016 1.8e-015 -1.00e+001 -1.48e+001 6.5e-001 7.3e-001 1.00e-001
10 9.1e-002 5.1e-016 7.7e-016 -1.21e+001 -1.40e+001 8.5e-001 7.6e-001 1.00e-001
11 2.6e-002 5.2e-016 9.0e-016 -1.27e+001 -1.33e+001 9.0e-001 8.2e-001 1.00e-001
12 5.8e-003 5.2e-016 2.3e-016 -1.29e+001 -1.31e+001 8.5e-001 8.5e-001 1.00e-001
13 1.4e-003 5.1e-016 5.4e-016 -1.30e+001 -1.30e+001 9.4e-001 9.4e-001 1.00e-001
14 2.1e-004 5.1e-016 2.7e-015 -1.30e+001 -1.30e+001 9.6e-001 9.8e-001 1.00e-001
15 2.7e-005 5.1e-016 5.1e-015 -1.30e+001 -1.30e+001 9.8e-001 1.0e+000 1.00e-001
16 2.9e-006 5.2e-016 2.9e-015 -1.30e+001 -1.30e+001 9.9e-001 1.0e+000 1.00e-001
17 3.0e-007 5.2e-016 7.8e-015 -1.30e+001 -1.30e+001 9.9e-001 1.0e+000 1.00e-001
18 3.0e-008 5.2e-016 8.5e-015 -1.30e+001 -1.30e+001 9.9e-001 1.0e+000 1.00e-001

phase.value  = pdOPT     
   Iteration = 18
          mu = +3.0428813077708666e-008
relative gap = +4.9153798410966483e-008
        gap  = +6.3899937430278442e-007
     digits  = +7.3084429159766531e+000
objValPrimal = -1.2999999577969481e+001
objValDual   = -1.3000000216968855e+001
p.feas.error = +5.1070259132757201e-014
d.feas.error = +1.7075230118734908e-012
total time   = 0.083534
** Paramters **
maxIteration = 100
epsilonStar  = +9.9999999999999995e-008
lambdaStar   = +1.0000000000000000e+002
omegaStar    = +2.0000000000000000e+000
lowerBound   = -1.0000000000000000e+005
upperBound   = +1.0000000000000000e+005
betaStar     = +1.0000000000000001e-001
betaBar      = +2.0000000000000001e-001
gammaStar    = +9.0000000000000002e-001
epsilonDash  = +9.9999999999999995e-008
xPrint       = %+8.3e 
XPrint       = %+8.3e 
YPrint       = %+8.3e 
infPrint     = %+10.16e 

                         Time(sec)  Ratio(% : MainLoop) 
 Predictor time  =       0.028678,  34.746050
 Corrector time  =       0.013961,  16.915043
 Make bMat time  =       0.003991,  4.835466
 Make bDia time  =       0.000000,  0.000000
 Make bF1  time  =       0.000000,  0.000000
 Make bF2  time  =       0.000000,  0.000000
 Make bF3  time  =       0.000000,  0.000000
 Make bPRE time  =       0.000000,  0.000000
 Make rMat time  =       0.002992,  3.625085
 Make gVec Mul   =       0.000000,  0.000000
 Make gVec time  =       0.000997,  1.207958
 Cholesky bMat   =       0.010723,  12.991907
 Ste Pre time    =       0.000000,  0.000000
 Ste Cor time    =       0.035909,  43.507076
 solve           =       0.000000,  0.000000
 sumDz           =       0.000998,  1.209169
 makedX          =       0.001994,  2.415915
 symmetriseDx    =       0.020944,  25.375594
 makedXdZ        =       0.023936,  29.000678
 xMatTime        =       0.000000,  0.000000
 zMatTime        =       0.000997,  1.207958
 invzMatTime     =       0.000000,  0.000000
 xMatzMatTime    =       0.000000,  0.000000
 EigxMatTime     =       0.017954,  21.752932
 EigzMatTime     =       0.017955,  21.754144
 EigxMatzMatTime =       0.000000,  0.000000
 updateRes       =       0.002991,  3.623873
 EigTime         =       0.035909,  43.507076
 sub_total_bMat  =       0.078545,  95.164534
 Main Loop       =       0.082536,  100.000000
 File Check      =       0.000000,  0.000000
 File Change     =       0.000000,  0.000000
 File Read       =       0.000998,  1.209169
 Total           =       0.083534,  101.209169

xVec = 
{+1.900e+001,+7.128e-008,+1.287e-006,+1.332e-006,-5.105e-007,-6.697e-008,+2.585e-007,-1.478e-007,+1.650e-006,+5.598e-006,-6.536e-007,+7.619e-006,+1.719e-007,+1.088e-006,-3.519e-007,+4.115e-007,-8.956e-008,-7.456e-007,-1.977e-006,+3.270e-006,-3.996e-007,-1.639e-006,-2.157e-006,-1.000e+000,-1.555e-007,-1.078e-006,-1.000e+000,-1.110e-006,-3.285e-007,+5.959e-007,-1.000e+000,-1.000e+000,-5.114e-006,-2.722e-007,-1.000e+000,-1.000e+000,-3.314e-006,-1.000e+000,-1.689e-006,-1.000e+000,-1.000e+000,-8.316e-007,-4.884e-006,-1.177e-007,-1.000e+000,-4.673e-006,-1.000e+000,-5.167e-006,-1.000e+000,-1.332e-006,-1.000e+000,-2.448e-007,+3.341e-007,-1.000e+000,-5.238e-006,-1.281e-007,-2.571e-007,-1.000e+000,-1.674e-006,-6.331e-007,-1.508e-006,-2.278e-007,-1.000e+000}
xMat = 
{
{ {+2.000e+001,-1.000e+000,-2.000e+000,-1.000e+000,-2.000e+000,-1.000e+000,-2.000e+000,-2.000e+000,-1.000e+000,-2.000e+000,-1.000e+000,-2.000e+000,-2.000e+000,-1.000e+000,-2.000e+000,-1.000e+000,-2.000e+000,-1.000e+000,-2.000e+000,-2.000e+000,-2.000e+000 },
  {-1.000e+000,+1.000e+000,+0.000e+000,+0.000e+000,+1.639e-006,+0.000e+000,+0.000e+000,+0.000e+000,+0.000e+000,+0.000e+000,+0.000e+000,+0.000e+000,+0.000e+000,+2.157e-006,+0.000e+000,+1.000e+000,+0.000e+000,+0.000e+000,+1.555e-007,+0.000e+000,+0.000e+000 },
  {-2.000e+000,+0.000e+000,+1.000e+000,+0.000e+000,+0.000e+000,+0.000e+000,+0.000e+000,+0.000e+000,+0.000e+000,+1.078e-006,+0.000e+000,+0.000e+000,+1.000e+000,+0.000e+000,+1.110e-006,+0.000e+000,+3.285e-007,-5.959e-007,+0.000e+000,+0.000e+000,+1.000e+000 },
  {-1.000e+000,+0.000e+000,+0.000e+000,+1.000e+000,+0.000e+000,+0.000e+000,+0.000e+000,+0.000e+000,+0.000e+000,+0.000e+000,+1.000e+000,+0.000e+000,+0.000e+000,+0.000e+000,+5.114e-006,+0.000e+000,+0.000e+000,+0.000e+000,+0.000e+000,+0.000e+000,+0.000e+000 },
  {-2.000e+000,+1.639e-006,+0.000e+000,+0.000e+000,+1.000e+000,+0.000e+000,+0.000e+000,+0.000e+000,+0.000e+000,+0.000e+000,+0.000e+000,+2.722e-007,+0.000e+000,+0.000e+000,+0.000e+000,+0.000e+000,+1.000e+000,+0.000e+000,+0.000e+000,+1.000e+000,+0.000e+000 },
  {-1.000e+000,+0.000e+000,+0.000e+000,+0.000e+000,+0.000e+000,+1.000e+000,+0.000e+000,+0.000e+000,+0.000e+000,+3.314e-006,+0.000e+000,+0.000e+000,+0.000e+000,+1.000e+000,+0.000e+000,+0.000e+000,+0.000e+000,+0.000e+000,+0.000e+000,+1.689e-006,+0.000e+000 },
  {-2.000e+000,+0.000e+000,+0.000e+000,+0.000e+000,+0.000e+000,+0.000e+000,+1.000e+000,+0.000e+000,+0.000e+000,+0.000e+000,+0.000e+000,+1.000e+000,+0.000e+000,+0.000e+000,+1.000e+000,+8.316e-007,+0.000e+000,+4.884e-006,+0.000e+000,+0.000e+000,+1.177e-007 },
  {-2.000e+000,+0.000e+000,+0.000e+000,+0.000e+000,+0.000e+000,+0.000e+000,+0.000e+000,+1.000e+000,+0.000e+000,+1.000e+000,+0.000e+000,+4.673e-006,+0.000e+000,+0.000e+000,+0.000e+000,+0.000e+000,+0.000e+000,+0.000e+000,+1.000e+000,+0.000e+000,+0.000e+000 },
  {-1.000e+000,+0.000e+000,+0.000e+000,+0.000e+000,+0.000e+000,+0.000e+000,+0.000e+000,+0.000e+000,+1.000e+000,+0.000e+000,+5.167e-006,+0.000e+000,+0.000e+000,+0.000e+000,+0.000e+000,+0.000e+000,+0.000e+000,+1.000e+000,+0.000e+000,+0.000e+000,+0.000e+000 },
  {-2.000e+000,+0.000e+000,+1.078e-006,+0.000e+000,+0.000e+000,+3.314e-006,+0.000e+000,+1.000e+000,+0.000e+000,+1.000e+000,+0.000e+000,+0.000e+000,+0.000e+000,+0.000e+000,+0.000e+000,+1.332e-006,+0.000e+000,+0.000e+000,+1.000e+000,+0.000e+000,+2.448e-007 },
  {-1.000e+000,+0.000e+000,+0.000e+000,+1.000e+000,+0.000e+000,+0.000e+000,+0.000e+000,+0.000e+000,+5.167e-006,+0.000e+000,+1.000e+000,+0.000e+000,+0.000e+000,+0.000e+000,+0.000e+000,+0.000e+000,+0.000e+000,+0.000e+000,+0.000e+000,-3.341e-007,+0.000e+000 },
  {-2.000e+000,+0.000e+000,+0.000e+000,+0.000e+000,+2.722e-007,+0.000e+000,+1.000e+000,+4.673e-006,+0.000e+000,+0.000e+000,+0.000e+000,+1.000e+000,+0.000e+000,+0.000e+000,+1.000e+000,+0.000e+000,+0.000e+000,+0.000e+000,+5.238e-006,+0.000e+000,+0.000e+000 },
  {-2.000e+000,+0.000e+000,+1.000e+000,+0.000e+000,+0.000e+000,+0.000e+000,+0.000e+000,+0.000e+000,+0.000e+000,+0.000e+000,+0.000e+000,+0.000e+000,+1.000e+000,+0.000e+000,+0.000e+000,+1.281e-007,+0.000e+000,+0.000e+000,+0.000e+000,+2.571e-007,+1.000e+000 },
  {-1.000e+000,+2.157e-006,+0.000e+000,+0.000e+000,+0.000e+000,+1.000e+000,+0.000e+000,+0.000e+000,+0.000e+000,+0.000e+000,+0.000e+000,+0.000e+000,+0.000e+000,+1.000e+000,+0.000e+000,+0.000e+000,+0.000e+000,+1.674e-006,+6.331e-007,+0.000e+000,+0.000e+000 },
  {-2.000e+000,+0.000e+000,+1.110e-006,+5.114e-006,+0.000e+000,+0.000e+000,+1.000e+000,+0.000e+000,+0.000e+000,+0.000e+000,+0.000e+000,+1.000e+000,+0.000e+000,+0.000e+000,+1.000e+000,+0.000e+000,+0.000e+000,+0.000e+000,+0.000e+000,+0.000e+000,+0.000e+000 },
  {-1.000e+000,+1.000e+000,+0.000e+000,+0.000e+000,+0.000e+000,+0.000e+000,+8.316e-007,+0.000e+000,+0.000e+000,+1.332e-006,+0.000e+000,+0.000e+000,+1.281e-007,+0.000e+000,+0.000e+000,+1.000e+000,+1.508e-006,+0.000e+000,+0.000e+000,+0.000e+000,+0.000e+000 },
  {-2.000e+000,+0.000e+000,+3.285e-007,+0.000e+000,+1.000e+000,+0.000e+000,+0.000e+000,+0.000e+000,+0.000e+000,+0.000e+000,+0.000e+000,+0.000e+000,+0.000e+000,+0.000e+000,+0.000e+000,+1.508e-006,+1.000e+000,+0.000e+000,+2.278e-007,+1.000e+000,+0.000e+000 },
  {-1.000e+000,+0.000e+000,-5.959e-007,+0.000e+000,+0.000e+000,+0.000e+000,+4.884e-006,+0.000e+000,+1.000e+000,+0.000e+000,+0.000e+000,+0.000e+000,+0.000e+000,+1.674e-006,+0.000e+000,+0.000e+000,+0.000e+000,+1.000e+000,+0.000e+000,+0.000e+000,+0.000e+000 },
  {-2.000e+000,+1.555e-007,+0.000e+000,+0.000e+000,+0.000e+000,+0.000e+000,+0.000e+000,+1.000e+000,+0.000e+000,+1.000e+000,+0.000e+000,+5.238e-006,+0.000e+000,+6.331e-007,+0.000e+000,+0.000e+000,+2.278e-007,+0.000e+000,+1.000e+000,+0.000e+000,+0.000e+000 },
  {-2.000e+000,+0.000e+000,+0.000e+000,+0.000e+000,+1.000e+000,+1.689e-006,+0.000e+000,+0.000e+000,+0.000e+000,+0.000e+000,-3.341e-007,+0.000e+000,+2.571e-007,+0.000e+000,+0.000e+000,+0.000e+000,+1.000e+000,+0.000e+000,+0.000e+000,+1.000e+000,+0.000e+000 },
  {-2.000e+000,+0.000e+000,+1.000e+000,+0.000e+000,+0.000e+000,+0.000e+000,+1.177e-007,+0.000e+000,+0.000e+000,+2.448e-007,+0.000e+000,+0.000e+000,+1.000e+000,+0.000e+000,+0.000e+000,+0.000e+000,+0.000e+000,+0.000e+000,+0.000e+000,+0.000e+000,+1.000e+000 }   }
}
yMat = 
{
{ {+1.000e+000,+4.035e-001,+9.407e-001,+7.122e-001,+6.332e-001,+8.851e-002,+7.312e-001,+1.387e-001,+7.181e-001,+9.611e-001,+2.878e-001,+9.749e-001,+5.899e-001,+9.115e-001,+2.939e-001,+5.965e-001,+4.191e-001,+2.819e-001,+9.003e-001,+9.478e-001,+4.693e-001 },
  {+4.035e-001,+4.035e-001,+3.527e-001,+3.862e-001,+3.668e-002,+8.851e-002,+4.035e-001,+9.971e-002,+3.827e-001,+4.035e-001,+1.728e-002,+3.876e-001,+4.035e-001,+3.150e-001,+1.592e-002,+2.712e-008,+4.035e-001,+2.083e-002,+3.038e-001,+3.668e-001,+5.079e-002 },
  {+9.407e-001,+3.527e-001,+9.407e-001,+7.121e-001,+6.173e-001,+5.720e-002,+7.312e-001,+1.420e-001,+7.181e-001,+9.018e-001,+2.287e-001,+9.156e-001,+5.307e-001,+8.835e-001,+2.347e-001,+5.880e-001,+3.598e-001,+2.227e-001,+8.377e-001,+9.044e-001,+4.101e-001 },
  {+7.122e-001,+3.862e-001,+7.121e-001,+7.122e-001,+3.346e-001,-6.018e-004,+7.125e-001,+1.147e-001,+7.122e-001,+7.270e-001,+2.712e-008,+7.058e-001,+5.166e-001,+7.128e-001,+6.177e-003,+3.260e-001,+3.777e-001,+5.859e-008,+5.828e-001,+7.122e-001,+1.959e-001 },
  {+6.332e-001,+3.668e-002,+6.173e-001,+3.346e-001,+6.332e-001,+3.862e-002,+3.489e-001,+5.678e-002,+3.449e-001,+5.742e-001,+2.986e-001,+6.081e-001,+2.302e-001,+5.946e-001,+3.094e-001,+5.965e-001,+5.225e-002,+2.883e-001,+6.354e-001,+5.809e-001,+4.190e-001 },
  {+8.851e-002,+8.851e-002,+5.720e-002,-6.018e-004,+3.862e-002,+8.851e-002,+2.252e-002,+3.895e-002,+8.693e-009,+4.956e-002,+8.911e-002,+6.212e-002,+7.683e-002,+2.713e-008,+9.237e-002,-6.653e-007,+1.021e-001,+8.851e-002,+8.851e-002,+3.626e-002,+4.299e-002 },
  {+7.312e-001,+4.035e-001,+7.312e-001,+7.125e-001,+3.489e-001,+2.252e-002,+7.312e-001,+1.346e-001,+7.181e-001,+7.266e-001,+1.871e-002,+7.061e-001,+5.307e-001,+7.087e-001,+2.513e-002,+3.277e-001,+3.977e-001,+1.310e-002,+6.012e-001,+7.157e-001,+2.005e-001 },
  {+1.387e-001,+9.971e-002,+1.420e-001,+1.147e-001,+5.678e-002,+3.895e-002,+1.346e-001,+1.387e-001,+1.183e-001,+9.971e-002,+2.398e-002,+1.135e-001,+9.690e-002,+9.971e-002,+2.922e-002,+3.895e-002,+1.076e-001,+2.041e-002,+3.895e-002,+1.129e-001,+3.841e-002 },
  {+7.181e-001,+3.827e-001,+7.181e-001,+7.122e-001,+3.449e-001,+8.693e-009,+7.181e-001,+1.183e-001,+7.181e-001,+7.285e-001,+5.845e-003,+7.065e-001,+5.157e-001,+7.181e-001,+1.160e-002,+3.354e-001,+3.743e-001,+2.712e-008,+5.894e-001,+7.170e-001,+2.024e-001 },
  {+9.611e-001,+4.035e-001,+9.018e-001,+7.270e-001,+5.742e-001,+4.956e-002,+7.266e-001,+9.971e-002,+7.285e-001,+9.611e-001,+2.340e-001,+9.611e-001,+5.899e-001,+9.115e-001,+2.344e-001,+5.576e-001,+4.111e-001,+2.326e-001,+8.613e-001,+9.367e-001,+4.304e-001 },
  {+2.878e-001,+1.728e-002,+2.287e-001,+2.712e-008,+2.986e-001,+8.911e-002,+1.871e-002,+2.398e-002,+5.845e-003,+2.340e-001,+2.878e-001,+2.691e-001,+7.339e-002,+1.987e-001,+2.878e-001,+2.705e-001,+4.141e-002,+2.819e-001,+3.175e-001,+2.355e-001,+2.735e-001 },
  {+9.749e-001,+3.876e-001,+9.156e-001,+7.058e-001,+6.081e-001,+6.212e-002,+7.061e-001,+1.135e-001,+7.065e-001,+9.611e-001,+2.691e-001,+9.749e-001,+5.741e-001,+9.128e-001,+2.688e-001,+5.873e-001,+3.993e-001,+2.684e-001,+8.752e-001,+9.424e-001,+4.601e-001 },
  {+5.899e-001,+4.035e-001,+5.307e-001,+5.166e-001,+2.302e-001,+7.683e-002,+5.307e-001,+9.690e-002,+5.157e-001,+5.899e-001,+7.339e-002,+5.741e-001,+5.899e-001,+5.131e-001,+7.516e-002,+1.864e-001,+4.120e-001,+7.427e-002,+4.930e-001,+5.377e-001,+5.925e-002 },
  {+9.115e-001,+3.150e-001,+8.835e-001,+7.128e-001,+5.946e-001,+2.713e-008,+7.087e-001,+9.971e-002,+7.181e-001,+9.115e-001,+1.987e-001,+9.128e-001,+5.131e-001,+9.115e-001,+2.016e-001,+5.965e-001,+3.169e-001,+1.934e-001,+8.118e-001,+9.115e-001,+4.263e-001 },
  {+2.939e-001,+1.592e-002,+2.347e-001,+6.177e-003,+3.094e-001,+9.237e-002,+2.513e-002,+2.922e-002,+1.160e-002,+2.344e-001,+2.878e-001,+2.688e-001,+7.516e-002,+2.016e-001,+2.939e-001,+2.780e-001,+4.107e-002,+2.823e-001,+3.242e-001,+2.374e-001,+2.780e-001 },
  {+5.965e-001,+2.712e-008,+5.880e-001,+3.260e-001,+5.965e-001,-6.653e-007,+3.277e-001,+3.895e-002,+3.354e-001,+5.576e-001,+2.705e-001,+5.873e-001,+1.864e-001,+5.965e-001,+2.780e-001,+5.965e-001,+1.556e-002,+2.611e-001,+5.965e-001,+5.809e-001,+4.185e-001 },
  {+4.191e-001,+4.035e-001,+3.598e-001,+3.777e-001,+5.225e-002,+1.021e-001,+3.977e-001,+1.076e-001,+3.743e-001,+4.111e-001,+4.141e-002,+3.993e-001,+4.120e-001,+3.169e-001,+4.107e-002,+1.556e-002,+4.191e-001,+4.474e-002,+3.193e-001,+3.668e-001,+6.628e-002 },
  {+2.819e-001,+2.083e-002,+2.227e-001,+5.859e-008,+2.883e-001,+8.851e-002,+1.310e-002,+2.041e-002,+2.712e-008,+2.326e-001,+2.819e-001,+2.684e-001,+7.427e-002,+1.934e-001,+2.823e-001,+2.611e-001,+4.474e-002,+2.819e-001,+3.109e-001,+2.308e-001,+2.669e-001 },
  {+9.003e-001,+3.038e-001,+8.377e-001,+5.828e-001,+6.354e-001,+8.851e-002,+6.012e-001,+3.895e-002,+5.894e-001,+8.613e-001,+3.175e-001,+8.752e-001,+4.930e-001,+8.118e-001,+3.242e-001,+5.965e-001,+3.193e-001,+3.109e-001,+9.003e-001,+8.459e-001,+4.698e-001 },
  {+9.478e-001,+3.668e-001,+9.044e-001,+7.122e-001,+5.809e-001,+3.626e-002,+7.157e-001,+1.129e-001,+7.170e-001,+9.367e-001,+2.355e-001,+9.424e-001,+5.377e-001,+9.115e-001,+2.374e-001,+5.809e-001,+3.668e-001,+2.308e-001,+8.459e-001,+9.478e-001,+4.534e-001 },
  {+4.693e-001,+5.079e-002,+4.101e-001,+1.959e-001,+4.190e-001,+4.299e-002,+2.005e-001,+3.841e-002,+2.024e-001,+4.304e-001,+2.735e-001,+4.601e-001,+5.925e-002,+4.263e-001,+2.780e-001,+4.185e-001,+6.628e-002,+2.669e-001,+4.698e-001,+4.534e-001,+4.693e-001 }   }
}
    main loop time = 0.082536
        total time = 0.083534
  file  check time = 0.000000
  file change time = 0.000000
  file   read time = 0.000998
SDPA end at [Thu Jul 15 21:27:32 2021]
ALL TIME = 0.085854
