Answer of test tests/vertexcover1-2/vertex-cover52.dat-s
[General Setting]
Primal solution:
[[ 1.00000000e+00  9.31286665e-09  9.99999996e-01  4.65643014e-09
   9.99999998e-01  4.65643128e-09]
 [ 9.31286665e-09  9.31286665e-09  4.65643939e-09  4.65643090e-09
   4.65643862e-09  4.65643150e-09]
 [ 9.99999996e-01  4.65643939e-09  9.99999996e-01  4.65643200e-09
   9.99999993e-01  4.02193057e-15]
 [ 4.65643014e-09  4.65643090e-09  4.65643200e-09  4.65643017e-09
   2.08702221e-15 -1.66099005e-15]
 [ 9.99999998e-01  4.65643862e-09  9.99999993e-01  2.08702221e-15
   1.00000000e+00  4.65643369e-09]
 [ 4.65643128e-09  4.65643150e-09  4.02193057e-15 -1.66099005e-15
   4.65643369e-09  4.65643129e-09]]
Dual solution:
0
Tr(CX) = 3.000000015739871
Primal and dual gap: 0
Number of iterations: 57552
Max error in symmetry of Q: 0
Maximum h bound: 0.001
Method name is: Physarum SDC modified (v.2)
Restart factor: 1000
Infeasibility: 5.807128999890665e-09
Time spent (seconds): 35.681044816970825
