SDPA start at [Thu Jul 15 21:27:31 2021]
param  is ./param.sdpa 
data   is G:\Research\PhysarumSDPSolver\SDPA\testSet\vertex-conver1\vertex-cover512.dat-s  : sparse
"Vertex cover tests for graphs with 5 vertices and 1 - 10 edges"
out    is G:\Research\PhysarumSDPSolver\SDPA\testSet\vertex-conver1\vertex-cover512.dat-s.res
NumThreads  is set as 1
Schur computation : DENSE 
   mu      thetaP  thetaD  objP      objD      alphaP  alphaD  beta 
 0 1.0e+004 1.0e+000 1.0e+000 -0.00e+000 -6.00e+002 1.0e+000 8.3e-001 2.00e-001
 1 2.3e+003 0.0e+000 1.7e-001 +4.03e+002 -1.24e+002 8.7e-001 8.7e-001 2.00e-001
 2 4.8e+002 1.4e-016 2.3e-002 +5.05e+002 -1.91e+001 2.4e+000 8.5e-001 2.00e-001
 3 1.2e+002 1.4e-016 3.4e-003 +2.83e+002 -6.17e+000 1.6e+000 9.0e-001 2.00e-001
 4 2.2e+001 2.9e-016 3.5e-004 +9.16e+001 -4.59e+000 1.1e+000 1.0e+000 2.00e-001
 5 3.8e+000 2.9e-016 7.9e-017 +1.85e+001 -4.49e+000 9.2e-001 5.9e+000 1.00e-001
 6 5.9e-001 3.1e-016 8.3e-016 -3.77e-001 -3.91e+000 8.0e-001 1.7e+000 1.00e-001
 7 1.3e-001 3.1e-016 3.6e-016 -2.72e+000 -3.47e+000 9.2e-001 9.9e-001 1.00e-001
 8 1.7e-002 3.1e-016 7.3e-017 -2.97e+000 -3.07e+000 9.9e-001 9.5e-001 1.00e-001
 9 2.3e-003 3.1e-016 1.3e-017 -3.00e+000 -3.01e+000 9.8e-001 9.9e-001 1.00e-001
10 2.5e-004 3.1e-016 3.4e-017 -3.00e+000 -3.00e+000 9.9e-001 1.0e+000 1.00e-001
11 2.6e-005 3.1e-016 1.4e-016 -3.00e+000 -3.00e+000 9.9e-001 1.0e+000 1.00e-001
12 2.6e-006 3.1e-016 4.0e-015 -3.00e+000 -3.00e+000 9.9e-001 1.0e+000 1.00e-001
13 2.6e-007 3.1e-016 3.0e-014 -3.00e+000 -3.00e+000 9.9e-001 1.0e+000 1.00e-001
14 2.6e-008 3.1e-016 9.7e-014 -3.00e+000 -3.00e+000 9.9e-001 1.0e+000 1.00e-001

phase.value  = pdOPT     
   Iteration = 14
          mu = +2.6225807007544215e-008
relative gap = +5.2498740337226411e-008
        gap  = +1.5749622361838078e-007
     digits  = +7.2798511169969906e+000
objValPrimal = -2.9999999709045375e+000
objValDual   = -3.0000001284007611e+000
p.feas.error = +3.0642155479654321e-014
d.feas.error = +1.9455548283531243e-011
total time   = 0.016674
** Paramters **
maxIteration = 100
epsilonStar  = +9.9999999999999995e-008
lambdaStar   = +1.0000000000000000e+002
omegaStar    = +2.0000000000000000e+000
lowerBound   = -1.0000000000000000e+005
upperBound   = +1.0000000000000000e+005
betaStar     = +1.0000000000000001e-001
betaBar      = +2.0000000000000001e-001
gammaStar    = +9.0000000000000002e-001
epsilonDash  = +9.9999999999999995e-008
xPrint       = %+8.3e 
XPrint       = %+8.3e 
YPrint       = %+8.3e 
infPrint     = %+10.16e 

                         Time(sec)  Ratio(% : MainLoop) 
 Predictor time  =       0.010717,  68.239414
 Corrector time  =       0.002993,  19.057625
 Make bMat time  =       0.004990,  31.773321
 Make bDia time  =       0.000000,  0.000000
 Make bF1  time  =       0.000000,  0.000000
 Make bF2  time  =       0.000000,  0.000000
 Make bF3  time  =       0.000000,  0.000000
 Make bPRE time  =       0.000000,  0.000000
 Make rMat time  =       0.001999,  12.728430
 Make gVec Mul   =       0.000000,  0.000000
 Make gVec time  =       0.000000,  0.000000
 Cholesky bMat   =       0.002757,  17.554919
 Ste Pre time    =       0.000000,  0.000000
 Ste Cor time    =       0.001995,  12.702961
 solve           =       0.000000,  0.000000
 sumDz           =       0.000998,  6.354664
 makedX          =       0.000000,  0.000000
 symmetriseDx    =       0.002966,  18.885705
 makedXdZ        =       0.003964,  25.240369
 xMatTime        =       0.000000,  0.000000
 zMatTime        =       0.000000,  0.000000
 invzMatTime     =       0.000000,  0.000000
 xMatzMatTime    =       0.000000,  0.000000
 EigxMatTime     =       0.001995,  12.702961
 EigzMatTime     =       0.000000,  0.000000
 EigxMatzMatTime =       0.000000,  0.000000
 updateRes       =       0.000000,  0.000000
 EigTime         =       0.001995,  12.702961
 sub_total_bMat  =       0.010715,  68.226679
 Main Loop       =       0.015705,  100.000000
 File Check      =       0.000000,  0.000000
 File Change     =       0.000000,  0.000000
 File Read       =       0.000969,  6.170010
 Total           =       0.016674,  106.170010

xVec = 
{+6.847e+000,-8.087e-008,-7.411e-007,-7.411e-007,+9.761e-001,+9.761e-001,-9.771e-001,-9.771e-001,-9.989e-001,-9.989e-001,-9.714e-001}
xMat = 
{
{ {+7.847e+000,-1.954e+000,-9.989e-001,-9.989e-001,-3.924e+000,-3.924e+000 },
  {-1.954e+000,+1.000e+000,+0.000e+000,+0.000e+000,+9.771e-001,+9.771e-001 },
  {-9.989e-001,+0.000e+000,+1.000e+000,+0.000e+000,+0.000e+000,+9.989e-001 },
  {-9.989e-001,+0.000e+000,+0.000e+000,+1.000e+000,+9.989e-001,+0.000e+000 },
  {-3.924e+000,+9.771e-001,+0.000e+000,+9.989e-001,+2.952e+000,+9.714e-001 },
  {-3.924e+000,+9.771e-001,+9.989e-001,+0.000e+000,+9.714e-001,+2.952e+000 }   }
}
yMat = 
{
{ {+1.000e+000,+7.705e-008,+5.135e-008,+5.134e-008,+1.000e+000,+1.000e+000 },
  {+7.705e-008,+7.705e-008,+2.569e-008,+2.569e-008,+5.138e-008,+5.138e-008 },
  {+5.135e-008,+2.569e-008,+5.135e-008,-9.937e-012,+5.135e-008,+2.567e-008 },
  {+5.134e-008,+2.569e-008,-9.937e-012,+5.134e-008,+2.567e-008,+5.135e-008 },
  {+1.000e+000,+5.138e-008,+5.135e-008,+2.567e-008,+1.000e+000,+1.000e+000 },
  {+1.000e+000,+5.138e-008,+2.567e-008,+5.135e-008,+1.000e+000,+1.000e+000 }   }
}
    main loop time = 0.015705
        total time = 0.016674
  file  check time = 0.000000
  file change time = 0.000000
  file   read time = 0.000969
SDPA end at [Thu Jul 15 21:27:31 2021]
ALL TIME = 0.017382
