Answer of test tests/vertexcover1-2/vertex-cover519.dat-s
[General Setting]
Primal solution:
[[ 1.00026252e+00  5.00335920e-01  5.00336582e-01  9.99737642e-01
   4.99336413e-01  4.99335486e-01]
 [ 5.00335920e-01  5.00351997e-01  5.00352643e-01  5.00073567e-01
  -3.11419142e-04 -3.11387150e-04]
 [ 5.00336582e-01  5.00352643e-01  5.00353288e-01  5.00074221e-01
  -3.11403221e-04 -3.11371228e-04]
 [ 9.99737642e-01  5.00073567e-01  5.00074221e-01  9.99737642e-01
   4.99074063e-01  4.99073121e-01]
 [ 4.99336413e-01 -3.11419142e-04 -3.11403221e-04  4.99074063e-01
   4.99353332e-01  4.99352373e-01]
 [ 4.99335486e-01 -3.11387150e-04 -3.11371228e-04  4.99073121e-01
   4.99352373e-01  4.99351415e-01]]
Dual solution:
0
Tr(CX) = 3.999410197115463
Primal and dual gap: 0
Number of iterations: 126412
Max error in symmetry of Q: 0
Maximum h bound: 0.001
Method name is: Physarum SDC modified (v.2)
Restart factor: 1000
Infeasibility: 0.0002625233031947616
Time spent (seconds): 109.85026025772095
