Answer of test tests/vertexcover1-2/vertex-cover516.dat-s
[General Setting]
Primal solution:
[[ 1.00000000e+00  7.33106363e-01  7.39368909e-01  2.66893637e-01
   5.21262181e-01  7.39368909e-01]
 [ 7.33106363e-01  7.33106363e-01  4.72475273e-01 -2.49419068e-12
   5.21262177e-01  4.72475273e-01]
 [ 7.39368909e-01  4.72475273e-01  7.39368909e-01  2.66893634e-01
   2.60631091e-01  4.78737819e-01]
 [ 2.66893637e-01 -2.49419068e-12  2.66893634e-01  2.66893637e-01
   9.72879297e-09  2.66893634e-01]
 [ 5.21262181e-01  5.21262177e-01  2.60631091e-01  9.72879297e-09
   5.21262181e-01  2.60631091e-01]
 [ 7.39368909e-01  4.72475273e-01  4.78737819e-01  2.66893634e-01
   2.60631091e-01  7.39368909e-01]]
Dual solution:
0
Tr(CX) = 3.9999999999966476
Primal and dual gap: 0
Number of iterations: 34829
Max error in symmetry of Q: 0
Maximum h bound: 0.001
Method name is: Physarum SDC modified (v.2)
Restart factor: 1000
Infeasibility: 1.6606716002343092e-12
Time spent (seconds): 24.360614776611328
