Answer of test tests/vertexcover1-2/vertex-cover510.dat-s
[General Setting]
Primal solution:
[[ 1.00000000e+00  5.00000003e-01  5.00000003e-01  8.42830712e-18
   9.99999993e-01  6.71850814e-09]
 [ 5.00000003e-01  5.00000003e-01  6.71851017e-09  4.21415359e-18
   4.99999996e-01  6.71190676e-09]
 [ 5.00000003e-01  6.71851017e-09  5.00000003e-01  4.21415359e-18
   4.99999996e-01  6.72510946e-09]
 [ 8.42830712e-18  4.21415359e-18  4.21415359e-18  5.01673598e-20
   8.42830705e-18  5.97485010e-26]
 [ 9.99999993e-01  4.99999996e-01  4.99999996e-01  8.42830705e-18
   9.99999993e-01 -1.05689549e-15]
 [ 6.71850814e-09  6.71190676e-09  6.72510946e-09  5.97485010e-26
  -1.05689549e-15  6.71850814e-09]]
Dual solution:
0
Tr(CX) = 3.0000000064429613
Primal and dual gap: 0
Number of iterations: 51320
Max error in symmetry of Q: 0
Maximum h bound: 0.001
Method name is: Physarum SDC modified (v.2)
Restart factor: 1000
Infeasibility: 1.072982369620945e-09
Time spent (seconds): 27.87989044189453
