SDPA start at [Thu Jul 15 21:27:31 2021]
param  is ./param.sdpa 
data   is G:\Research\PhysarumSDPSolver\SDPA\testSet\vertex-conver1\vertex-cover52.dat-s  : sparse
"Vertex cover tests for graphs with 5 vertices and 1 - 10 edges"
out    is G:\Research\PhysarumSDPSolver\SDPA\testSet\vertex-conver1\vertex-cover52.dat-s.res
NumThreads  is set as 1
Schur computation : DENSE 
   mu      thetaP  thetaD  objP      objD      alphaP  alphaD  beta 
 0 1.0e+004 1.0e+000 1.0e+000 -0.00e+000 -6.00e+002 1.0e+000 8.3e-001 2.00e-001
 1 2.3e+003 0.0e+000 1.7e-001 +4.03e+002 -1.24e+002 8.7e-001 8.7e-001 2.00e-001
 2 4.8e+002 1.3e-016 2.3e-002 +5.05e+002 -1.91e+001 2.4e+000 8.5e-001 2.00e-001
 3 1.2e+002 1.4e-016 3.4e-003 +2.83e+002 -6.17e+000 1.6e+000 9.0e-001 2.00e-001
 4 2.2e+001 2.9e-016 3.5e-004 +9.16e+001 -4.59e+000 1.1e+000 1.0e+000 2.00e-001
 5 3.8e+000 2.2e-016 4.9e-017 +1.85e+001 -4.49e+000 9.2e-001 5.9e+000 1.00e-001
 6 5.9e-001 2.0e-016 6.8e-016 -3.77e-001 -3.91e+000 8.0e-001 1.7e+000 1.00e-001
 7 1.3e-001 2.0e-016 4.2e-016 -2.72e+000 -3.47e+000 9.2e-001 9.9e-001 1.00e-001
 8 1.7e-002 2.0e-016 7.5e-017 -2.97e+000 -3.07e+000 9.9e-001 9.5e-001 1.00e-001
 9 2.3e-003 2.0e-016 8.9e-018 -3.00e+000 -3.01e+000 9.8e-001 9.9e-001 1.00e-001
10 2.5e-004 2.0e-016 1.7e-017 -3.00e+000 -3.00e+000 9.9e-001 1.0e+000 1.00e-001
11 2.6e-005 2.0e-016 4.2e-016 -3.00e+000 -3.00e+000 9.9e-001 1.0e+000 1.00e-001
12 2.6e-006 2.0e-016 4.2e-015 -3.00e+000 -3.00e+000 9.9e-001 1.0e+000 1.00e-001
13 2.6e-007 2.0e-016 1.7e-014 -3.00e+000 -3.00e+000 9.9e-001 1.0e+000 1.00e-001
14 2.6e-008 2.0e-016 2.9e-013 -3.00e+000 -3.00e+000 9.9e-001 1.0e+000 1.00e-001

phase.value  = pdOPT     
   Iteration = 14
          mu = +2.6230635885582387e-008
relative gap = +5.2488464705469537e-008
        gap  = +1.5746539672178983e-007
     digits  = +7.2799361302170782e+000
objValPrimal = -2.9999999709045166e+000
objValDual   = -3.0000001283699134e+000
p.feas.error = +1.9428902930940239e-014
d.feas.error = +5.7016613652649539e-011
total time   = 0.015241
** Paramters **
maxIteration = 100
epsilonStar  = +9.9999999999999995e-008
lambdaStar   = +1.0000000000000000e+002
omegaStar    = +2.0000000000000000e+000
lowerBound   = -1.0000000000000000e+005
upperBound   = +1.0000000000000000e+005
betaStar     = +1.0000000000000001e-001
betaBar      = +2.0000000000000001e-001
gammaStar    = +9.0000000000000002e-001
epsilonDash  = +9.9999999999999995e-008
xPrint       = %+8.3e 
XPrint       = %+8.3e 
YPrint       = %+8.3e 
infPrint     = %+10.16e 

                         Time(sec)  Ratio(% : MainLoop) 
 Predictor time  =       0.006778,  44.472147
 Corrector time  =       0.003003,  19.703432
 Make bMat time  =       0.001000,  6.561249
 Make bDia time  =       0.000000,  0.000000
 Make bF1  time  =       0.000000,  0.000000
 Make bF2  time  =       0.000000,  0.000000
 Make bF3  time  =       0.000000,  0.000000
 Make bPRE time  =       0.000000,  0.000000
 Make rMat time  =       0.000997,  6.541566
 Make gVec Mul   =       0.000000,  0.000000
 Make gVec time  =       0.000000,  0.000000
 Cholesky bMat   =       0.001999,  13.115937
 Ste Pre time    =       0.000000,  0.000000
 Ste Cor time    =       0.003464,  22.728167
 solve           =       0.000000,  0.000000
 sumDz           =       0.003788,  24.854012
 makedX          =       0.000000,  0.000000
 symmetriseDx    =       0.001997,  13.102815
 makedXdZ        =       0.005785,  37.956827
 xMatTime        =       0.000000,  0.000000
 zMatTime        =       0.000998,  6.548127
 invzMatTime     =       0.000000,  0.000000
 xMatzMatTime    =       0.000000,  0.000000
 EigxMatTime     =       0.002466,  16.180041
 EigzMatTime     =       0.000998,  6.548127
 EigxMatzMatTime =       0.000000,  0.000000
 updateRes       =       0.000000,  0.000000
 EigTime         =       0.003464,  22.728167
 sub_total_bMat  =       0.014241,  93.438751
 Main Loop       =       0.015241,  100.000000
 File Check      =       0.000000,  0.000000
 File Change     =       0.000000,  0.000000
 File Read       =       0.000000,  0.000000
 Total           =       0.015241,  100.000000

xVec = 
{+6.847e+000,-8.091e-008,+9.759e-001,-7.411e-007,+9.761e-001,-7.411e-007,-9.770e-001,-9.772e-001,-9.715e-001,-9.988e-001,-9.989e-001}
xMat = 
{
{ {+7.847e+000,-1.954e+000,-3.923e+000,-9.989e-001,-3.924e+000,-9.988e-001 },
  {-1.954e+000,+1.000e+000,+9.770e-001,+0.000e+000,+9.772e-001,+0.000e+000 },
  {-3.923e+000,+9.770e-001,+2.952e+000,+0.000e+000,+9.715e-001,+9.988e-001 },
  {-9.989e-001,+0.000e+000,+0.000e+000,+1.000e+000,+9.989e-001,+0.000e+000 },
  {-3.924e+000,+9.772e-001,+9.715e-001,+9.989e-001,+2.952e+000,+0.000e+000 },
  {-9.988e-001,+0.000e+000,+9.988e-001,+0.000e+000,+0.000e+000,+1.000e+000 }   }
}
yMat = 
{
{ {+1.000e+000,+7.703e-008,+1.000e+000,+5.135e-008,+1.000e+000,+5.129e-008 },
  {+7.703e-008,+7.703e-008,+5.138e-008,+2.569e-008,+5.135e-008,+2.563e-008 },
  {+1.000e+000,+5.138e-008,+1.000e+000,+5.137e-008,+1.000e+000,+2.564e-008 },
  {+5.135e-008,+2.569e-008,+5.137e-008,+5.135e-008,+2.567e-008,-2.298e-011 },
  {+1.000e+000,+5.135e-008,+1.000e+000,+2.567e-008,+1.000e+000,+5.131e-008 },
  {+5.129e-008,+2.563e-008,+2.564e-008,-2.298e-011,+5.131e-008,+5.129e-008 }   }
}
    main loop time = 0.015241
        total time = 0.015241
  file  check time = 0.000000
  file change time = 0.000000
  file   read time = 0.000000
SDPA end at [Thu Jul 15 21:27:31 2021]
ALL TIME = 0.017675
