Answer of test tests/testset3-1/dense25negative-definite6.dat-s
[General Setting]
Primal solution:
[[ 1.75998827e-05  1.07690517e-03 -9.37598440e-04  2.45235972e-03
   1.01734589e-04 -9.83366891e-04  4.86730187e-04 -2.92236078e-04
  -2.80720480e-04  1.64953541e-03  3.15764801e-03 -6.14111633e-04
   2.37860277e-03  4.44100590e-04 -1.10470196e-03  3.18252572e-05
   2.18465182e-03  1.02737624e-03 -1.78854547e-04 -1.35532617e-03
   1.03249004e-03 -5.65992767e-04 -4.65904546e-04  1.85327933e-03
   2.46173937e-03]
 [ 1.07690517e-03  6.58938927e-02 -5.73699640e-02  1.50055485e-01
   6.22495676e-03 -6.01704533e-02  2.97821457e-02 -1.78814006e-02
  -1.71767818e-02  1.00932108e-01  1.93210809e-01 -3.75763874e-02
   1.45542430e-01  2.71737172e-02 -6.75947283e-02  1.94733029e-03
   1.33674920e-01  6.28633063e-02 -1.09437884e-02 -8.29299733e-02
   6.31762105e-02 -3.46320805e-02 -2.85078621e-02  1.13398832e-01
   1.50629409e-01]
 [-9.37598440e-04 -5.73699640e-02  4.99486772e-02 -1.30644547e-01
  -5.41970630e-03  5.23868996e-02 -2.59295749e-02  1.55682912e-02
   1.49548208e-02 -8.78756917e-02 -1.68217367e-01  3.27155659e-02
  -1.26715294e-01 -2.36585686e-02  5.88507822e-02 -1.69542676e-03
  -1.16382946e-01 -5.47314095e-02  9.52811740e-03  7.22022845e-02
  -5.50038369e-02  3.01521299e-02  2.48201306e-02 -9.87297404e-02
  -1.31144230e-01]
 [ 2.45235972e-03  1.50055485e-01 -1.30644547e-01  3.41710707e-01
   1.41756522e-02 -1.37021903e-01  6.78207666e-02 -4.07200445e-02
  -3.91154662e-02  2.29845526e-01  4.39985262e-01 -8.55700401e-02
   3.31433447e-01  6.18807776e-02 -1.53928677e-01  4.43451707e-03
   3.04408407e-01  1.43154146e-01 -2.49215126e-02 -1.88850543e-01
   1.43866701e-01 -7.88651790e-02 -6.49189311e-02  2.58235112e-01
   3.43017664e-01]
 [ 1.01734589e-04  6.22495676e-03 -5.41970630e-03  1.41756522e-02
   5.88067954e-04 -5.68426685e-03  2.81350154e-03 -1.68924526e-03
  -1.62268034e-03  9.53499606e-03  1.82525099e-02 -3.54981891e-03
   1.37493066e-02  2.56708486e-03 -6.38563368e-03  1.83963131e-04
   1.26281900e-02  5.93865907e-03 -1.03385316e-03 -7.83434514e-03
   5.96821895e-03 -3.27167199e-03 -2.69312074e-03  1.07127201e-02
   1.42298705e-02]
 [-9.83366891e-04 -6.01704533e-02  5.23868996e-02 -1.37021903e-01
  -5.68426685e-03  5.49441429e-02 -2.71953156e-02  1.63282504e-02
   1.56848337e-02 -9.21653045e-02 -1.76428823e-01  3.43125617e-02
  -1.32900845e-01 -2.48134511e-02  6.17235570e-02 -1.77818826e-03
  -1.22064127e-01 -5.74030989e-02  9.99322821e-03  7.57268069e-02
  -5.76888248e-02  3.16239927e-02  2.60317143e-02 -1.03549189e-01
  -1.37545977e-01]
 [ 4.86730187e-04  2.97821457e-02 -2.59295749e-02  6.78207666e-02
   2.81350154e-03 -2.71953156e-02  1.34606739e-02 -8.08187915e-03
  -7.76341171e-03  4.56184119e-02  8.73257324e-02 -1.69834471e-02
   6.57809954e-02  1.22817392e-02 -3.05508745e-02  8.80137324e-04
   6.04172218e-02  2.84124077e-02 -4.94627781e-03 -3.74819645e-02
   2.85538314e-02 -1.56527050e-02 -1.28847343e-02  5.12530130e-02
   6.80801638e-02]
 [-2.92236078e-04 -1.78814006e-02  1.55682912e-02 -4.07200445e-02
  -1.68924526e-03  1.63282504e-02 -8.08187915e-03  4.85241461e-03
   4.66120462e-03 -2.73896014e-02 -5.24309572e-02  1.01969759e-02
  -3.94953522e-02 -7.37403883e-03  1.83429506e-02 -5.28440370e-04
  -3.62749064e-02 -1.70590007e-02  2.96977847e-03  2.25044236e-02
  -1.71439125e-02  9.39798940e-03  7.73608118e-03 -3.07726538e-02
  -4.08757884e-02]
 [-2.80720480e-04 -1.71767818e-02  1.49548208e-02 -3.91154662e-02
  -1.62268034e-03  1.56848337e-02 -7.76341171e-03  4.66120462e-03
   4.47752928e-03 -2.63103108e-02 -5.03649089e-02  9.79516282e-03
  -3.79390330e-02 -7.08346393e-03  1.76201443e-02 -5.07617113e-04
  -3.48454893e-02 -1.63867887e-02  2.85275399e-03  2.16176341e-02
  -1.64683545e-02  9.02766047e-03  7.43123995e-03 -2.95600536e-02
  -3.92650729e-02]
 [ 1.64953541e-03  1.00932108e-01 -8.78756917e-02  2.29845526e-01
   9.53499606e-03 -9.21653045e-02  4.56184119e-02 -2.73896014e-02
  -2.63103108e-02  1.54601436e-01  2.95948128e-01 -5.75571396e-02
   2.22932713e-01  4.16229858e-02 -1.03537341e-01  2.98279769e-03
   2.04754809e-01  9.62900468e-02 -1.67630046e-02 -1.27026902e-01
   9.67693338e-02 -5.30472361e-02 -4.36665447e-02  1.73697177e-01
   2.30724627e-01]
 [ 3.15764801e-03  1.93210809e-01 -1.68217367e-01  4.39985262e-01
   1.82525099e-02 -1.76428823e-01  8.73257324e-02 -5.24309572e-02
  -5.03649089e-02  2.95948128e-01  5.66523163e-01 -1.10179622e-01
   4.26752305e-01  7.96774277e-02 -1.98197914e-01  5.70986543e-03
   3.91954979e-01  1.84324673e-01 -3.20888342e-02 -2.43163160e-01
   1.85242156e-01 -1.01546471e-01 -8.35893413e-02  3.32502439e-01
   4.41668094e-01]
 [-6.14111633e-04 -3.75763874e-02  3.27155659e-02 -8.55700401e-02
  -3.54981891e-03  3.43125617e-02 -1.69834471e-02  1.01969759e-02
   9.79516282e-03 -5.75571396e-02 -1.10179622e-01  2.14281602e-02
  -8.29964433e-02 -1.54959752e-02  3.85462990e-02 -1.11047677e-03
  -7.62289243e-02 -3.58481773e-02  6.24076093e-03  4.72913145e-02
  -3.60266128e-02  1.97491515e-02  1.62567793e-02 -6.46663639e-02
  -8.58973238e-02]
 [ 2.37860277e-03  1.45542430e-01 -1.26715294e-01  3.31433447e-01
   1.37493066e-02 -1.32900845e-01  6.57809954e-02 -3.94953522e-02
  -3.79390330e-02  2.22932713e-01  4.26752305e-01 -8.29964433e-02
   3.21465284e-01  6.00196570e-02 -1.49299132e-01  4.30114493e-03
   2.95253048e-01  1.38848655e-01 -2.41719754e-02 -1.83170691e-01
   1.39539779e-01 -7.64932370e-02 -6.29664352e-02  2.50468457e-01
   3.32701095e-01]
 [ 4.44100590e-04  2.71737172e-02 -2.36585686e-02  6.18807776e-02
   2.56708486e-03 -2.48134511e-02  1.22817392e-02 -7.37403883e-03
  -7.08346393e-03  4.16229858e-02  7.96774277e-02 -1.54959752e-02
   6.00196570e-02  1.12060599e-02 -2.78751179e-02  8.03051701e-04
   5.51256621e-02  2.59239459e-02 -4.51306484e-03 -3.41991579e-02
   2.60529832e-02 -1.42817843e-02 -1.17562425e-02  4.67640880e-02
   6.21174559e-02]
 [-1.10470196e-03 -6.75947283e-02  5.88507822e-02 -1.53928677e-01
  -6.38563368e-03  6.17235570e-02 -3.05508745e-02  1.83429506e-02
   1.76201443e-02 -1.03537341e-01 -1.98197914e-01  3.85462990e-02
  -1.49299132e-01 -2.78751179e-02  6.93394654e-02 -1.99759426e-03
  -1.37125301e-01 -6.44859172e-02  1.12262665e-02  8.50705397e-02
  -6.48068980e-02  3.55259945e-02  2.92436994e-02 -1.16325853e-01
  -1.54517415e-01]
 [ 3.18252572e-05  1.94733029e-03 -1.69542676e-03  4.43451707e-03
   1.83963131e-04 -1.77818826e-03  8.80137324e-04 -5.28440370e-04
  -5.07617113e-04  2.98279769e-03  5.70986543e-03 -1.11047677e-03
   4.30114493e-03  8.03051701e-04 -1.99759426e-03  5.75485089e-05
   3.95043015e-03  1.85776884e-03 -3.23416477e-04 -2.45078933e-03
   1.86701595e-03 -1.02346510e-03 -8.42479039e-04  3.35122075e-03
   4.45147797e-03]
 [ 2.18465182e-03  1.33674920e-01 -1.16382946e-01  3.04408407e-01
   1.26281900e-02 -1.22064127e-01  6.04172218e-02 -3.62749064e-02
  -3.48454893e-02  2.04754809e-01  3.91954979e-01 -7.62289243e-02
   2.95253048e-01  5.51256621e-02 -1.37125301e-01  3.95043015e-03
   2.71178153e-01  1.27526954e-01 -2.22009957e-02 -1.68234977e-01
   1.28161724e-01 -7.02559886e-02 -5.78321604e-02  2.30045292e-01
   3.05572692e-01]
 [ 1.02737624e-03  6.28633063e-02 -5.47314095e-02  1.43154146e-01
   5.93865907e-03 -5.74030989e-02  2.84124077e-02 -1.70590007e-02
  -1.63867887e-02  9.62900468e-02  1.84324673e-01 -3.58481773e-02
   1.38848655e-01  2.59239459e-02 -6.44859172e-02  1.85776884e-03
   1.27526954e-01  5.99721024e-02 -1.04404626e-02 -7.91158649e-02
   6.02706156e-02 -3.30392847e-02 -2.71967309e-02  1.08183403e-01
   1.43701674e-01]
 [-1.78854547e-04 -1.09437884e-02  9.52811740e-03 -2.49215126e-02
  -1.03385316e-03  9.99322821e-03 -4.94627781e-03  2.96977847e-03
   2.85275399e-03 -1.67630046e-02 -3.20888342e-02  6.24076093e-03
  -2.41719754e-02 -4.51306484e-03  1.12262665e-02 -3.23416477e-04
  -2.22009957e-02 -1.04404626e-02  1.81756608e-03  1.37731744e-02
  -1.04924303e-02  5.75176460e-03  4.73464227e-03 -1.88335029e-02
  -2.50168310e-02]
 [-1.35532617e-03 -8.29299733e-02  7.22022845e-02 -1.88850543e-01
  -7.83434514e-03  7.57268069e-02 -3.74819645e-02  2.25044236e-02
   2.16176341e-02 -1.27026902e-01 -2.43163160e-01  4.72913145e-02
  -1.83170691e-01 -3.41991579e-02  8.50705397e-02 -2.45078933e-03
  -1.68234977e-01 -7.91158649e-02  1.37731744e-02  1.04370530e-01
  -7.95096669e-02  4.35857921e-02  3.58782301e-02 -1.42716749e-01
  -1.89572848e-01]
 [ 1.03249004e-03  6.31762105e-02 -5.50038369e-02  1.43866701e-01
   5.96821895e-03 -5.76888248e-02  2.85538314e-02 -1.71439125e-02
  -1.64683545e-02  9.67693338e-02  1.85242156e-01 -3.60266128e-02
   1.39539779e-01  2.60529832e-02 -6.48068980e-02  1.86701595e-03
   1.28161724e-01  6.02706156e-02 -1.04924303e-02 -7.95096669e-02
   6.05706146e-02 -3.32037389e-02 -2.73321036e-02  1.08721889e-01
   1.44416954e-01]
 [-5.65992767e-04 -3.46320805e-02  3.01521299e-02 -7.88651790e-02
  -3.27167199e-03  3.16239927e-02 -1.56527050e-02  9.39798940e-03
   9.02766047e-03 -5.30472361e-02 -1.01546471e-01  1.97491515e-02
  -7.64932370e-02 -1.42817843e-02  3.55259945e-02 -1.02346510e-03
  -7.02559886e-02 -3.30392847e-02  5.75176460e-03  4.35857921e-02
  -3.32037389e-02  1.82017020e-02  1.49829754e-02 -5.95994153e-02
  -7.91668182e-02]
 [-4.65904546e-04 -2.85078621e-02  2.48201306e-02 -6.49189311e-02
  -2.69312074e-03  2.60317143e-02 -1.28847343e-02  7.73608118e-03
   7.43123995e-03 -4.36665447e-02 -8.35893413e-02  1.62567793e-02
  -6.29664352e-02 -1.17562425e-02  2.92436994e-02 -8.42479039e-04
  -5.78321604e-02 -2.71967309e-02  4.73464227e-03  3.58782301e-02
  -2.73321036e-02  1.49829754e-02  1.23334374e-02 -4.90600591e-02
  -6.51672295e-02]
 [ 1.85327933e-03  1.13398832e-01 -9.87297404e-02  2.58235112e-01
   1.07127201e-02 -1.03549189e-01  5.12530130e-02 -3.07726538e-02
  -2.95600536e-02  1.73697177e-01  3.32502439e-01 -6.46663639e-02
   2.50468457e-01  4.67640880e-02 -1.16325853e-01  3.35122075e-03
   2.30045292e-01  1.08183403e-01 -1.88335029e-02 -1.42716749e-01
   1.08721889e-01 -5.95994153e-02 -4.90600591e-02  1.95151547e-01
   2.59222796e-01]
 [ 2.46173937e-03  1.50629409e-01 -1.31144230e-01  3.43017664e-01
   1.42298705e-02 -1.37545977e-01  6.80801638e-02 -4.08757884e-02
  -3.92650729e-02  2.30724627e-01  4.41668094e-01 -8.58973238e-02
   3.32701095e-01  6.21174559e-02 -1.54517415e-01  4.45147797e-03
   3.05572692e-01  1.43701674e-01 -2.50168310e-02 -1.89572848e-01
   1.44416954e-01 -7.91668182e-02 -6.51672295e-02  2.59222796e-01
   3.44329619e-01]]
Dual solution:
0
Tr(CX) = 3.4526434569318734
Primal and dual gap: 0
Number of iterations: 89567
Max error in symmetry of Q: 0
Maximum h bound: 0.003
Method name is: Physarum SDC modified (v.2)
Restart factor: 1000
Infeasibility: 4.263256414560601e-14
Time spent (seconds): 74.17075538635254
