Answer of test tests/testset3-1/dense25negative-definite17.dat-s
[General Setting]
Primal solution:
[[ 0.03998698  0.07362839 -0.07866278 -0.05879442  0.11265503  0.04443824
  -0.09032617  0.01565897  0.08344349  0.03874089 -0.04683434  0.05069745
  -0.05993771  0.11560828  0.01175209 -0.01016178 -0.15827824 -0.02639589
  -0.01000424  0.03008213 -0.07146475 -0.09596492 -0.01315766  0.03843268
  -0.05726264]
 [ 0.07362839  0.13557262 -0.14484249 -0.1082587   0.20743274  0.08182453
  -0.1663184   0.02883301  0.15364526  0.07133396 -0.08623651  0.09334967
  -0.11036386  0.21287058  0.02163923 -0.01871098 -0.29143918 -0.04860299
  -0.01842089  0.05539049 -0.1315887  -0.17670109 -0.02422732  0.07076645
  -0.10543823]
 [-0.07866278 -0.14484249  0.15474619  0.11566096 -0.22161609 -0.08741934
   0.17769053 -0.03080448 -0.16415085 -0.07621147  0.09213299 -0.09973252
   0.11791006 -0.22742574 -0.02311882  0.01999035  0.31136652  0.05192625
   0.01968043 -0.05917785  0.14058617  0.18878315  0.02588388 -0.07560515
   0.11264764]
 [-0.05879442 -0.1082587   0.11566096  0.08644773 -0.1656411  -0.06533928
   0.13281009 -0.023024   -0.12269022 -0.05696225  0.06886237 -0.07454244
   0.08812876 -0.16998337 -0.01727955  0.01494126  0.23272269  0.0388109
   0.01470962 -0.04423093  0.10507742  0.14110098  0.01934622 -0.05650908
   0.08419551]
 [ 0.11265503  0.20743274 -0.22161609 -0.1656411   0.31738224  0.12519554
  -0.25447528  0.04411591  0.23508476  0.10914445 -0.13194607  0.14282956
  -0.16886209  0.32570239  0.03310907 -0.02862871 -0.44591619 -0.07436495
  -0.02818487  0.08475016 -0.20133715 -0.27036131 -0.03706898  0.10827613
  -0.16132565]
 [ 0.04443824  0.08182453 -0.08741934 -0.06533928  0.12519554  0.049385
  -0.10038107  0.01740209  0.09273223  0.04305344 -0.05204784  0.05634097
  -0.06660984  0.12847753  0.0130603  -0.01129296 -0.17589742 -0.02933422
  -0.01111789  0.0334308  -0.07942005 -0.10664752 -0.01462234  0.04271092
  -0.06363699]
 [-0.09032617 -0.1663184   0.17769053  0.13281009 -0.25447528 -0.10038107
   0.20403683 -0.03537189 -0.18848962 -0.0875114   0.10579361 -0.11451993
   0.13539267 -0.26114633 -0.02654667  0.02295433  0.35753307  0.05962539
   0.02259846 -0.0679522   0.16143098  0.21677417  0.0297217  -0.08681519
   0.12934999]
 [ 0.01565897  0.02883301 -0.03080448 -0.023024    0.04411591  0.01740209
  -0.03537189  0.00613208  0.03267662  0.015171   -0.01834041  0.01985321
  -0.02347171  0.0452724   0.00460214 -0.00397937 -0.06198204 -0.01033668
  -0.00391768  0.01178021 -0.02798572 -0.03758003 -0.00515256  0.01505031
  -0.02242415]
 [ 0.08344349  0.15364526 -0.16415085 -0.12269022  0.23508476  0.09273223
  -0.18848962  0.03267662  0.17412708  0.0808432  -0.09773235  0.10579374
  -0.12507601  0.24124749  0.02452386 -0.02120526 -0.33028975 -0.05508205
  -0.02087651  0.06277437 -0.14913026 -0.2002564  -0.02745696  0.08020004
  -0.11949377]
 [ 0.03874089  0.07133396 -0.07621147 -0.05696225  0.10914445  0.04305344
  -0.0875114   0.015171    0.0808432   0.03753364 -0.04537488  0.0491176
  -0.05806992  0.11200566  0.01138587 -0.00984511 -0.15334594 -0.02557333
  -0.00969248  0.0291447  -0.06923775 -0.09297444 -0.01274764  0.03723503
  -0.05547821]
 [-0.04683434 -0.08623651  0.09213299  0.06886237 -0.13194607 -0.05204784
   0.10579361 -0.01834041 -0.09773235 -0.04537488  0.05485425 -0.05937887
   0.07020144 -0.13540503 -0.01376451  0.01190188  0.1853818   0.03091592
   0.01171736 -0.03523339  0.08370237  0.11239795  0.01541078 -0.04501389
   0.0670683 ]
 [ 0.05069745  0.09334967 -0.09973252 -0.07454244  0.14282956  0.05634097
  -0.11451993  0.01985321  0.10579374  0.0491176  -0.05937887  0.0642767
  -0.07599196  0.14657383  0.01489987 -0.0128836  -0.2006729  -0.033466
  -0.01268386  0.03813959 -0.09060651 -0.12166903 -0.01668192  0.04872684
  -0.07260038]
 [-0.05993771 -0.11036386  0.11791006  0.08812876 -0.16886209 -0.06660984
   0.13539267 -0.02347171 -0.12507601 -0.05806992  0.07020144 -0.07599196
   0.08984248 -0.1732888  -0.01761556  0.0152318   0.23724813  0.03956561
   0.01499566 -0.04509102  0.10712072  0.14384478  0.01972242 -0.05760793
   0.08583274]
 [ 0.11560828  0.21287058 -0.22742574 -0.16998337  0.32570239  0.12847753
  -0.26114633  0.0452724   0.24124749  0.11200566 -0.13540503  0.14657383
  -0.1732888   0.33424066  0.03397702 -0.02937921 -0.45760585 -0.07631442
  -0.02892373  0.08697188 -0.20661519 -0.27744882 -0.03804074  0.11111458
  -0.16555479]
 [ 0.01175209  0.02163923 -0.02311882 -0.01727955  0.03310907  0.0130603
  -0.02654667  0.00460214  0.02452386  0.01138587 -0.01376451  0.01489987
  -0.01761556  0.03397702  0.00345391 -0.00298652 -0.04651764 -0.00775769
  -0.00294022  0.00884107 -0.02100334 -0.02820389 -0.00386701  0.01129528
  -0.01682937]
 [-0.01016178 -0.01871098  0.01999035  0.01494126 -0.02862871 -0.01129296
   0.02295433 -0.00397937 -0.02120526 -0.00984511  0.01190188 -0.0128836
   0.0152318  -0.02937921 -0.00298652  0.00258238  0.0402228   0.00670791
   0.00254235 -0.00764469  0.01816114  0.0243873   0.00334372 -0.00976679
   0.01455199]
 [-0.15827824 -0.29143918  0.31136652  0.23272269 -0.44591619 -0.17589742
   0.35753307 -0.06198204 -0.33028975 -0.15334594  0.1853818  -0.2006729
   0.23724813 -0.45760585 -0.04651764  0.0402228   0.62650402  0.10448138
   0.03959922 -0.11907241  0.28287498  0.37985266  0.05208124 -0.15212596
   0.22665956]
 [-0.02639589 -0.04860299  0.05192625  0.0388109  -0.07436495 -0.02933422
   0.05962539 -0.01033668 -0.05508205 -0.02557333  0.03091592 -0.033466
   0.03956561 -0.07631442 -0.00775769  0.00670791  0.10448138  0.01742424
   0.00660392 -0.01985757  0.04717475  0.0633476   0.00868553 -0.02536988
   0.03779976]
 [-0.01000424 -0.01842089  0.01968043  0.01470962 -0.02818487 -0.01111789
   0.02259846 -0.00391768 -0.02087651 -0.00969248  0.01171736 -0.01268386
   0.01499566 -0.02892373 -0.00294022  0.00254235  0.03959922  0.00660392
   0.00250293 -0.00752617  0.01787958  0.02400921  0.00329188 -0.00961537
   0.01432639]
 [ 0.03008213  0.05539049 -0.05917785 -0.04423093  0.08475016  0.0334308
  -0.0679522   0.01178021  0.06277437  0.0291447  -0.03523339  0.03813959
  -0.04509102  0.08697188  0.00884107 -0.00764469 -0.11907241 -0.01985757
  -0.00752617  0.02263072 -0.05376279 -0.07219423 -0.00989848  0.02891283
  -0.04307858]
 [-0.07146475 -0.1315887   0.14058617  0.10507742 -0.20133715 -0.07942005
   0.16143098 -0.02798572 -0.14913026 -0.06923775  0.08370237 -0.09060651
   0.10712072 -0.20661519 -0.02100334  0.01816114  0.28287498  0.04717475
   0.01787958 -0.05376279  0.12772185  0.17150858  0.02351538 -0.06868692
   0.10233984]
 [-0.09596492 -0.17670109  0.18878315  0.14110098 -0.27036131 -0.10664752
   0.21677417 -0.03758003 -0.2002564  -0.09297444  0.11239795 -0.12166903
   0.14384478 -0.27744882 -0.02820389  0.0243873   0.37985266  0.0633476
   0.02400921 -0.07219423  0.17150858  0.23030665  0.03157712 -0.09223477
   0.13742487]
 [-0.01315766 -0.02422732  0.02588388  0.01934622 -0.03706898 -0.01462234
   0.0297217  -0.00515256 -0.02745696 -0.01274764  0.01541078 -0.01668192
   0.01972242 -0.03804074 -0.00386701  0.00334372  0.05208124  0.00868553
   0.00329188 -0.00989848  0.02351538  0.03157712  0.00432951 -0.01264622
   0.01884219]
 [ 0.03843268  0.07076645 -0.07560515 -0.05650908  0.10827613  0.04271092
  -0.08681519  0.01505031  0.08020004  0.03723503 -0.04501389  0.04872684
  -0.05760793  0.11111458  0.01129528 -0.00976679 -0.15212596 -0.02536988
  -0.00961537  0.02891283 -0.06868692 -0.09223477 -0.01264622  0.0369388
  -0.05503684]
 [-0.05726264 -0.10543823  0.11264764  0.08419551 -0.16132565 -0.06363699
   0.12934999 -0.02242415 -0.11949377 -0.05547821  0.0670683  -0.07260038
   0.08583274 -0.16555479 -0.01682937  0.01455199  0.22665956  0.03779976
   0.01432639 -0.04307858  0.10233984  0.13742487  0.01884219 -0.05503684
   0.08200196]]
Dual solution:
0
Tr(CX) = 5.031226495347431
Primal and dual gap: 0
Number of iterations: 39125
Max error in symmetry of Q: 0
Maximum h bound: 0.003
Method name is: Physarum SDC modified (v.2)
Restart factor: 1000
Infeasibility: 7.105427357601002e-14
Time spent (seconds): 47.182812213897705
