SDPA start at [Thu Jul 15 21:27:26 2021]
param  is ./param.sdpa 
data   is G:\Research\PhysarumSDPSolver\SDPA\testSet\testset3\dense25negative-definite19.dat-s  : sparse
"Dense tests with negative definite C matrices matrices have dimension 25 * 25 and 1-10 constraints"
out    is G:\Research\PhysarumSDPSolver\SDPA\testSet\testset3\dense25negative-definite19.dat-s.res
NumThreads  is set as 1
Schur computation : DENSE 
   mu      thetaP  thetaD  objP      objD      alphaP  alphaD  beta 
 0 1.0e+004 1.0e+000 1.0e+000 -0.00e+000 -1.52e+004 9.1e-001 1.0e+000 2.00e-001
 1 1.9e+003 9.3e-002 2.7e-015 +1.52e-001 -1.88e+004 9.7e-001 1.6e+000 2.00e-001
 2 3.0e+002 2.7e-003 4.7e-015 +1.62e-001 -6.96e+003 1.0e+000 1.1e+000 2.00e-001
 3 4.9e+001 9.3e-018 6.4e-017 +1.33e-001 -1.23e+003 9.0e+001 9.8e-001 1.00e-001
 4 6.0e+000 9.3e-018 9.6e-017 -2.25e-001 -1.49e+002 9.9e-001 9.9e-001 1.00e-001
 5 6.6e-001 9.3e-018 1.2e-017 -2.04e-001 -1.66e+001 2.5e+000 9.4e-001 1.00e-001
 6 9.9e-002 9.3e-018 8.0e-018 -3.66e-001 -2.85e+000 4.7e+000 9.8e-001 1.00e-001
 7 1.2e-002 9.3e-018 4.0e-018 -3.82e-001 -6.73e-001 2.8e+000 9.7e-001 1.00e-001
 8 1.5e-003 9.3e-018 2.0e-018 -3.83e-001 -4.20e-001 5.3e+000 9.8e-001 1.00e-001
 9 1.6e-004 9.3e-018 4.0e-018 -3.84e-001 -3.88e-001 1.1e+001 9.9e-001 1.00e-001
10 1.7e-005 1.9e-017 0.0e+000 -3.84e-001 -3.84e-001 1.4e+001 1.0e+000 1.00e-001
11 1.7e-006 1.9e-017 4.0e-018 -3.84e-001 -3.84e-001 1.4e+001 1.0e+000 1.00e-001
12 1.7e-007 1.9e-017 0.0e+000 -3.84e-001 -3.84e-001 1.4e+001 1.0e+000 1.00e-001
13 1.7e-008 1.9e-017 0.0e+000 -3.84e-001 -3.84e-001 9.0e-001 9.0e-001 1.00e-001

phase.value  = pdFEAS    
   Iteration = 13
          mu = +1.6817298491567101e-008
relative gap = +4.2043246217815522e-007
        gap  = +4.2043246217815522e-007
     digits  = +5.9601728687782636e+000
objValPrimal = -3.8359140887685905e-001
objValDual   = -3.8359182930932123e-001
p.feas.error = +1.7763568394002505e-015
d.feas.error = +0.0000000000000000e+000
total time   = 0.069871
** Paramters **
maxIteration = 100
epsilonStar  = +9.9999999999999995e-008
lambdaStar   = +1.0000000000000000e+002
omegaStar    = +2.0000000000000000e+000
lowerBound   = -1.0000000000000000e+005
upperBound   = +1.0000000000000000e+005
betaStar     = +1.0000000000000001e-001
betaBar      = +2.0000000000000001e-001
gammaStar    = +9.0000000000000002e-001
epsilonDash  = +9.9999999999999995e-008
xPrint       = %+8.3e 
XPrint       = %+8.3e 
YPrint       = %+8.3e 
infPrint     = %+10.16e 

                         Time(sec)  Ratio(% : MainLoop) 
 Predictor time  =       0.015879,  23.749626
 Corrector time  =       0.010976,  16.416392
 Make bMat time  =       0.005000,  7.478313
 Make bDia time  =       0.000000,  0.000000
 Make bF1  time  =       0.002013,  3.010769
 Make bF2  time  =       0.000000,  0.000000
 Make bF3  time  =       0.000000,  0.000000
 Make bPRE time  =       0.002013,  3.010769
 Make rMat time  =       0.001001,  1.497158
 Make gVec Mul   =       0.000000,  0.000000
 Make gVec time  =       0.000000,  0.000000
 Cholesky bMat   =       0.000000,  0.000000
 Ste Pre time    =       0.000000,  0.000000
 Ste Cor time    =       0.033911,  50.719414
 solve           =       0.000000,  0.000000
 sumDz           =       0.000000,  0.000000
 makedX          =       0.002995,  4.479509
 symmetriseDx    =       0.017859,  26.711038
 makedXdZ        =       0.020854,  31.190547
 xMatTime        =       0.000999,  1.494167
 zMatTime        =       0.001995,  2.983847
 invzMatTime     =       0.000000,  0.000000
 xMatzMatTime    =       0.000000,  0.000000
 EigxMatTime     =       0.016951,  25.352976
 EigzMatTime     =       0.016960,  25.366437
 EigxMatzMatTime =       0.000000,  0.000000
 updateRes       =       0.001995,  2.983847
 EigTime         =       0.033911,  50.719414
 sub_total_bMat  =       0.061860,  92.521687
 Main Loop       =       0.066860,  100.000000
 File Check      =       0.000000,  0.000000
 File Change     =       0.000000,  0.000000
 File Read       =       0.003011,  4.503440
 Total           =       0.069871,  104.503440

xVec = 
{-2.131e-002}
xMat = 
{
{ {+7.281e+000,+7.144e-001,+2.896e-001,-1.190e+000,-2.287e+000,-5.797e-001,-1.325e-001,+1.874e-001,-3.204e-001,-1.857e-001,+1.326e+000,-8.159e-001,-2.319e-001,-6.743e-001,+5.987e-001,+3.391e-001,+1.177e-001,-6.688e-001,-1.130e+000,-1.311e+000,+6.828e-001,-6.985e-001,+8.636e-002,+1.101e-001,+9.520e-001 },
  {+7.144e-001,+7.562e+000,-7.132e-001,-2.336e-001,+1.001e+000,+1.926e-001,-5.775e-001,-6.693e-001,+3.446e-001,-2.843e-001,-3.403e-001,+4.804e-001,+4.805e-002,-6.107e-001,-1.801e-001,-8.081e-001,+3.989e-001,-7.410e-001,-4.818e-001,+4.953e-001,+9.019e-001,-1.042e+000,+5.713e-001,+1.027e-001,+1.347e-001 },
  {+2.896e-001,-7.132e-001,+6.226e+000,-1.694e+000,-7.404e-001,-1.190e+000,+2.582e-001,+3.141e-001,+1.109e+000,+1.237e+000,-6.016e-001,+1.190e+000,-7.290e-001,+4.025e-002,+3.652e-001,+1.005e+000,-2.777e-001,-9.149e-001,-5.774e-002,+1.071e+000,+5.869e-001,+5.212e-001,+1.532e-001,-1.683e-001,+4.208e-001 },
  {-1.190e+000,-2.336e-001,-1.694e+000,+6.936e+000,-1.975e-001,-4.264e-001,+1.132e+000,+3.378e-001,-6.187e-001,+5.372e-001,+2.119e-001,+4.743e-001,-3.211e-001,-2.481e-001,+1.591e+000,-3.498e-001,-3.739e-001,-2.910e-002,-6.645e-001,-1.762e-001,+9.940e-001,+7.104e-003,+8.472e-001,+5.778e-001,+1.136e+000 },
  {-2.287e+000,+1.001e+000,-7.404e-001,-1.975e-001,+4.594e+000,+4.833e-001,+5.017e-001,+8.720e-001,+3.358e-001,-3.327e-001,-3.385e-001,-3.490e-001,-3.858e-003,+5.594e-001,+5.593e-001,-1.423e-001,+8.189e-001,-5.567e-001,+9.191e-001,-4.701e-001,-4.880e-001,-1.040e+000,-3.555e-002,-7.807e-001,-1.090e+000 },
  {-5.797e-001,+1.926e-001,-1.190e+000,-4.264e-001,+4.833e-001,+4.699e+000,+4.434e-002,-6.574e-002,+7.514e-001,-3.379e-001,+6.657e-001,+3.054e-002,+6.427e-001,-9.144e-001,-5.354e-001,-3.240e-001,-7.763e-001,+6.885e-001,+1.964e-001,-3.382e-001,-1.518e-001,-4.317e-001,+1.277e+000,+1.090e-001,-9.394e-001 },
  {-1.325e-001,-5.775e-001,+2.582e-001,+1.132e+000,+5.017e-001,+4.434e-002,+6.687e+000,-3.909e-001,+9.874e-001,-3.517e-001,+2.244e-002,+2.106e-001,+2.561e-001,+4.448e-001,-1.031e+000,-1.613e-001,-9.134e-001,-6.303e-002,-3.080e-001,-2.793e-001,-7.313e-001,+2.148e-001,+6.696e-001,-6.775e-001,+5.340e-001 },
  {+1.874e-001,-6.693e-001,+3.141e-001,+3.378e-001,+8.720e-001,-6.574e-002,-3.909e-001,+5.720e+000,+3.928e-001,-7.041e-001,+1.441e+000,-2.934e-001,+3.920e-001,-1.105e+000,-3.534e-002,+9.429e-001,-7.593e-001,+6.756e-002,+3.891e-001,-7.581e-001,+5.824e-003,+3.903e-001,-1.953e-001,-8.772e-001,+3.908e-001 },
  {-3.204e-001,+3.446e-001,+1.109e+000,-6.187e-001,+3.358e-001,+7.514e-001,+9.874e-001,+3.928e-001,+7.198e+000,-9.741e-001,-7.330e-003,+5.423e-001,-5.336e-001,-3.068e-001,+7.702e-001,-1.586e+000,-4.241e-002,-2.914e-001,-9.914e-001,-1.732e-001,+4.825e-001,-6.387e-002,-1.309e-001,+2.075e-001,-3.809e-001 },
  {-1.857e-001,-2.843e-001,+1.237e+000,+5.372e-001,-3.327e-001,-3.379e-001,-3.517e-001,-7.041e-001,-9.741e-001,+7.412e+000,+1.318e+000,-5.843e-001,-7.277e-001,-6.421e-001,-6.624e-001,-5.721e-001,+1.588e-001,-1.520e+000,+2.286e-001,+1.667e-001,+8.575e-001,+7.214e-002,+2.953e-001,-7.641e-001,-8.879e-001 },
  {+1.326e+000,-3.403e-001,-6.016e-001,+2.119e-001,-3.385e-001,+6.657e-001,+2.244e-002,+1.441e+000,-7.330e-003,+1.318e+000,+5.133e+000,+2.853e-001,+2.235e-001,-8.209e-001,-4.261e-001,-2.265e-001,+4.323e-001,+1.883e-001,+2.827e-001,-7.001e-001,-4.065e-001,+2.913e-001,+1.209e-001,+4.420e-001,+4.636e-001 },
  {-8.159e-001,+4.804e-001,+1.190e+000,+4.743e-001,-3.490e-001,+3.054e-002,+2.106e-001,-2.934e-001,+5.423e-001,-5.843e-001,+2.853e-001,+5.051e+000,-8.382e-001,-2.301e+000,-2.646e-001,+2.823e-001,-1.134e+000,+2.752e-001,-9.549e-001,+5.865e-001,+2.066e-001,+1.175e+000,-1.042e+000,-1.192e-001,+1.202e-001 },
  {-2.319e-001,+4.805e-002,-7.290e-001,-3.211e-001,-3.858e-003,+6.427e-001,+2.561e-001,+3.920e-001,-5.336e-001,-7.277e-001,+2.235e-001,-8.382e-001,+6.135e+000,+9.787e-001,+8.598e-001,+1.065e+000,+3.355e-001,-4.578e-001,+1.686e-001,-9.089e-001,-8.030e-001,-1.029e+000,-2.399e-001,-3.935e-001,+1.273e+000 },
  {-6.743e-001,-6.107e-001,+4.025e-002,-2.481e-001,+5.594e-001,-9.144e-001,+4.448e-001,-1.105e+000,-3.068e-001,-6.421e-001,-8.209e-001,-2.301e+000,+9.787e-001,+5.582e+000,+3.875e-001,+7.578e-001,-1.238e+000,-7.762e-001,+6.789e-001,+4.598e-001,-1.483e-001,-2.903e-001,-1.541e-001,+6.073e-001,+5.953e-001 },
  {+5.987e-001,-1.801e-001,+3.652e-001,+1.591e+000,+5.593e-001,-5.354e-001,-1.031e+000,-3.534e-002,+7.702e-001,-6.624e-001,-4.261e-001,-2.646e-001,+8.598e-001,+3.875e-001,+6.970e+000,-5.874e-001,-1.744e+000,-6.295e-001,-1.916e-001,-1.876e-001,+1.103e-001,+9.116e-001,-4.577e-001,+1.022e+000,-2.054e-001 },
  {+3.391e-001,-8.081e-001,+1.005e+000,-3.498e-001,-1.423e-001,-3.240e-001,-1.613e-001,+9.429e-001,-1.586e+000,-5.721e-001,-2.265e-001,+2.823e-001,+1.065e+000,+7.578e-001,-5.874e-001,+6.687e+000,-5.913e-001,+1.016e+000,+3.358e-001,+1.032e-001,+4.230e-001,+1.623e+000,-2.939e-001,+1.337e+000,-1.624e-001 },
  {+1.177e-001,+3.989e-001,-2.777e-001,-3.739e-001,+8.189e-001,-7.763e-001,-9.134e-001,-7.593e-001,-4.241e-002,+1.588e-001,+4.323e-001,-1.134e+000,+3.355e-001,-1.238e+000,-1.744e+000,-5.913e-001,+7.166e+000,-9.095e-001,+1.073e+000,+4.974e-002,+3.505e-001,-4.323e-001,-7.652e-001,+6.752e-001,+1.042e+000 },
  {-6.688e-001,-7.410e-001,-9.149e-001,-2.910e-002,-5.567e-001,+6.885e-001,-6.303e-002,+6.756e-002,-2.914e-001,-1.520e+000,+1.883e-001,+2.752e-001,-4.578e-001,-7.762e-001,-6.295e-001,+1.016e+000,-9.095e-001,+4.104e+000,+2.995e-002,-8.954e-001,+1.158e+000,-8.935e-002,-1.646e-001,+6.593e-001,-5.688e-001 },
  {-1.130e+000,-4.818e-001,-5.774e-002,-6.645e-001,+9.191e-001,+1.964e-001,-3.080e-001,+3.891e-001,-9.914e-001,+2.286e-001,+2.827e-001,-9.549e-001,+1.686e-001,+6.789e-001,-1.916e-001,+3.358e-001,+1.073e+000,+2.995e-002,+6.269e+000,+4.129e-001,+7.883e-001,+3.866e-001,-1.952e-001,-2.424e-001,-7.223e-002 },
  {-1.311e+000,+4.953e-001,+1.071e+000,-1.762e-001,-4.701e-001,-3.382e-001,-2.793e-001,-7.581e-001,-1.732e-001,+1.667e-001,-7.001e-001,+5.865e-001,-9.089e-001,+4.598e-001,-1.876e-001,+1.032e-001,+4.974e-002,-8.954e-001,+4.129e-001,+5.121e+000,-5.146e-001,-4.031e-001,+1.404e+000,+9.654e-001,+6.301e-001 },
  {+6.828e-001,+9.019e-001,+5.869e-001,+9.940e-001,-4.880e-001,-1.518e-001,-7.313e-001,+5.824e-003,+4.825e-001,+8.575e-001,-4.065e-001,+2.066e-001,-8.030e-001,-1.483e-001,+1.103e-001,+4.230e-001,+3.505e-001,+1.158e+000,+7.883e-001,-5.146e-001,+7.191e+000,-2.876e-001,+1.113e+000,+5.593e-001,-5.369e-001 },
  {-6.985e-001,-1.042e+000,+5.212e-001,+7.104e-003,-1.040e+000,-4.317e-001,+2.148e-001,+3.903e-001,-6.387e-002,+7.214e-002,+2.913e-001,+1.175e+000,-1.029e+000,-2.903e-001,+9.116e-001,+1.623e+000,-4.323e-001,-8.935e-002,+3.866e-001,-4.031e-001,-2.876e-001,+5.506e+000,-3.614e-001,-8.292e-001,+3.921e-001 },
  {+8.636e-002,+5.713e-001,+1.532e-001,+8.472e-001,-3.555e-002,+1.277e+000,+6.696e-001,-1.953e-001,-1.309e-001,+2.953e-001,+1.209e-001,-1.042e+000,-2.399e-001,-1.541e-001,-4.577e-001,-2.939e-001,-7.652e-001,-1.646e-001,-1.952e-001,+1.404e+000,+1.113e+000,-3.614e-001,+5.163e+000,+7.883e-002,-5.765e-001 },
  {+1.101e-001,+1.027e-001,-1.683e-001,+5.778e-001,-7.807e-001,+1.090e-001,-6.775e-001,-8.772e-001,+2.075e-001,-7.641e-001,+4.420e-001,-1.192e-001,-3.935e-001,+6.073e-001,+1.022e+000,+1.337e+000,+6.752e-001,+6.593e-001,-2.424e-001,+9.654e-001,+5.593e-001,-8.292e-001,+7.883e-002,+5.973e+000,-4.557e-001 },
  {+9.520e-001,+1.347e-001,+4.208e-001,+1.136e+000,-1.090e+000,-9.394e-001,+5.340e-001,+3.908e-001,-3.809e-001,-8.879e-001,+4.636e-001,+1.202e-001,+1.273e+000,+5.953e-001,-2.054e-001,-1.624e-001,+1.042e+000,-5.688e-001,-7.223e-002,+6.301e-001,-5.369e-001,+3.921e-001,-5.765e-001,-4.557e-001,+5.249e+000 }   }
}
yMat = 
{
{ {+1.208e-002,-3.442e-003,+1.143e-002,+1.288e-002,+2.421e-002,-3.496e-003,-7.582e-003,-1.206e-002,+9.773e-004,-6.929e-003,+2.787e-003,-1.800e-002,+1.463e-002,-1.505e-002,-1.945e-002,-1.060e-002,-1.664e-002,+7.783e-004,-5.973e-004,+1.173e-002,+4.345e-003,+1.781e-002,-1.191e-002,+8.079e-003,-3.123e-003 },
  {-3.442e-003,+9.804e-004,-3.255e-003,-3.669e-003,-6.897e-003,+9.956e-004,+2.160e-003,+3.435e-003,-2.784e-004,+1.974e-003,-7.937e-004,+5.126e-003,-4.167e-003,+4.285e-003,+5.541e-003,+3.020e-003,+4.741e-003,-2.217e-004,+1.701e-004,-3.342e-003,-1.238e-003,-5.072e-003,+3.392e-003,-2.301e-003,+8.896e-004 },
  {+1.143e-002,-3.255e-003,+1.081e-002,+1.218e-002,+2.290e-002,-3.306e-003,-7.170e-003,-1.140e-002,+9.242e-004,-6.552e-003,+2.635e-003,-1.702e-002,+1.384e-002,-1.423e-002,-1.840e-002,-1.003e-002,-1.574e-002,+7.360e-004,-5.649e-004,+1.109e-002,+4.109e-003,+1.684e-002,-1.126e-002,+7.640e-003,-2.954e-003 },
  {+1.288e-002,-3.669e-003,+1.218e-002,+1.373e-002,+2.581e-002,-3.726e-003,-8.081e-003,-1.285e-002,+1.042e-003,-7.386e-003,+2.970e-003,-1.918e-002,+1.559e-002,-1.604e-002,-2.073e-002,-1.130e-002,-1.774e-002,+8.296e-004,-6.367e-004,+1.251e-002,+4.632e-003,+1.898e-002,-1.269e-002,+8.611e-003,-3.329e-003 },
  {+2.421e-002,-6.897e-003,+2.290e-002,+2.581e-002,+4.851e-002,-7.004e-003,-1.519e-002,-2.416e-002,+1.958e-003,-1.388e-002,+5.584e-003,-3.606e-002,+2.931e-002,-3.015e-002,-3.898e-002,-2.124e-002,-3.335e-002,+1.559e-003,-1.197e-003,+2.351e-002,+8.707e-003,+3.568e-002,-2.386e-002,+1.619e-002,-6.258e-003 },
  {-3.496e-003,+9.956e-004,-3.306e-003,-3.726e-003,-7.004e-003,+1.011e-003,+2.193e-003,+3.488e-003,-2.827e-004,+2.004e-003,-8.061e-004,+5.206e-003,-4.232e-003,+4.352e-003,+5.627e-003,+3.067e-003,+4.814e-003,-2.251e-004,+1.728e-004,-3.394e-003,-1.257e-003,-5.151e-003,+3.444e-003,-2.337e-003,+9.034e-004 },
  {-7.582e-003,+2.160e-003,-7.170e-003,-8.081e-003,-1.519e-002,+2.193e-003,+4.757e-003,+7.566e-003,-6.131e-004,+4.347e-003,-1.748e-003,+1.129e-002,-9.179e-003,+9.440e-003,+1.220e-002,+6.652e-003,+1.044e-002,-4.883e-004,+3.748e-004,-7.361e-003,-2.726e-003,-1.117e-002,+7.471e-003,-5.069e-003,+1.960e-003 },
  {-1.206e-002,+3.435e-003,-1.140e-002,-1.285e-002,-2.416e-002,+3.488e-003,+7.566e-003,+1.203e-002,-9.752e-004,+6.914e-003,-2.781e-003,+1.796e-002,-1.460e-002,+1.501e-002,+1.941e-002,+1.058e-002,+1.661e-002,-7.767e-004,+5.961e-004,-1.171e-002,-4.336e-003,-1.777e-002,+1.188e-002,-8.062e-003,+3.117e-003 },
  {+9.773e-004,-2.784e-004,+9.242e-004,+1.042e-003,+1.958e-003,-2.827e-004,-6.131e-004,-9.752e-004,+7.904e-005,-5.603e-004,+2.254e-004,-1.456e-003,+1.183e-003,-1.217e-003,-1.573e-003,-8.574e-004,-1.346e-003,+6.294e-005,-4.831e-005,+9.488e-004,+3.514e-004,+1.440e-003,-9.630e-004,+6.533e-004,-2.526e-004 },
  {-6.929e-003,+1.974e-003,-6.552e-003,-7.386e-003,-1.388e-002,+2.004e-003,+4.347e-003,+6.914e-003,-5.603e-004,+3.973e-003,-1.598e-003,+1.032e-002,-8.389e-003,+8.627e-003,+1.115e-002,+6.079e-003,+9.543e-003,-4.463e-004,+3.425e-004,-6.727e-003,-2.492e-003,-1.021e-002,+6.828e-003,-4.632e-003,+1.791e-003 },
  {+2.787e-003,-7.937e-004,+2.635e-003,+2.970e-003,+5.584e-003,-8.061e-004,-1.748e-003,-2.781e-003,+2.254e-004,-1.598e-003,+6.426e-004,-4.150e-003,+3.374e-003,-3.470e-003,-4.486e-003,-2.445e-003,-3.838e-003,+1.795e-004,-1.377e-004,+2.705e-003,+1.002e-003,+4.106e-003,-2.746e-003,+1.863e-003,-7.202e-004 },
  {-1.800e-002,+5.126e-003,-1.702e-002,-1.918e-002,-3.606e-002,+5.206e-003,+1.129e-002,+1.796e-002,-1.456e-003,+1.032e-002,-4.150e-003,+2.681e-002,-2.179e-002,+2.241e-002,+2.897e-002,+1.579e-002,+2.479e-002,-1.159e-003,+8.897e-004,-1.747e-002,-6.472e-003,-2.652e-002,+1.774e-002,-1.203e-002,+4.652e-003 },
  {+1.463e-002,-4.167e-003,+1.384e-002,+1.559e-002,+2.931e-002,-4.232e-003,-9.179e-003,-1.460e-002,+1.183e-003,-8.389e-003,+3.374e-003,-2.179e-002,+1.771e-002,-1.822e-002,-2.355e-002,-1.284e-002,-2.015e-002,+9.423e-004,-7.232e-004,+1.420e-002,+5.261e-003,+2.156e-002,-1.442e-002,+9.781e-003,-3.781e-003 },
  {-1.505e-002,+4.285e-003,-1.423e-002,-1.604e-002,-3.015e-002,+4.352e-003,+9.440e-003,+1.501e-002,-1.217e-003,+8.627e-003,-3.470e-003,+2.241e-002,-1.822e-002,+1.873e-002,+2.422e-002,+1.320e-002,+2.072e-002,-9.690e-004,+7.437e-004,-1.461e-002,-5.410e-003,-2.217e-002,+1.483e-002,-1.006e-002,+3.889e-003 },
  {-1.945e-002,+5.541e-003,-1.840e-002,-2.073e-002,-3.898e-002,+5.627e-003,+1.220e-002,+1.941e-002,-1.573e-003,+1.115e-002,-4.486e-003,+2.897e-002,-2.355e-002,+2.422e-002,+3.131e-002,+1.707e-002,+2.679e-002,-1.253e-003,+9.616e-004,-1.889e-002,-6.995e-003,-2.867e-002,+1.917e-002,-1.300e-002,+5.028e-003 },
  {-1.060e-002,+3.020e-003,-1.003e-002,-1.130e-002,-2.124e-002,+3.067e-003,+6.652e-003,+1.058e-002,-8.574e-004,+6.079e-003,-2.445e-003,+1.579e-002,-1.284e-002,+1.320e-002,+1.707e-002,+9.301e-003,+1.460e-002,-6.828e-004,+5.241e-004,-1.029e-002,-3.812e-003,-1.562e-002,+1.045e-002,-7.088e-003,+2.740e-003 },
  {-1.664e-002,+4.741e-003,-1.574e-002,-1.774e-002,-3.335e-002,+4.814e-003,+1.044e-002,+1.661e-002,-1.346e-003,+9.543e-003,-3.838e-003,+2.479e-002,-2.015e-002,+2.072e-002,+2.679e-002,+1.460e-002,+2.292e-002,-1.072e-003,+8.227e-004,-1.616e-002,-5.985e-003,-2.453e-002,+1.640e-002,-1.113e-002,+4.302e-003 },
  {+7.783e-004,-2.217e-004,+7.360e-004,+8.296e-004,+1.559e-003,-2.251e-004,-4.883e-004,-7.767e-004,+6.294e-005,-4.463e-004,+1.795e-004,-1.159e-003,+9.423e-004,-9.690e-004,-1.253e-003,-6.828e-004,-1.072e-003,+5.014e-005,-3.847e-005,+7.556e-004,+2.799e-004,+1.147e-003,-7.669e-004,+5.203e-004,-2.012e-004 },
  {-5.973e-004,+1.701e-004,-5.649e-004,-6.367e-004,-1.197e-003,+1.728e-004,+3.748e-004,+5.961e-004,-4.831e-005,+3.425e-004,-1.377e-004,+8.897e-004,-7.232e-004,+7.437e-004,+9.616e-004,+5.241e-004,+8.227e-004,-3.847e-005,+2.953e-005,-5.799e-004,-2.148e-004,-8.802e-004,+5.886e-004,-3.993e-004,+1.544e-004 },
  {+1.173e-002,-3.342e-003,+1.109e-002,+1.251e-002,+2.351e-002,-3.394e-003,-7.361e-003,-1.171e-002,+9.488e-004,-6.727e-003,+2.705e-003,-1.747e-002,+1.420e-002,-1.461e-002,-1.889e-002,-1.029e-002,-1.616e-002,+7.556e-004,-5.799e-004,+1.139e-002,+4.219e-003,+1.729e-002,-1.156e-002,+7.843e-003,-3.032e-003 },
  {+4.345e-003,-1.238e-003,+4.109e-003,+4.632e-003,+8.707e-003,-1.257e-003,-2.726e-003,-4.336e-003,+3.514e-004,-2.492e-003,+1.002e-003,-6.472e-003,+5.261e-003,-5.410e-003,-6.995e-003,-3.812e-003,-5.985e-003,+2.799e-004,-2.148e-004,+4.219e-003,+1.563e-003,+6.404e-003,-4.282e-003,+2.905e-003,-1.123e-003 },
  {+1.781e-002,-5.072e-003,+1.684e-002,+1.898e-002,+3.568e-002,-5.151e-003,-1.117e-002,-1.777e-002,+1.440e-003,-1.021e-002,+4.106e-003,-2.652e-002,+2.156e-002,-2.217e-002,-2.867e-002,-1.562e-002,-2.453e-002,+1.147e-003,-8.802e-004,+1.729e-002,+6.404e-003,+2.624e-002,-1.755e-002,+1.190e-002,-4.602e-003 },
  {-1.191e-002,+3.392e-003,-1.126e-002,-1.269e-002,-2.386e-002,+3.444e-003,+7.471e-003,+1.188e-002,-9.630e-004,+6.828e-003,-2.746e-003,+1.774e-002,-1.442e-002,+1.483e-002,+1.917e-002,+1.045e-002,+1.640e-002,-7.669e-004,+5.886e-004,-1.156e-002,-4.282e-003,-1.755e-002,+1.173e-002,-7.961e-003,+3.078e-003 },
  {+8.079e-003,-2.301e-003,+7.640e-003,+8.611e-003,+1.619e-002,-2.337e-003,-5.069e-003,-8.062e-003,+6.533e-004,-4.632e-003,+1.863e-003,-1.203e-002,+9.781e-003,-1.006e-002,-1.300e-002,-7.088e-003,-1.113e-002,+5.203e-004,-3.993e-004,+7.843e-003,+2.905e-003,+1.190e-002,-7.961e-003,+5.401e-003,-2.088e-003 },
  {-3.123e-003,+8.896e-004,-2.954e-003,-3.329e-003,-6.258e-003,+9.034e-004,+1.960e-003,+3.117e-003,-2.526e-004,+1.791e-003,-7.202e-004,+4.652e-003,-3.781e-003,+3.889e-003,+5.028e-003,+2.740e-003,+4.302e-003,-2.012e-004,+1.544e-004,-3.032e-003,-1.123e-003,-4.602e-003,+3.078e-003,-2.088e-003,+8.072e-004 }   }
}
    main loop time = 0.066860
        total time = 0.069871
  file  check time = 0.000000
  file change time = 0.000000
  file   read time = 0.003011
SDPA end at [Thu Jul 15 21:27:26 2021]
ALL TIME = 0.071214
