Answer of test tests/testset3-1/dense25negative-definite3.dat-s
[General Setting]
Primal solution:
[[ 2.01474806e-02 -2.40213344e-02  2.20585947e-02  2.79586431e-02
  -2.46226757e-02  3.11073183e-02 -4.01069474e-03 -5.37785000e-02
  -1.47783331e-02 -2.80492224e-02  2.54640959e-03 -2.75672594e-02
  -4.30767080e-02  2.27886561e-02 -6.86896248e-02 -2.21615998e-02
   1.04305185e-01 -7.46372626e-02  3.73898192e-02 -1.74238745e-03
  -4.36565053e-02 -1.52116265e-02  6.06833235e-02  6.54187935e-02
   1.49034484e-02]
 [-2.40213344e-02  2.86400393e-02 -2.62999109e-02 -3.33343826e-02
   2.93569979e-02 -3.70884800e-02  4.78185511e-03  6.41187546e-02
   1.76198384e-02  3.34423836e-02 -3.03601300e-03  3.28677505e-02
   5.13592776e-02 -2.71703423e-02  8.18969152e-02  2.64227130e-02
  -1.24360451e-01  8.89881356e-02 -4.45789407e-02  2.07740411e-03
   5.20505575e-02  1.81364360e-02 -7.23512063e-02 -7.79971834e-02
  -1.77690097e-02]
 [ 2.20585947e-02 -2.62999109e-02  2.41509915e-02  3.06106924e-02
  -2.69582904e-02  3.40580447e-02 -4.39113648e-03 -5.88797267e-02
  -1.61801519e-02 -3.07098665e-02  2.78794880e-03 -3.01821860e-02
  -4.71628032e-02  2.49503026e-02 -7.52052653e-02 -2.42637631e-02
   1.14199183e-01 -8.17170743e-02  4.09364763e-02 -1.90766343e-03
  -4.77975990e-02 -1.66545422e-02  6.64395179e-02  7.16241743e-02
   1.63171349e-02]
 [ 2.79586431e-02 -3.33343826e-02  3.06106924e-02  3.87981905e-02
  -3.41688673e-02  4.31675967e-02 -5.56563478e-03 -7.46283815e-02
  -2.05078789e-02 -3.89238832e-02  3.53365558e-03 -3.82550641e-02
  -5.97775128e-02  3.16237998e-02 -9.53205366e-02 -3.07536383e-02
   1.44744223e-01 -1.03574068e-01  5.18858232e-02 -2.41791019e-03
  -6.05820956e-02 -2.11091648e-02  8.42101966e-02  9.07816079e-02
   2.06815015e-02]
 [-2.46226757e-02  2.93569979e-02 -2.69582904e-02 -3.41688673e-02
   3.00919095e-02 -3.80169336e-02  4.90155831e-03  6.57238787e-02
   1.80609239e-02  3.42795669e-02 -3.11202171e-03  3.36905494e-02
   5.26449852e-02 -2.78505140e-02  8.39470898e-02  2.70841739e-02
  -1.27473643e-01  9.12158279e-02 -4.56949140e-02  2.12940969e-03
   5.33535685e-02  1.85904601e-02 -7.41624147e-02 -7.99497353e-02
  -1.82138299e-02]
 [ 3.11073183e-02 -3.70884800e-02  3.40580447e-02  4.31675967e-02
  -3.80169336e-02  4.80291017e-02 -6.19243963e-03 -8.30329599e-02
  -2.28174627e-02 -4.33074552e-02  3.93159943e-03 -4.25633129e-02
  -6.65096016e-02  3.51852427e-02 -1.06055448e-01 -3.42170738e-02
   1.61045179e-01 -1.15238487e-01  5.77291535e-02 -2.69021173e-03
  -6.74047998e-02 -2.34864516e-02  9.36938776e-02  1.01005346e-01
   2.30106377e-02]
 [-4.01069474e-03  4.78185511e-03 -4.39113648e-03 -5.56563478e-03
   4.90155831e-03 -6.19243963e-03  7.98399604e-04  1.07055157e-02
   2.94187819e-03  5.58367015e-03 -5.06900524e-04  5.48772672e-03
   8.57514437e-03 -4.53646564e-03  1.36738269e-02  4.41163533e-03
  -2.07637018e-02  1.48578052e-02 -7.44307193e-03  3.46851104e-04
   8.69056443e-03  3.02812729e-03 -1.20800400e-02 -1.30227116e-02
  -2.96678417e-03]
 [-5.37785000e-02  6.41187546e-02 -5.88797267e-02 -7.46283815e-02
   6.57238787e-02 -8.30329599e-02  1.07055157e-02  1.43547828e-01
   3.94469473e-02  7.48701608e-02 -6.79698157e-03  7.35836849e-02
   1.14982156e-01 -6.08284367e-02  1.83349227e-01  5.91546703e-02
  -2.78415774e-01  1.99224912e-01 -9.98024730e-02  4.65085347e-03
   1.16529776e-01  4.06035105e-02 -1.61978473e-01 -1.74618587e-01
  -3.97809100e-02]
 [-1.47783331e-02  1.76198384e-02 -1.61801519e-02 -2.05078789e-02
   1.80609239e-02 -2.28174627e-02  2.94187819e-03  3.94469473e-02
   1.08400238e-02  2.05743226e-02 -1.86780723e-03  2.02207986e-02
   3.15971002e-02 -1.67156563e-02  5.03843737e-02  1.62557024e-02
  -7.65086623e-02  5.47470129e-02 -2.74257218e-02  1.27805431e-03
   3.20223872e-02  1.11578439e-02 -4.45116913e-02 -4.79851925e-02
  -1.09317965e-02]
 [-2.80492224e-02  3.34423836e-02 -3.07098665e-02 -3.89238832e-02
   3.42795669e-02 -4.33074552e-02  5.58367015e-03  7.48701608e-02
   2.05743226e-02  3.90499883e-02 -3.54509743e-03  3.83790017e-02
   5.99711793e-02 -3.17262540e-02  9.56293549e-02  3.08532682e-02
  -1.45213161e-01  1.03909627e-01 -5.20539204e-02  2.42574301e-03
   6.07783706e-02  2.11775502e-02 -8.44830226e-02 -9.10757194e-02
  -2.07485073e-02]
 [ 2.54640959e-03 -3.03601300e-03  2.78794880e-03  3.53365558e-03
  -3.11202171e-03  3.93159943e-03 -5.06900524e-04 -6.79698157e-03
  -1.86780723e-03 -3.54509743e-03  3.21844741e-04 -3.48418374e-03
  -5.44439771e-03  2.88022291e-03 -8.68157427e-03 -2.80097665e-03
   1.31829728e-02 -9.43328557e-03  4.72564306e-03 -2.20218431e-04
  -5.51767505e-03 -1.92257854e-03  7.66966692e-03  8.26818097e-03
   1.88362091e-03]
 [-2.75672594e-02  3.28677505e-02 -3.01821860e-02 -3.82550641e-02
   3.36905494e-02 -4.25633129e-02  5.48772672e-03  7.35836849e-02
   2.02207986e-02  3.83790017e-02 -3.48418374e-03  3.77195447e-02
   5.89407089e-02 -3.11811094e-02  9.39861786e-02  3.03231247e-02
  -1.42717998e-01  1.02124173e-01 -5.11594906e-02  2.38406211e-03
   5.97340301e-02  2.08136620e-02 -8.30313708e-02 -8.95107874e-02
  -2.03919904e-02]
 [-4.30767080e-02  5.13592776e-02 -4.71628032e-02 -5.97775128e-02
   5.26449852e-02 -6.65096016e-02  8.57514437e-03  1.14982156e-01
   3.15971002e-02  5.99711793e-02 -5.44439771e-03  5.89407089e-02
   9.21009840e-02 -4.87237244e-02  1.46863173e-01  4.73830328e-02
  -2.23011706e-01  1.59579635e-01 -7.99420212e-02  3.72534472e-03
   9.33406313e-02  3.25235093e-02 -1.29745148e-01 -1.39869909e-01
  -3.18646051e-02]
 [ 2.27886561e-02 -2.71703423e-02  2.49503026e-02  3.16237998e-02
  -2.78505140e-02  3.51852427e-02 -4.53646564e-03 -6.08284367e-02
  -1.67156563e-02 -3.17262540e-02  2.88022291e-03 -3.11811094e-02
  -4.87237244e-02  2.57760690e-02 -7.76942923e-02 -2.50668099e-02
   1.17978771e-01 -8.44216186e-02  4.22913290e-02 -1.97080055e-03
  -4.93795287e-02 -1.72057502e-02  6.86384286e-02  7.39946805e-02
   1.68571730e-02]
 [-6.86896248e-02  8.18969152e-02 -7.52052653e-02 -9.53205366e-02
   8.39470898e-02 -1.06055448e-01  1.36738269e-02  1.83349227e-01
   5.03843737e-02  9.56293549e-02 -8.68157427e-03  9.39861786e-02
   1.46863173e-01 -7.76942923e-02  2.34186332e-01  7.55564408e-02
  -3.55611909e-01  2.54463856e-01 -1.27474630e-01  5.94039205e-03
   1.48839901e-01  5.18616150e-02 -2.06890125e-01 -2.23034953e-01
  -5.08109339e-02]
 [-2.21615998e-02  2.64227130e-02 -2.42637631e-02 -3.07536383e-02
   2.70841739e-02 -3.42170738e-02  4.41163533e-03  5.91546703e-02
   1.62557024e-02  3.08532682e-02 -2.80097665e-03  3.03231247e-02
   4.73830328e-02 -2.50668099e-02  7.55564408e-02  2.43770721e-02
  -1.14732447e-01  8.20986556e-02 -4.11276342e-02  1.91657225e-03
   4.80207899e-02  1.67323174e-02 -6.67497572e-02 -7.19586299e-02
  -1.63933256e-02]
 [ 1.04305185e-01 -1.24360451e-01  1.14199183e-01  1.44744223e-01
  -1.27473643e-01  1.61045179e-01 -2.07637018e-02 -2.78415774e-01
  -7.65086623e-02 -1.45213161e-01  1.31829728e-02 -1.42717998e-01
  -2.23011706e-01  1.17978771e-01 -3.55611909e-01 -1.14732447e-01
   5.39996631e-01 -3.86403326e-01  1.93570208e-01 -9.02048475e-03
  -2.26013365e-01 -7.87518566e-02  3.14162622e-01  3.38678543e-01
   7.71563942e-02]
 [-7.46372626e-02  8.89881356e-02 -8.17170743e-02 -1.03574068e-01
   9.12158279e-02 -1.15238487e-01  1.48578052e-02  1.99224912e-01
   5.47470129e-02  1.03909627e-01 -9.43328557e-03  1.02124173e-01
   1.59579635e-01 -8.44216186e-02  2.54463856e-01  8.20986556e-02
  -3.86403326e-01  2.76497153e-01 -1.38512293e-01  6.45475339e-03
   1.61727522e-01  5.63521630e-02 -2.24804149e-01 -2.42346911e-01
  -5.52105076e-02]
 [ 3.73898192e-02 -4.45789407e-02  4.09364763e-02  5.18858232e-02
  -4.56949140e-02  5.77291535e-02 -7.44307193e-03 -9.98024730e-02
  -2.74257218e-02 -5.20539204e-02  4.72564306e-03 -5.11594906e-02
  -7.99420212e-02  4.22913290e-02 -1.27474630e-01 -4.11276342e-02
   1.93570208e-01 -1.38512293e-01  6.93882578e-02 -3.23353350e-03
  -8.10180126e-02 -2.82298308e-02  1.12616487e-01  1.21404602e-01
   2.76579115e-02]
 [-1.74238745e-03  2.07740411e-03 -1.90766343e-03 -2.41791019e-03
   2.12940969e-03 -2.69021173e-03  3.46851104e-04  4.65085347e-03
   1.27805431e-03  2.42574301e-03 -2.20218431e-04  2.38406211e-03
   3.72534472e-03 -1.97080055e-03  5.94039205e-03  1.91657225e-03
  -9.02048475e-03  6.45475339e-03 -3.23353350e-03  1.50684659e-04
   3.77548644e-03  1.31552694e-03 -5.24799354e-03 -5.65752536e-03
  -1.28887457e-03]
 [-4.36565053e-02  5.20505575e-02 -4.77975990e-02 -6.05820956e-02
   5.33535685e-02 -6.74047998e-02  8.69056443e-03  1.16529776e-01
   3.20223872e-02  6.07783706e-02 -5.51767505e-03  5.97340301e-02
   9.33406313e-02 -4.93795287e-02  1.48839901e-01  4.80207899e-02
  -2.26013365e-01  1.61727522e-01 -8.10180126e-02  3.77548644e-03
   9.45969648e-02  3.29612629e-02 -1.31491474e-01 -1.41752509e-01
  -3.22934924e-02]
 [-1.52116265e-02  1.81364360e-02 -1.66545422e-02 -2.11091648e-02
   1.85904601e-02 -2.34864516e-02  3.02812729e-03  4.06035105e-02
   1.11578439e-02  2.11775502e-02 -1.92257854e-03  2.08136620e-02
   3.25235093e-02 -1.72057502e-02  5.18616150e-02  1.67323174e-02
  -7.87518566e-02  5.63521630e-02 -2.82298308e-02  1.31552694e-03
   3.29612629e-02  1.14849906e-02 -4.58167453e-02 -4.93920932e-02
  -1.12523079e-02]
 [ 6.06833235e-02 -7.23512063e-02  6.64395179e-02  8.42101966e-02
  -7.41624147e-02  9.36938776e-02 -1.20800400e-02 -1.61978473e-01
  -4.45116913e-02 -8.44830226e-02  7.66966692e-03 -8.30313708e-02
  -1.29745148e-01  6.86384286e-02 -2.06890125e-01 -6.67497572e-02
   3.14162622e-01 -2.24804149e-01  1.12616487e-01 -5.24799354e-03
  -1.31491474e-01 -4.58167453e-02  1.82775501e-01  1.97038523e-01
   4.48885323e-02]
 [ 6.54187935e-02 -7.79971834e-02  7.16241743e-02  9.07816079e-02
  -7.99497353e-02  1.01005346e-01 -1.30227116e-02 -1.74618587e-01
  -4.79851925e-02 -9.10757194e-02  8.26818097e-03 -8.95107874e-02
  -1.39869909e-01  7.39946805e-02 -2.23034953e-01 -7.19586299e-02
   3.38678543e-01 -2.42346911e-01  1.21404602e-01 -5.65752536e-03
  -1.41752509e-01 -4.93920932e-02  1.97038523e-01  2.12414576e-01
   4.83914411e-02]
 [ 1.49034484e-02 -1.77690097e-02  1.63171349e-02  2.06815015e-02
  -1.82138299e-02  2.30106377e-02 -2.96678417e-03 -3.97809100e-02
  -1.09317965e-02 -2.07485073e-02  1.88362091e-03 -2.03919904e-02
  -3.18646051e-02  1.68571730e-02 -5.08109339e-02 -1.63933256e-02
   7.71563942e-02 -5.52105076e-02  2.76579115e-02 -1.28887457e-03
  -3.22934924e-02 -1.12523079e-02  4.48885323e-02  4.83914411e-02
   1.10243462e-02]]
Dual solution:
0
Tr(CX) = 2.5828766012132998
Primal and dual gap: 0
Number of iterations: 31922
Max error in symmetry of Q: 0
Maximum h bound: 0.003
Method name is: Physarum SDC modified (v.2)
Restart factor: 1000
Infeasibility: 1.4210854715202004e-13
Time spent (seconds): 41.29262089729309
