Answer of test tests/testset3-1/dense25negative-definite13.dat-s
[General Setting]
Primal solution:
[[ 1.62128665e-02 -7.55145177e-03  5.83101625e-02 -3.52497593e-02
   2.03645428e-02 -3.63759847e-02 -1.90948518e-02  1.28134426e-02
   1.42026776e-03  2.52091710e-02  4.34588281e-02  3.26726840e-02
   5.43301537e-02  5.48651655e-03 -4.06865373e-02 -6.83966900e-02
  -5.27446720e-03 -2.41100401e-02  1.11128408e-02 -1.23651916e-02
   2.40368232e-02  1.20372913e-03  1.82584649e-02 -2.49496704e-02
  -2.34604216e-02]
 [-7.55145177e-03  3.51723688e-03 -2.71590711e-02  1.64182494e-02
  -9.48517444e-03  1.69428115e-02  8.89379643e-03 -5.96810709e-03
  -6.61513387e-04 -1.17416498e-02 -2.02417783e-02 -1.52179217e-02
  -2.53053089e-02 -2.55544827e-03  1.89505334e-02  3.18570650e-02
   2.45668328e-03  1.12297145e-02 -5.17602020e-03  5.75932677e-03
  -1.11956060e-02 -5.60657405e-04 -8.50422595e-03  1.16207884e-02
   1.09271428e-02]
 [ 5.83101625e-02 -2.71590711e-02  2.09714615e-01 -1.26777038e-01
   7.32418170e-02 -1.30827549e-01 -6.86753282e-02  4.60840116e-02
   5.10804381e-03  9.06656974e-02  1.56301252e-01  1.17508492e-01
   1.95400369e-01  1.97324555e-02 -1.46330608e-01 -2.45991177e-01
  -1.89698125e-02 -8.67126345e-02  3.99677355e-02 -4.44718609e-02
   8.64493060e-02  4.32925497e-03  6.56672310e-02 -8.97323954e-02
  -8.43762581e-02]
 [-3.52497593e-02  1.64182494e-02 -1.26777038e-01  7.66394729e-02
  -4.42762687e-02  7.90880949e-02  4.15157285e-02 -2.78587862e-02
  -3.08792241e-03 -5.48093820e-02 -9.44875005e-02 -7.10364339e-02
  -1.18123767e-01 -1.19286974e-02  8.84600304e-02  1.48707008e-01
   1.14676634e-02  5.24196714e-02 -2.41613647e-02  2.68842064e-02
  -5.22604817e-02 -2.61712794e-03 -3.96972663e-02  5.42451824e-02
   5.10072812e-02]
 [ 2.03645428e-02 -9.48517444e-03  7.32418170e-02 -4.42762687e-02
   2.55793511e-02 -4.56908900e-02 -2.39845268e-02  1.60946186e-02
   1.78395969e-03  3.16645573e-02  5.45874578e-02  4.10392738e-02
   6.82426358e-02  6.89146486e-03 -5.11052584e-02 -8.59112313e-02
  -6.62511547e-03 -3.02839690e-02  1.39585387e-02 -1.55315827e-02
   3.01920029e-02  1.51197144e-03  2.29339635e-02 -3.13386059e-02
  -2.94680008e-02]
 [-3.63759847e-02  1.69428115e-02 -1.30827549e-01  7.90880949e-02
  -4.56908900e-02  8.16149504e-02  4.28421521e-02 -2.87488714e-02
  -3.18658028e-03 -5.65605343e-02 -9.75063644e-02 -7.33060380e-02
  -1.21897808e-01 -1.23098174e-02  9.12863180e-02  1.53458179e-01
   1.18340538e-02  5.40944742e-02 -2.49333179e-02  2.77431541e-02
  -5.39301968e-02 -2.70074424e-03 -4.09655884e-02  5.59783101e-02
   5.26369585e-02]
 [-1.90948518e-02  8.89379643e-03 -6.86753282e-02  4.15157285e-02
  -2.39845268e-02  4.28421521e-02  2.24891424e-02 -1.50911514e-02
  -1.67272926e-03 -2.96903288e-02 -5.11840326e-02 -3.84805476e-02
  -6.39878398e-02 -6.46179331e-03  4.79189446e-02  8.05548298e-02
   6.21205149e-03  2.83958245e-02 -1.30882530e-02  1.45632211e-02
  -2.83095850e-02 -1.41770012e-03 -2.15040713e-02  2.93847068e-02
   2.76307308e-02]
 [ 1.28134426e-02 -5.96810709e-03  4.60840116e-02 -2.78587862e-02
   1.60946186e-02 -2.87488714e-02 -1.50911514e-02  1.01267919e-02
   1.12247243e-03  1.99234509e-02  3.43466223e-02  2.58220552e-02
   4.29385102e-02  4.33613359e-03 -3.21556111e-02 -5.40556526e-02
  -4.16854602e-03 -1.90547822e-02  8.78276315e-03 -9.77252815e-03
   1.89969143e-02  9.51336854e-04  1.44301304e-02 -1.97183635e-02
  -1.85413723e-02]
 [ 1.42026776e-03 -6.61513387e-04  5.10804381e-03 -3.08792241e-03
   1.78395969e-03 -3.18658028e-03 -1.67272926e-03  1.12247243e-03
   1.24420032e-04  2.20835745e-03  3.80704849e-03  2.86217197e-03
   4.75938768e-03  4.80627013e-04 -3.56419033e-03 -5.99163539e-03
  -4.62050376e-04 -2.11206737e-03  9.73496839e-04 -1.08320415e-03
   2.10565864e-03  1.05450147e-04  1.59946667e-03 -2.18562002e-03
  -2.05515959e-03]
 [ 2.52091710e-02 -1.17416498e-02  9.06656974e-02 -5.48093820e-02
   3.16645573e-02 -5.65605343e-02 -2.96903288e-02  1.99234509e-02
   2.20835745e-03  3.91974069e-02  6.75735550e-02  5.08023250e-02
   8.44772330e-02  8.53091261e-03 -6.32629554e-02 -1.06349104e-01
  -8.20119929e-03 -3.74883794e-02  1.72792071e-02 -1.92264707e-02
   3.73745391e-02  1.87166382e-03  2.83898462e-02 -3.87939094e-02
  -3.64782959e-02]
 [ 4.34588281e-02 -2.02417783e-02  1.56301252e-01 -9.44875005e-02
   5.45874578e-02 -9.75063644e-02 -5.11840326e-02  3.43466223e-02
   3.80704849e-03  6.75735550e-02  1.16492031e-01  8.75796116e-02
   1.45632780e-01  1.47066885e-02 -1.09060864e-01 -1.83338338e-01
  -1.41382872e-02 -6.46273188e-02  2.97881340e-02 -3.31450790e-02
   6.44310594e-02  3.22661355e-03  4.89420848e-02 -6.68779602e-02
  -6.28860068e-02]
 [ 3.26726840e-02 -1.52179217e-02  1.17508492e-01 -7.10364339e-02
   4.10392738e-02 -7.33060380e-02 -3.84805476e-02  2.58220552e-02
   2.86217197e-03  5.08023250e-02  8.75796116e-02  6.58430351e-02
   1.09487849e-01  1.10566039e-02 -8.19928007e-02 -1.37835182e-01
  -1.06292743e-02 -4.85873159e-02  2.23949474e-02 -2.49187245e-02
   4.84397729e-02  2.42579547e-03  3.67950411e-02 -5.02793655e-02
  -4.72781836e-02]
 [ 5.43301537e-02 -2.53053089e-02  1.95400369e-01 -1.18123767e-01
   6.82426358e-02 -1.21897808e-01 -6.39878398e-02  4.29385102e-02
   4.75938768e-03  8.44772330e-02  1.45632780e-01  1.09487849e-01
   1.82063157e-01  1.83855993e-02 -1.36342692e-01 -2.29200846e-01
  -1.76750119e-02 -8.07939938e-02  3.72397062e-02 -4.14363989e-02
   8.05486346e-02  4.03375642e-03  6.11850578e-02 -8.36076383e-02
  -7.86170889e-02]
 [ 5.48651655e-03 -2.55544827e-03  1.97324555e-02 -1.19286974e-02
   6.89146486e-03 -1.23098174e-02 -6.46179331e-03  4.33613359e-03
   4.80627013e-04  8.53091261e-03  1.47066885e-02  1.10566039e-02
   1.83855993e-02  1.85666562e-03 -1.37685304e-02 -2.31457873e-02
  -1.78490669e-03 -8.15895908e-03  3.76064096e-03 -4.18444277e-03
   8.13418430e-03  4.07348887e-04  6.17875827e-03 -8.44309423e-03
  -7.93912471e-03]
 [-4.06865373e-02  1.89505334e-02 -1.46330608e-01  8.84600304e-02
  -5.11052584e-02  9.12863180e-02  4.79189446e-02 -3.21556111e-02
  -3.56419033e-03 -6.32629554e-02 -1.09060864e-01 -8.19928007e-02
  -1.36342692e-01 -1.37685304e-02  1.02103742e-01  1.71642966e-01
   1.32363886e-02  6.05046665e-02 -2.78879147e-02  3.10307163e-02
  -6.03209231e-02 -3.02078262e-03 -4.58200091e-02  6.26117369e-02
   5.88744352e-02]
 [-6.83966900e-02  3.18570650e-02 -2.45991177e-01  1.48707008e-01
  -8.59112313e-02  1.53458179e-01  8.05548298e-02 -5.40556526e-02
  -5.99163539e-03 -1.06349104e-01 -1.83338338e-01 -1.37835182e-01
  -2.29200846e-01 -2.31457873e-02  1.71642966e-01  2.88542882e-01
   2.22512222e-02  1.01712240e-01 -4.68813795e-02  5.21646314e-02
  -1.01403359e-01 -5.07813146e-03 -7.70263881e-02  1.05254361e-01
   9.89717159e-02]
 [-5.27446720e-03  2.45668328e-03 -1.89698125e-02  1.14676634e-02
  -6.62511547e-03  1.18340538e-02  6.21205149e-03 -4.16854602e-03
  -4.62050376e-04 -8.20119929e-03 -1.41382872e-02 -1.06292743e-02
  -1.76750119e-02 -1.78490669e-03  1.32363886e-02  2.22512222e-02
   1.71592142e-03  7.84362285e-03 -3.61529591e-03  4.02271819e-03
  -7.81980410e-03 -3.91604628e-04 -5.93995380e-03  8.11677642e-03
   7.63228501e-03]
 [-2.41100401e-02  1.12297145e-02 -8.67126345e-02  5.24196714e-02
  -3.02839690e-02  5.40944742e-02  2.83958245e-02 -1.90547822e-02
  -2.11206737e-03 -3.74883794e-02 -6.46273188e-02 -4.85873159e-02
  -8.07939938e-02 -8.15895908e-03  6.05046665e-02  1.01712240e-01
   7.84362285e-03  3.58538746e-02 -1.65258298e-02  1.83881923e-02
  -3.57449889e-02 -1.79005514e-03 -2.71520333e-02  3.71024829e-02
   3.48878318e-02]
 [ 1.11128408e-02 -5.17602020e-03  3.99677355e-02 -2.41613647e-02
   1.39585387e-02 -2.49333179e-02 -1.30882530e-02  8.78276315e-03
   9.73496839e-04  1.72792071e-02  2.97881340e-02  2.23949474e-02
   3.72397062e-02  3.76064096e-03 -2.78879147e-02 -4.68813795e-02
  -3.61529591e-03 -1.65258298e-02  7.61711431e-03 -8.47551764e-03
   1.64756405e-02  8.25074666e-04  1.25149609e-02 -1.71013405e-02
  -1.60805599e-02]
 [-1.23651916e-02  5.75932677e-03 -4.44718609e-02  2.68842064e-02
  -1.55315827e-02  2.77431541e-02  1.45632211e-02 -9.77252815e-03
  -1.08320415e-03 -1.92264707e-02 -3.31450790e-02 -2.49187245e-02
  -4.14363989e-02 -4.18444277e-03  3.10307163e-02  5.21646314e-02
   4.02271819e-03  1.83881923e-02 -8.47551764e-03  9.43065791e-03
  -1.83323469e-02 -9.18055675e-04 -1.39253223e-02  1.90285596e-02
   1.78927430e-02]
 [ 2.40368232e-02 -1.11956060e-02  8.64493060e-02 -5.22604817e-02
   3.01920029e-02 -5.39301968e-02 -2.83095850e-02  1.89969143e-02
   2.10565864e-03  3.73745391e-02  6.44310594e-02  4.84397729e-02
   8.05486346e-02  8.13418430e-03 -6.03209231e-02 -1.01403359e-01
  -7.81980410e-03 -3.57449889e-02  1.64756405e-02 -1.83323469e-02
   3.56364435e-02  1.78462275e-03  2.70695820e-02 -3.69898054e-02
  -3.47818791e-02]
 [ 1.20372913e-03 -5.60657405e-04  4.32925497e-03 -2.61712794e-03
   1.51197144e-03 -2.70074424e-03 -1.41770012e-03  9.51336854e-04
   1.05450147e-04  1.87166382e-03  3.22661355e-03  2.42579547e-03
   4.03375642e-03  4.07348887e-04 -3.02078262e-03 -5.07813146e-03
  -3.91604628e-04 -1.79005514e-03  8.25074666e-04 -9.18055675e-04
   1.78462275e-03  8.93725926e-05  1.35560651e-03 -1.85239371e-03
  -1.74182376e-03]
 [ 1.82584649e-02 -8.50422595e-03  6.56672310e-02 -3.96972663e-02
   2.29339635e-02 -4.09655884e-02 -2.15040713e-02  1.44301304e-02
   1.59946667e-03  2.83898462e-02  4.89420848e-02  3.67950411e-02
   6.11850578e-02  6.17875827e-03 -4.58200091e-02 -7.70263881e-02
  -5.93995380e-03 -2.71520333e-02  1.25149609e-02 -1.39253223e-02
   2.70695820e-02  1.35560651e-03  2.05621605e-02 -2.80976008e-02
  -2.64204513e-02]
 [-2.49496704e-02  1.16207884e-02 -8.97323954e-02  5.42451824e-02
  -3.13386059e-02  5.59783101e-02  2.93847068e-02 -1.97183635e-02
  -2.18562002e-03 -3.87939094e-02 -6.68779602e-02 -5.02793655e-02
  -8.36076383e-02 -8.44309423e-03  6.26117369e-02  1.05254361e-01
   8.11677642e-03  3.71024829e-02 -1.71013405e-02  1.90285596e-02
  -3.69898054e-02 -1.85239371e-03 -2.80976008e-02  3.83945740e-02
   3.61027978e-02]
 [-2.34604216e-02  1.09271428e-02 -8.43762581e-02  5.10072812e-02
  -2.94680008e-02  5.26369585e-02  2.76307308e-02 -1.85413723e-02
  -2.05515959e-03 -3.64782959e-02 -6.28860068e-02 -4.72781836e-02
  -7.86170889e-02 -7.93912471e-03  5.88744352e-02  9.89717159e-02
   7.63228501e-03  3.48878318e-02 -1.60805599e-02  1.78927430e-02
  -3.47818791e-02 -1.74182376e-03 -2.64204513e-02  3.61027978e-02
   3.39478180e-02]]
Dual solution:
0
Tr(CX) = 2.8862274850391905
Primal and dual gap: 0
Number of iterations: 30036
Max error in symmetry of Q: 0
Maximum h bound: 0.003
Method name is: Physarum SDC modified (v.2)
Restart factor: 1000
Infeasibility: 8.526512829121202e-14
Time spent (seconds): 37.39155173301697
