Answer of test tests/testset3-1/dense25negative-definite1.dat-s
[General Setting]
Primal solution:
[[ 1.75694143e-03 -9.49066907e-03  4.85778605e-04  3.24913266e-03
   8.34391691e-03 -1.99034322e-03 -2.82764159e-03 -2.20215404e-04
   5.61524539e-03 -4.38777397e-03  1.07969877e-02 -7.58717335e-03
  -6.41776020e-03  4.65874101e-03  3.79550565e-03  7.61414595e-03
  -4.67282542e-04 -8.33861607e-03 -9.07229017e-05  2.91762058e-03
  -1.55466002e-02 -8.63913211e-03 -1.23109737e-02 -1.35506171e-02
  -5.87326520e-03]
 [-9.49066907e-03  5.12668818e-02 -2.62409367e-03 -1.75512359e-02
  -4.50723381e-02  1.07514850e-02  1.52744255e-02  1.18956557e-03
  -3.03325583e-02  2.37019612e-02 -5.83233963e-02  4.09845542e-02
   3.46675777e-02 -2.51656737e-02 -2.05026426e-02 -4.11302272e-02
   2.52418519e-03  4.50436917e-02  4.90047672e-04 -1.57604507e-02
   8.39799714e-02  4.66670370e-02  6.65016516e-02  7.31979979e-02
   3.17263282e-02]
 [ 4.85778605e-04 -2.62409367e-03  1.34314600e-04  8.98360077e-04
   2.30702654e-03 -5.50315263e-04 -7.81822328e-04 -6.08880195e-05
   1.55257236e-03 -1.21318394e-03  2.98528256e-03 -2.09779416e-03
  -1.77445841e-03  1.28810379e-03  1.04942760e-03  2.10524802e-03
  -1.29201122e-04 -2.30555923e-03 -2.50812767e-05  8.06697361e-04
  -4.29851569e-03 -2.38865111e-03 -3.40388428e-03 -3.74663792e-03
  -1.62391187e-03]
 [ 3.24913266e-03 -1.75512359e-02  8.98360077e-04  6.00867300e-03
   1.54305321e-02 -3.68077607e-03 -5.22920715e-03 -4.07248418e-04
   1.03843645e-02 -8.11437492e-03  1.99670383e-02 -1.40310788e-02
  -1.18684574e-02  8.61547711e-03  7.01908798e-03  1.40809466e-02
  -8.64156849e-04 -1.54207235e-02 -1.67765446e-04  5.39559497e-03
  -2.87505793e-02 -1.59764778e-02 -2.27668641e-02 -2.50593627e-02
  -1.08615213e-02]
 [ 8.34391691e-03 -4.50723381e-02  2.30702654e-03  1.54305321e-02
   3.96262774e-02 -9.45239084e-03 -1.34288279e-02 -1.04583127e-03
   2.66674964e-02 -2.08380686e-02  5.12762198e-02 -3.60324183e-02
  -3.04787167e-02  2.21249215e-02  1.80253222e-02  3.61604877e-02
  -2.21919023e-03 -3.96010914e-02 -4.30833981e-04  1.38561251e-02
  -7.38327296e-02 -4.10282898e-02 -5.84663001e-02 -6.43535325e-02
  -2.78928575e-02]
 [-1.99034322e-03  1.07514850e-02 -5.50315263e-04 -3.68077607e-03
  -9.45239084e-03  2.25475996e-03  3.20329388e-03  2.49471198e-04
  -6.36122513e-03  4.97067998e-03 -1.22313516e-02  8.59511852e-03
   7.27034466e-03 -5.27764348e-03 -4.29973300e-03 -8.62566392e-03
   5.29363492e-04  9.44638125e-03  1.02767425e-04 -3.30521705e-03
   1.76119499e-02  9.78682462e-03  1.39464587e-02  1.53507923e-02
   6.65351991e-03]
 [-2.82764159e-03  1.52744255e-02 -7.81822328e-04 -5.22920715e-03
  -1.34288279e-02  3.20329388e-03  4.55085772e-03  3.54418923e-04
  -9.03726921e-03  7.06174830e-03 -1.73768437e-02  1.22109180e-02
   1.03288371e-02 -7.49784530e-03 -6.10854718e-03 -1.22543125e-02
   7.52056658e-04  1.34202899e-02  1.45999125e-04 -4.69565731e-03
   2.50209556e-02  1.39039514e-02  1.98134624e-02  2.18085722e-02
   9.45252654e-03]
 [-2.20215404e-04  1.18956557e-03 -6.08880195e-05 -4.07248418e-04
  -1.04583127e-03  2.49471198e-04  3.54418923e-04  2.76020030e-05
  -7.03818685e-04  5.49965850e-04 -1.35330110e-03  9.50981041e-04
   8.04405273e-04 -5.83928874e-04 -4.75731023e-04 -9.54360379e-04
   5.85699110e-05  1.04516624e-03  1.13701929e-05 -3.65695667e-04
   1.94862138e-03  1.08283368e-03  1.54306373e-03  1.69844212e-03
   7.36158696e-04]
 [ 5.61524539e-03 -3.03325583e-02  1.55257236e-03  1.03843645e-02
   2.66674964e-02 -6.36122513e-03 -9.03726921e-03 -7.03818685e-04
   1.79465626e-02 -1.40234996e-02  3.45076193e-02 -2.42489206e-02
  -2.05114144e-02  1.48895189e-02  1.21305931e-02  2.43351023e-02
  -1.49346153e-03 -2.66505443e-02 -2.89936155e-04  9.32482433e-03
  -4.96875926e-02 -2.76110156e-02 -3.93463590e-02 -4.33083227e-02
  -1.87711987e-02]
 [-4.38777397e-03  2.37019612e-02 -1.21318394e-03 -8.11437492e-03
  -2.08380686e-02  4.97067998e-03  7.06174830e-03  5.49965850e-04
  -1.40234996e-02  1.09580093e-02 -2.69643637e-02  1.89481837e-02
   1.60276881e-02 -1.16347203e-02 -9.47888408e-03 -1.90155328e-02
   1.16699362e-03  2.08248251e-02  2.26561973e-04 -7.28645068e-03
   3.88260390e-02  2.15753378e-02  3.07453764e-02  3.38412642e-02
   1.46678744e-02]
 [ 1.07969877e-02 -5.83233963e-02  2.98528256e-03  1.99670383e-02
   5.12762198e-02 -1.22313516e-02 -1.73768437e-02 -1.35330110e-03
   3.45076193e-02 -2.69643637e-02  6.63511933e-02 -4.66257843e-02
  -3.94393170e-02  2.86295449e-02  2.33246843e-02  4.67915005e-02
  -2.87162347e-03 -5.12436271e-02 -5.57493485e-04  1.79297599e-02
  -9.55392168e-02 -5.30904172e-02 -7.56551198e-02 -8.32731739e-02
  -3.60932297e-02]
 [-7.58717335e-03  4.09845542e-02 -2.09779416e-03 -1.40310788e-02
  -3.60324183e-02  8.59511852e-03  1.22109180e-02  9.50981041e-04
  -2.42489206e-02  1.89481837e-02 -4.66257843e-02  3.27645014e-02
   2.77144838e-02 -2.01183265e-02 -1.63905371e-02 -3.28809517e-02
   2.01792461e-03  3.60095149e-02  3.91757051e-04 -1.25994584e-02
   6.71365610e-02  3.73072768e-02  5.31637653e-02  5.85170641e-02
   2.53631481e-02]
 [-6.41776020e-03  3.46675777e-02 -1.77445841e-03 -1.18684574e-02
  -3.04787167e-02  7.27034466e-03  1.03288371e-02  8.04405273e-04
  -2.05114144e-02  1.60276881e-02 -3.94393170e-02  2.77144838e-02
   2.34428333e-02 -1.70174767e-02 -1.38642513e-02 -2.78129927e-02
   1.70689822e-03  3.04593464e-02  3.31380605e-04 -1.06574979e-02
   5.67887476e-02  3.15570804e-02  4.49696006e-02  4.94977879e-02
   2.14539069e-02]
 [ 4.65874101e-03 -2.51656737e-02  1.28810379e-03  8.61547711e-03
   2.21249215e-02 -5.27764348e-03 -7.49784530e-03 -5.83928874e-04
   1.48895189e-02 -1.16347203e-02  2.86295449e-02 -2.01183265e-02
  -1.70174767e-02  1.23532216e-02  1.00642515e-02  2.01898360e-02
  -1.23906084e-03 -2.21108606e-02 -2.40554125e-04  7.73642515e-03
  -4.12237359e-02 -2.29077207e-02 -3.26440546e-02 -3.59311281e-02
  -1.55736873e-02]
 [ 3.79550565e-03 -2.05026426e-02  1.04942760e-03  7.01908798e-03
   1.80253222e-02 -4.29973300e-03 -6.10854718e-03 -4.75731023e-04
   1.21305931e-02 -9.47888408e-03  2.33246843e-02 -1.63905371e-02
  -1.38642513e-02  1.00642515e-02  8.19941389e-03  1.64487919e-02
  -1.00947259e-03 -1.80138647e-02 -1.95977760e-04  6.30291584e-03
  -3.35852599e-02 -1.86630738e-02 -2.65953285e-02 -2.92733317e-02
  -1.26879886e-02]
 [ 7.61414595e-03 -4.11302272e-02  2.10524802e-03  1.40809466e-02
   3.61604877e-02 -8.62566392e-03 -1.22543125e-02 -9.54360379e-04
   2.43351023e-02 -1.90155328e-02  4.67915005e-02 -3.28809517e-02
  -2.78129927e-02  2.01898360e-02  1.64487919e-02  3.29978286e-02
  -2.02509281e-03 -3.61375083e-02 -3.93159049e-04  1.26442454e-02
  -6.73751679e-02 -3.74398776e-02 -5.33527304e-02 -5.87250494e-02
  -2.54532931e-02]
 [-4.67282542e-04  2.52418519e-03 -1.29201122e-04 -8.64156849e-04
  -2.21919023e-03  5.29363492e-04  7.52056658e-04  5.85699110e-05
  -1.49346153e-03  1.16699362e-03 -2.87162347e-03  2.01792461e-03
   1.70689822e-03 -1.23906084e-03 -1.00947259e-03 -2.02509281e-03
   1.24282593e-04  2.21777797e-03  2.41249466e-05 -7.75982941e-04
   4.13485888e-03  2.29770704e-03  3.27428599e-03  3.60399085e-03
   1.56208446e-03]
 [-8.33861607e-03  4.50436917e-02 -2.30555923e-03 -1.54207235e-02
  -3.96010914e-02  9.44638125e-03  1.34202899e-02  1.04516624e-03
  -2.66505443e-02  2.08248251e-02 -5.12436271e-02  3.60095149e-02
   3.04593464e-02 -2.21108606e-02 -1.80138647e-02 -3.61375083e-02
   2.21777797e-03  3.95759239e-02  4.30564310e-04 -1.38473204e-02
   7.37857958e-02  4.10022128e-02  5.84291423e-02  6.43126298e-02
   2.78751279e-02]
 [-9.07229017e-05  4.90047672e-04 -2.50812767e-05 -1.67765446e-04
  -4.30833981e-04  1.02767425e-04  1.45999125e-04  1.13701929e-05
  -2.89936155e-04  2.26561973e-04 -5.57493485e-04  3.91757051e-04
   3.31380605e-04 -2.40554125e-04 -1.95977760e-04 -3.93159049e-04
   2.41249466e-05  4.30564310e-04  4.69139571e-06 -1.50653462e-04
   8.02729814e-04  4.46077471e-04  6.35675421e-04  6.99678734e-04
   3.03261082e-04]
 [ 2.91762058e-03 -1.57604507e-02  8.06697361e-04  5.39559497e-03
   1.38561251e-02 -3.30521705e-03 -4.69565731e-03 -3.65695667e-04
   9.32482433e-03 -7.28645068e-03  1.79297599e-02 -1.25994584e-02
  -1.06574979e-02  7.73642515e-03  6.30291584e-03  1.26442454e-02
  -7.75982941e-04 -1.38473204e-02 -1.50653462e-04  4.84507477e-03
  -2.58170933e-02 -1.43463670e-02 -2.04439204e-02 -2.25025069e-02
  -9.75329766e-03]
 [-1.55466002e-02  8.39799714e-02 -4.29851569e-03 -2.87505793e-02
  -7.38327296e-02  1.76119499e-02  2.50209556e-02  1.94862138e-03
  -4.96875926e-02  3.88260390e-02 -9.55392168e-02  6.71365610e-02
   5.67887476e-02 -4.12237359e-02 -3.35852599e-02 -6.73751679e-02
   4.13485888e-03  7.37857958e-02  8.02729814e-04 -2.58170933e-02
   1.37567116e-01  7.64449960e-02  1.08935952e-01  1.19905207e-01
   5.19707142e-02]
 [-8.63913211e-03  4.66670370e-02 -2.38865111e-03 -1.59764778e-02
  -4.10282898e-02  9.78682462e-03  1.39039514e-02  1.08283368e-03
  -2.76110156e-02  2.15753378e-02 -5.30904172e-02  3.73072768e-02
   3.15570804e-02 -2.29077207e-02 -1.86630738e-02 -3.74398776e-02
   2.29770704e-03  4.10022128e-02  4.46077471e-04 -1.43463670e-02
   7.64449960e-02  4.24799066e-02  6.05348892e-02  6.66304168e-02
   2.88797311e-02]
 [-1.23109737e-02  6.65016516e-02 -3.40388428e-03 -2.27668641e-02
  -5.84663001e-02  1.39464587e-02  1.98134624e-02  1.54306373e-03
  -3.93463590e-02  3.07453764e-02 -7.56551198e-02  5.31637653e-02
   4.49696006e-02 -3.26440546e-02 -2.65953285e-02 -5.33527304e-02
   3.27428599e-03  5.84291423e-02  6.35675421e-04 -2.04439204e-02
   1.08935952e-01  6.05348892e-02  8.62636763e-02  9.49499468e-02
   4.11543105e-02]
 [-1.35506171e-02  7.31979979e-02 -3.74663792e-03 -2.50593627e-02
  -6.43535325e-02  1.53507923e-02  2.18085722e-02  1.69844212e-03
  -4.33083227e-02  3.38412642e-02 -8.32731739e-02  5.85170641e-02
   4.94977879e-02 -3.59311281e-02 -2.92733317e-02 -5.87250494e-02
   3.60399085e-03  6.43126298e-02  6.99678734e-04 -2.25025069e-02
   1.19905207e-01  6.66304168e-02  9.49499468e-02  1.04510881e-01
   4.52983231e-02]
 [-5.87326520e-03  3.17263282e-02 -1.62391187e-03 -1.08615213e-02
  -2.78928575e-02  6.65351991e-03  9.45252654e-03  7.36158696e-04
  -1.87711987e-02  1.46678744e-02 -3.60932297e-02  2.53631481e-02
   2.14539069e-02 -1.55736873e-02 -1.26879886e-02 -2.54532931e-02
   1.56208446e-03  2.78751279e-02  3.03261082e-04 -9.75329766e-03
   5.19707142e-02  2.88797311e-02  4.11543105e-02  4.52983231e-02
   1.96337272e-02]]
Dual solution:
0
Tr(CX) = 2.0201448479317827
Primal and dual gap: 0
Number of iterations: 45029
Max error in symmetry of Q: 0
Maximum h bound: 0.003
Method name is: Physarum SDC modified (v.2)
Restart factor: 1000
Infeasibility: 5.684341886080802e-14
Time spent (seconds): 42.719919204711914
