Answer of test tests/testset3-1/dense25negative-definite7.dat-s
[General Setting]
Primal solution:
[[ 8.99365791e-03  5.45385639e-03 -5.15993633e-03  3.40360577e-03
  -3.15418241e-03 -4.22681207e-04  4.33898356e-03  2.99438107e-04
  -6.60914501e-04 -3.43648349e-03  2.04803178e-04 -5.93456980e-03
  -2.77852731e-03 -6.42770217e-04  2.91579073e-03 -3.11072044e-03
  -6.90528854e-03  1.03147084e-02 -8.14572033e-03  3.86838532e-03
   2.41657634e-03 -5.48358079e-05 -5.31123991e-03  5.24773243e-03
   4.63498138e-03]
 [ 5.45385639e-03  3.30728530e-03 -3.12904959e-03  2.06399296e-03
  -1.91273380e-03 -2.56315674e-04  2.63121447e-03  1.81574891e-04
  -4.00788648e-04 -2.08392822e-03  1.24197245e-04 -3.59879208e-03
  -1.68493523e-03 -3.89787271e-04  1.76816586e-03 -1.88637852e-03
  -4.18744972e-03  6.25495851e-03 -4.93966052e-03  2.34583240e-03
   1.46543977e-03 -3.32512492e-05 -3.22079517e-03  3.18228722e-03
   2.81071064e-03]
 [-5.15993633e-03 -3.12904959e-03  2.96041954e-03 -1.95276157e-03
   1.80965282e-03  2.42501634e-04 -2.48941382e-03 -1.71787785e-04
   3.79189831e-04  1.97162201e-03 -1.17504468e-04  3.40484575e-03
   1.59413144e-03  3.68781664e-04 -1.67287501e-03  1.78471800e-03
   3.96177995e-03 -5.91786576e-03  4.67345225e-03 -2.21941035e-03
  -1.38646416e-03  3.14588858e-05  3.04721935e-03 -3.01078746e-03
  -2.65923650e-03]
 [ 3.40360577e-03  2.06399296e-03 -1.95276157e-03  1.28809040e-03
  -1.19368767e-03 -1.59956768e-04  1.64207596e-03  1.13308330e-04
  -2.50124021e-04 -1.30052932e-03  7.75104215e-05 -2.24591128e-03
  -1.05152761e-03 -2.43259863e-04  1.10346223e-03 -1.17724059e-03
  -2.61327949e-03  3.90355419e-03 -3.08271299e-03  1.46397077e-03
   9.14542142e-04 -2.07494257e-05 -2.01001096e-03  1.98598285e-03
   1.75409446e-03]
 [-3.15418241e-03 -1.91273380e-03  1.80965282e-03 -1.19368767e-03
   1.10620978e-03  1.48238220e-04 -1.52173495e-03 -1.05013684e-04
   2.31791480e-04  1.20521749e-03 -7.18277211e-05  2.08132450e-03
   9.74464148e-04  2.25428615e-04 -1.02260136e-03  1.09096735e-03
   2.42176806e-03 -3.61749123e-03  2.85680178e-03 -1.35668842e-03
  -8.47522110e-04  1.92309150e-05  1.86271439e-03 -1.84044290e-03
  -1.62554479e-03]
 [-4.22681207e-04 -2.56315674e-04  2.42501634e-04 -1.59956768e-04
   1.48238220e-04  1.98669393e-05 -2.03918766e-04 -1.40777954e-05
   3.10598350e-05  1.61503308e-04 -9.62384999e-06  2.78910169e-04
   1.30581436e-04  3.02061378e-05 -1.37037198e-04  1.46195263e-04
   3.24529979e-04 -4.84766246e-04  3.82828128e-04 -1.81805472e-04
  -1.13573262e-04  2.57829384e-06  2.49616728e-04 -2.46629690e-04
  -2.17830151e-04]
 [ 4.33898356e-03  2.63121447e-03 -2.48941382e-03  1.64207596e-03
  -1.52173495e-03 -2.03918766e-04  2.09334573e-03  1.44454740e-04
  -3.18860680e-04 -1.65793530e-03  9.88097521e-05 -2.86313050e-03
  -1.34050382e-03 -3.10108735e-04  1.40671786e-03 -1.50076738e-03
  -3.33145622e-03  4.97632578e-03 -3.92990030e-03  1.86629912e-03
   1.16587593e-03 -2.64534147e-05 -2.56240249e-03  2.53176762e-03
   2.23614935e-03]
 [ 2.99438107e-04  1.81574891e-04 -1.71787785e-04  1.13308330e-04
  -1.05013684e-04 -1.40777954e-05  1.44454740e-04  9.98223345e-06
  -2.20005343e-05 -1.14406491e-04  6.81510614e-06 -1.97585285e-04
  -9.25016855e-05 -2.13939601e-05  9.70839095e-05 -1.03565755e-04
  -2.29900267e-04  3.43418304e-04 -2.71201492e-04  1.28796124e-04
   8.04576973e-05 -1.82865852e-06 -1.76836116e-04  1.74715653e-04
   1.54310235e-04]
 [-6.60914501e-04 -4.00788648e-04  3.79189831e-04 -2.50124021e-04
   2.31791480e-04  3.10598350e-05 -3.18860680e-04 -2.20005343e-05
   4.85698363e-05  2.52538930e-04 -1.50515387e-05  4.36112930e-04
   2.04187409e-04  4.72372927e-05 -2.14270424e-04  2.28597898e-04
   5.07449362e-04 -7.57995292e-04  5.98604026e-04 -2.84274750e-04
  -1.77586513e-04  4.02872995e-06  3.90305060e-04 -3.85640102e-04
  -3.40612447e-04]
 [-3.43648349e-03 -2.08392822e-03  1.97162201e-03 -1.30052932e-03
   1.20521749e-03  1.61503308e-04 -1.65793530e-03 -1.14406491e-04
   2.52538930e-04  1.31308940e-03 -7.82580853e-05  2.26760535e-03
   1.06168283e-03  2.45607754e-04 -1.11412261e-03  1.18861128e-03
   2.63852092e-03 -3.94126029e-03  3.11248953e-03 -1.47811245e-03
  -9.23376127e-04  2.09507039e-05  2.02942752e-03 -2.00516557e-03
  -1.77103598e-03]
 [ 2.04803178e-04  1.24197245e-04 -1.17504468e-04  7.75104215e-05
  -7.18277211e-05 -9.62384999e-06  9.88097521e-05  6.81510614e-06
  -1.50515387e-05 -7.82580853e-05  4.66484388e-06 -1.35142470e-04
  -6.32747204e-05 -1.46390790e-05  6.63969394e-05 -7.08382669e-05
  -1.57248941e-04  2.34887056e-04 -1.85495461e-04  8.80904939e-05
   5.50303648e-05 -1.24786231e-06 -1.20946803e-04  1.19502370e-04
   1.05550074e-04]
 [-5.93456980e-03 -3.59879208e-03  3.40484575e-03 -2.24591128e-03
   2.08132450e-03  2.78910169e-04 -2.86313050e-03 -1.97585285e-04
   4.36112930e-04  2.26760535e-03 -1.35142470e-04  3.91599539e-03
   1.83344504e-03  4.24140690e-04 -1.92401756e-03  2.05264579e-03
   4.55653631e-03 -6.80628101e-03  5.37504930e-03 -2.55259892e-03
  -1.59460614e-03  3.61834802e-05  3.50468310e-03 -3.46277811e-03
  -3.05844803e-03]
 [-2.77852731e-03 -1.68493523e-03  1.59413144e-03 -1.05152761e-03
   9.74464148e-04  1.30581436e-04 -1.34050382e-03 -9.25016855e-05
   2.04187409e-04  1.06168283e-03 -6.32747204e-05  1.83344504e-03
   8.58411040e-04  1.98583349e-04 -9.00810302e-04  9.61037415e-04
   2.13334446e-03 -3.18665859e-03  2.51656602e-03 -1.19510999e-03
  -7.46584655e-04  1.69393686e-05  1.64086912e-03 -1.62125256e-03
  -1.43195001e-03]
 [-6.42770217e-04 -3.89787271e-04  3.68781664e-04 -2.43259863e-04
   2.25428615e-04  3.02061378e-05 -3.10108735e-04 -2.13939601e-05
   4.72372927e-05  2.45607754e-04 -1.46390790e-05  4.24140690e-04
   1.98583349e-04  4.59418380e-05 -2.08387069e-04  2.22322889e-04
   4.93519619e-04 -7.37186504e-04  5.82171409e-04 -2.76470327e-04
  -1.72711315e-04  3.91752692e-06  3.79589537e-04 -3.75053880e-04
  -3.31263256e-04]
 [ 2.91579073e-03  1.76816586e-03 -1.67287501e-03  1.10346223e-03
  -1.02260136e-03 -1.37037198e-04  1.40671786e-03  9.70839095e-05
  -2.14270424e-04 -1.11412261e-03  6.63969394e-05 -1.92401756e-03
  -9.00810302e-04 -2.08387069e-04  9.45316151e-04 -1.00851044e-03
  -2.23872803e-03  3.34408100e-03 -2.64088313e-03  1.25415091e-03
   7.83466393e-04 -1.77791038e-05 -1.72193227e-03  1.70134066e-03
   1.50268206e-03]
 [-3.11072044e-03 -1.88637852e-03  1.78471800e-03 -1.17724059e-03
   1.09096735e-03  1.46195263e-04 -1.50076738e-03 -1.03565755e-04
   2.28597898e-04  1.18861128e-03 -7.08382669e-05  2.05264579e-03
   9.61037415e-04  2.22322889e-04 -1.00851044e-03  1.07593501e-03
   2.38839866e-03 -3.56764551e-03  2.81743784e-03 -1.33799435e-03
  -8.35844021e-04  1.89657133e-05  1.83704763e-03 -1.81508346e-03
  -1.60314679e-03]
 [-6.90528854e-03 -4.18744972e-03  3.96177995e-03 -2.61327949e-03
   2.42176806e-03  3.24529979e-04 -3.33145622e-03 -2.29900267e-04
   5.07449362e-04  2.63852092e-03 -1.57248941e-04  4.55653631e-03
   2.13334446e-03  4.93519619e-04 -2.23872803e-03  2.38839866e-03
   5.30185208e-03 -7.91958681e-03  6.25424881e-03 -2.97012780e-03
  -1.85543640e-03  4.21010707e-05  4.07794423e-03 -4.02918678e-03
  -3.55872172e-03]
 [ 1.03147084e-02  6.25495851e-03 -5.91786576e-03  3.90355419e-03
  -3.61749123e-03 -4.84766246e-04  4.97632578e-03  3.43418304e-04
  -7.57995292e-04 -3.94126029e-03  2.34887056e-04 -6.80628101e-03
  -3.18665859e-03 -7.37186504e-04  3.34408100e-03 -3.56764551e-03
  -7.91958681e-03  1.18298049e-02 -9.34222128e-03  4.43660026e-03
   2.77153993e-03 -6.28896939e-05 -6.09139101e-03  6.01855671e-03
   5.31580169e-03]
 [-8.14572033e-03 -4.93966052e-03  4.67345225e-03 -3.08271299e-03
   2.85680178e-03  3.82828128e-04 -3.92990030e-03 -2.71201492e-04
   5.98604026e-04  3.11248953e-03 -1.85495461e-04  5.37504930e-03
   2.51656602e-03  5.82171409e-04 -2.64088313e-03  2.81743784e-03
   6.25424881e-03 -9.34222128e-03  7.37772980e-03 -3.50366699e-03
  -2.18873762e-03  4.96646143e-05  4.81048634e-03 -4.75296887e-03
  -4.19799076e-03]
 [ 3.86838532e-03  2.34583240e-03 -2.21941035e-03  1.46397077e-03
  -1.35668842e-03 -1.81805472e-04  1.86629912e-03  1.28796124e-04
  -2.84274750e-04 -1.47811245e-03  8.80904939e-05 -2.55259892e-03
  -1.19510999e-03 -2.76470327e-04  1.25415091e-03 -1.33799435e-03
  -2.97012780e-03  4.43660026e-03 -3.50366699e-03  1.66388420e-03
   1.03942669e-03 -2.35863428e-05 -2.28449020e-03  2.25717379e-03
   1.99361482e-03]
 [ 2.41657634e-03  1.46543977e-03 -1.38646416e-03  9.14542142e-04
  -8.47522110e-04 -1.13573262e-04  1.16587593e-03  8.04576973e-05
  -1.77586513e-04 -9.23376127e-04  5.50303648e-05 -1.59460614e-03
  -7.46584655e-04 -1.72711315e-04  7.83466393e-04 -8.35844021e-04
  -1.85543640e-03  2.77153993e-03 -2.18873762e-03  1.03942669e-03
   6.49328847e-04 -1.47341064e-05 -1.42711853e-03  1.41005453e-03
   1.24540988e-03]
 [-5.48358079e-05 -3.32512492e-05  3.14588858e-05 -2.07494257e-05
   1.92309150e-05  2.57829384e-06 -2.64534147e-05 -1.82865852e-06
   4.02872995e-06  2.09507039e-05 -1.24786231e-06  3.61834802e-05
   1.69393686e-05  3.91752692e-06 -1.77791038e-05  1.89657133e-05
   4.21010707e-05 -6.28896939e-05  4.96646143e-05 -2.35863428e-05
  -1.47341064e-05  3.35024947e-07  3.23839122e-05 -3.19952974e-05
  -2.82582632e-05]
 [-5.31123991e-03 -3.22079517e-03  3.04721935e-03 -2.01001096e-03
   1.86271439e-03  2.49616728e-04 -2.56240249e-03 -1.76836116e-04
   3.90305060e-04  2.02942752e-03 -1.20946803e-04  3.50468310e-03
   1.64086912e-03  3.79589537e-04 -1.72193227e-03  1.83704763e-03
   4.07794423e-03 -6.09139101e-03  4.81048634e-03 -2.28449020e-03
  -1.42711853e-03  3.23839122e-05  3.13657378e-03 -3.09906835e-03
  -2.73720522e-03]
 [ 5.24773243e-03  3.18228722e-03 -3.01078746e-03  1.98598285e-03
  -1.84044290e-03 -2.46629690e-04  2.53176762e-03  1.74715653e-04
  -3.85640102e-04 -2.00516557e-03  1.19502370e-04 -3.46277811e-03
  -1.62125256e-03 -3.75053880e-04  1.70134066e-03 -1.81508346e-03
  -4.02918678e-03  6.01855671e-03 -4.75296887e-03  2.25717379e-03
   1.41005453e-03 -3.19952974e-05 -3.09906835e-03  3.06201423e-03
   2.70448000e-03]
 [ 4.63498138e-03  2.81071064e-03 -2.65923650e-03  1.75409446e-03
  -1.62554479e-03 -2.17830151e-04  2.23614935e-03  1.54310235e-04
  -3.40612447e-04 -1.77103598e-03  1.05550074e-04 -3.05844803e-03
  -1.43195001e-03 -3.31263256e-04  1.50268206e-03 -1.60314679e-03
  -3.55872172e-03  5.31580169e-03 -4.19799076e-03  1.99361482e-03
   1.24540988e-03 -2.82582632e-05 -2.73720522e-03  2.70448000e-03
   2.38869482e-03]]
Dual solution:
0
Tr(CX) = 0.15817986548079502
Primal and dual gap: 0
Number of iterations: 35690
Max error in symmetry of Q: 0
Maximum h bound: 0.003
Method name is: Physarum SDC modified (v.2)
Restart factor: 1000
Infeasibility: 3.552713678800501e-15
Time spent (seconds): 29.52401304244995
