Answer of test tests/testset3-1/dense25negative-definite15.dat-s
[General Setting]
Primal solution:
[[ 8.46559959e-02 -2.99988323e-02  3.38215010e-02 -3.06820100e-02
   7.80228633e-02 -2.93158410e-02  4.93837188e-02 -4.65952595e-02
   1.75263803e-02 -3.51104012e-02  4.04138391e-02 -8.34890979e-02
   5.73179464e-02  3.19141275e-02 -9.86665762e-03 -3.63286275e-02
   3.25500224e-02  1.06504892e-02  1.38244960e-02 -4.94886543e-03
  -8.14906926e-02  7.53841553e-02  2.65311359e-02  1.80352828e-02
  -4.79505937e-02]
 [-2.99988323e-02  4.09515995e-02  2.86596686e-02  5.97473666e-02
   1.87602594e-02  1.18428495e-01  2.44499825e-02  5.21441968e-02
  -5.15273005e-02  1.59352459e-02  3.86916475e-02  9.98587702e-03
  -5.76736577e-02 -3.50083142e-03  8.44105715e-02  1.99607478e-02
  -2.22117836e-03  4.62292847e-02  4.79639687e-02  3.31896180e-02
   5.66781884e-02 -2.06005351e-02  1.44966286e-02  4.74149586e-02
   1.36510901e-01]
 [ 3.38215010e-02  2.86596686e-02  6.79954196e-02  5.32574405e-02
   9.33808971e-02  1.33112684e-01  7.59620506e-02  2.91489760e-02
  -5.37436477e-02 -9.34430111e-03  8.72082181e-02 -5.96278524e-02
  -2.71837887e-02  2.32170599e-02  1.04521440e-01 -5.01360906e-03
   2.54885176e-02  7.12832850e-02  7.63843589e-02  4.01618666e-02
   4.70959874e-03  3.83111727e-02  4.26345942e-02  7.93308715e-02
   1.41055027e-01]
 [-3.06820100e-02  5.97473666e-02  5.32574405e-02  8.99017402e-02
   4.65282527e-02  1.84775364e-01  4.97206764e-02  7.43240021e-02
  -7.93982192e-02  1.83562577e-02  7.08042963e-02 -1.33337053e-03
  -8.09984512e-02  1.01956292e-03  1.34002017e-01  2.45906548e-02
   3.21499983e-03  7.67406782e-02  8.01994560e-02  5.24653614e-02
   7.43473999e-02 -1.74684880e-02  2.89059792e-02  8.01935660e-02
   2.10032189e-01]
 [ 7.80228633e-02  1.87602594e-02  9.33808971e-02  4.65282527e-02
   1.42940868e-01  1.38343734e-01  1.09721085e-01  1.15937668e-02
  -5.32070020e-02 -2.70123777e-02  1.18386829e-01 -1.06945667e-01
  -4.35875860e-03  4.13646651e-02  1.14751026e-01 -2.26345930e-02
   4.42542274e-02  8.63495336e-02  9.36514017e-02  4.35536838e-02
  -3.25542704e-02  7.88334232e-02  6.10301720e-02  9.89757757e-02
   1.38738408e-01]
 [-2.93158410e-02  1.18428495e-01  1.33112684e-01  1.84775364e-01
   1.38343734e-01  3.95119321e-01  1.32373416e-01  1.43101469e-01
  -1.67541055e-01  2.46064019e-02  1.74899527e-01 -4.09248359e-02
  -1.52978131e-01  1.67708272e-02  2.91729505e-01  3.78336794e-02
   2.19131963e-02  1.74483478e-01  1.83573052e-01  1.13725968e-01
   1.27280024e-01 -4.32429905e-03  7.59664301e-02  1.85475426e-01
   4.42474154e-01]
 [ 4.93837188e-02  2.44499825e-02  7.59620506e-02  4.97206764e-02
   1.09721085e-01  1.32373416e-01  8.68456357e-02  2.21169884e-02
  -5.24721269e-02 -1.56482528e-02  9.69190039e-02 -7.58190793e-02
  -1.82550951e-02  2.94198547e-02  1.06190050e-01 -1.13868290e-02
   3.18729753e-02  7.53932010e-02  8.12008047e-02  4.06050646e-02
  -9.07423518e-03  5.24320375e-02  4.85403173e-02  8.49619777e-02
   1.37384188e-01]
 [-4.65952595e-02  5.21441968e-02  2.91489760e-02  7.43240021e-02
   1.15937668e-02  1.43101469e-01  2.21169884e-02  6.75208823e-02
  -6.29015263e-02  2.34304471e-02  4.00551044e-02  2.29202422e-02
  -7.54554717e-02 -8.38964334e-03  1.00518892e-01  2.83243232e-02
  -6.97102571e-03  5.29005657e-02  5.45138866e-02  3.96665582e-02
   7.75240773e-02 -3.43084757e-02  1.34816533e-02  5.33045882e-02
   1.66847946e-01]
 [ 1.75263803e-02 -5.15273005e-02 -5.37436477e-02 -7.93982192e-02
  -5.32070020e-02 -1.67541055e-01 -5.24721269e-02 -6.29015263e-02
   7.13566580e-02 -1.24901022e-02 -7.08635600e-02  1.20076517e-02
   6.77066760e-02 -5.06273870e-03 -1.22973376e-01 -1.81134461e-02
  -7.18038464e-03 -7.25278316e-02 -7.61443007e-02 -4.80072679e-02
  -5.84211840e-02  6.47104426e-03 -3.02244653e-02 -7.66820914e-02
  -1.88554951e-01]
 [-3.51104012e-02  1.59352459e-02 -9.34430111e-03  1.83562577e-02
  -2.70123777e-02  2.46064019e-02 -1.56482528e-02  2.34304471e-02
  -1.24901022e-02  1.49642623e-02 -1.06534315e-02  3.23682804e-02
  -2.80768863e-02 -1.23364918e-02  1.34146869e-02  1.58835768e-02
  -1.24268278e-02  1.34396120e-03  3.57014614e-04  5.67440918e-03
   3.70007277e-02 -3.05606998e-02 -8.25012977e-03 -1.28071035e-03
   3.36575733e-02]
 [ 4.04138391e-02  3.86916475e-02  8.72082181e-02  7.08042963e-02
   1.18386829e-01  1.74899527e-01  9.69190039e-02  4.00551044e-02
  -7.08635600e-02 -1.06534315e-02  1.11979327e-01 -7.41239723e-02
  -3.79604984e-02  2.88872995e-02  1.36758139e-01 -4.95169041e-03
   3.18221675e-02  9.25091318e-02  9.90237459e-02  5.25992531e-02
   9.70382180e-03  4.66748788e-02  5.44487605e-02  1.02682861e-01
   1.86073028e-01]
 [-8.34890979e-02  9.98587702e-03 -5.96278524e-02 -1.33337053e-03
  -1.06945667e-01 -4.09248359e-02 -7.58190793e-02  2.29202422e-02
   1.20076517e-02  3.23682804e-02 -7.41239723e-02  9.50072767e-02
  -3.23770141e-02 -3.65214745e-02 -4.25718936e-02  3.12466995e-02
  -3.81214264e-02 -4.28256422e-02 -4.78042274e-02 -1.54393799e-02
   6.23969901e-02 -7.82962882e-02 -4.16131385e-02 -5.25666032e-02
  -2.99668890e-02]
 [ 5.73179464e-02 -5.76736577e-02 -2.71837887e-02 -8.09984512e-02
  -4.35875860e-03 -1.52978131e-01 -1.82550951e-02 -7.54554717e-02
   6.77066760e-02 -2.80768863e-02 -3.79604984e-02 -3.23770141e-02
   8.48469194e-02  1.19865030e-02 -1.06384607e-01 -3.33300708e-02
   1.05625627e-02 -5.44041429e-02 -5.57785802e-02 -4.20867397e-02
  -8.94318120e-02  4.35080566e-02 -1.14845129e-02 -5.40897275e-02
  -1.79739764e-01]
 [ 3.19141275e-02 -3.50083142e-03  2.32170599e-02  1.01956292e-03
   4.13646651e-02  1.67708272e-02  2.94198547e-02 -8.38964334e-03
  -5.06273870e-03 -1.23364918e-02  2.88872995e-02 -3.65214745e-02
   1.19865030e-02  1.40419767e-02  1.71174394e-02 -1.18702667e-02
   1.46692643e-02  1.68919666e-02  1.88248816e-02  6.22973003e-03
  -2.35615305e-02  2.99929194e-02  1.61561448e-02  2.06551658e-02
   1.27018505e-02]
 [-9.86665762e-03  8.44105715e-02  1.04521440e-01  1.34002017e-01
   1.14751026e-01  2.91729505e-01  1.06190050e-01  1.00518892e-01
  -1.22973376e-01  1.34146869e-02  1.36758139e-01 -4.25718936e-02
  -1.06384607e-01  1.71174394e-02  2.17075338e-01  2.31470004e-02
   2.10595060e-02  1.32196376e-01  1.39457052e-01  8.44658269e-02
   8.36867442e-02  7.52618972e-03  6.06819763e-02  1.41483089e-01
   3.24533826e-01]
 [-3.63286275e-02  1.99607478e-02 -5.01360906e-03  2.45906548e-02
  -2.26345930e-02  3.78336794e-02 -1.13868290e-02  2.83243232e-02
  -1.81134461e-02  1.58835768e-02 -4.95169041e-03  3.12466995e-02
  -3.33300708e-02 -1.18702667e-02  2.31470004e-02  1.72463842e-02
  -1.17913802e-02  7.11733522e-03  6.42361730e-03  9.47156047e-03
   4.14685205e-02 -3.09209941e-02 -5.79938896e-03  4.83708839e-03
   4.85135553e-02]
 [ 3.25500224e-02 -2.22117836e-03  2.54885176e-02  3.21499983e-03
   4.42542274e-02  2.19131963e-02  3.18729753e-02 -6.97102571e-03
  -7.18038464e-03 -1.24268278e-02  3.18221675e-02 -3.81214264e-02
   1.05625627e-02  1.46692643e-02  2.10595060e-02 -1.17913802e-02
   1.53760327e-02  1.94538887e-02  2.15525805e-02  7.75287831e-03
  -2.27937523e-02  3.08625735e-02  1.75416236e-02  2.34613015e-02
   1.82740002e-02]
 [ 1.06504892e-02  4.62292847e-02  7.12832850e-02  7.67406782e-02
   8.63495336e-02  1.74483478e-01  7.53932010e-02  5.29005657e-02
  -7.25278316e-02  1.34396120e-03  9.25091318e-02 -4.28256422e-02
  -5.44041429e-02  1.68919666e-02  1.32196376e-01  7.11733522e-03
   1.94538887e-02  8.38018289e-02  8.89167134e-02  5.12191836e-02
   3.55950983e-02  1.95646395e-02  4.27490617e-02  9.10018056e-02
   1.91069311e-01]
 [ 1.38244960e-02  4.79639687e-02  7.63843589e-02  8.01994560e-02
   9.36514017e-02  1.83573052e-01  8.12008047e-02  5.45138866e-02
  -7.61443007e-02  3.57014614e-04  9.90237459e-02 -4.78042274e-02
  -5.57785802e-02  1.88248816e-02  1.39457052e-01  6.42361730e-03
   2.15525805e-02  8.89167134e-02  9.44202724e-02  5.39981947e-02
   3.51615266e-02  2.29674759e-02  4.59975139e-02  9.67521726e-02
   2.00542729e-01]
 [-4.94886543e-03  3.31896180e-02  4.01618666e-02  5.24653614e-02
   4.35536838e-02  1.13725968e-01  4.06050646e-02  3.96665582e-02
  -4.80072679e-02  5.67440918e-03  5.25992531e-02 -1.54393799e-02
  -4.20867397e-02  6.22973003e-03  8.44658269e-02  9.47156047e-03
   7.75287831e-03  5.12191836e-02  5.39981947e-02  3.28809825e-02
   3.35869541e-02  1.93060115e-03  2.32258968e-02  5.47298429e-02
   1.26716320e-01]
 [-8.14906926e-02  5.66781884e-02  4.70959874e-03  7.43473999e-02
  -3.25542704e-02  1.27280024e-01 -9.07423518e-03  7.75240773e-02
  -5.84211840e-02  3.70007277e-02  9.70382180e-03  6.23969901e-02
  -8.94318120e-02 -2.35615305e-02  8.36867442e-02  4.14685205e-02
  -2.27937523e-02  3.55950983e-02  3.51615266e-02  3.35869541e-02
   1.03934080e-01 -6.69608743e-02 -3.62719560e-03  3.19729307e-02
   1.55742912e-01]
 [ 7.53841553e-02 -2.06005351e-02  3.83111727e-02 -1.74684880e-02
   7.88334232e-02 -4.32429905e-03  5.24320375e-02 -3.43084757e-02
   6.47104426e-03 -3.05606998e-02  4.66748788e-02 -7.82962882e-02
   4.35080566e-02  2.99929194e-02  7.52618972e-03 -3.09209941e-02
   3.08625735e-02  1.95646395e-02  2.29674759e-02  1.93060115e-03
  -6.69608743e-02  6.83601174e-02  2.84432062e-02  2.69072153e-02
  -1.86039577e-02]
 [ 2.65311359e-02  1.44966286e-02  4.26345942e-02  2.89059792e-02
   6.10301720e-02  7.59664301e-02  4.85403173e-02  1.34816533e-02
  -3.02244653e-02 -8.25012977e-03  5.44487605e-02 -4.16131385e-02
  -1.14845129e-02  1.61561448e-02  6.06819763e-02 -5.79938896e-03
   1.75416236e-02  4.27490617e-02  4.59975139e-02  2.32258968e-02
  -3.62719560e-03  2.84432062e-02  2.71507288e-02  4.80605181e-02
   7.91736901e-02]
 [ 1.80352828e-02  4.74149586e-02  7.93308715e-02  8.01935660e-02
   9.89757757e-02  1.85475426e-01  8.49619777e-02  5.33045882e-02
  -7.66820914e-02 -1.28071035e-03  1.02682861e-01 -5.25666032e-02
  -5.40897275e-02  2.06551658e-02  1.41483089e-01  4.83708839e-03
   2.34613015e-02  9.10018056e-02  9.67521726e-02  5.47298429e-02
   3.19729307e-02  2.69072153e-02  4.80605181e-02  9.93228587e-02
   2.01875264e-01]
 [-4.79505937e-02  1.36510901e-01  1.41055027e-01  2.10032189e-01
   1.38738408e-01  4.42474154e-01  1.37384188e-01  1.66847946e-01
  -1.88554951e-01  3.36575733e-02  1.86073028e-01 -2.99668890e-02
  -1.79739764e-01  1.27018505e-02  3.24533826e-01  4.85135553e-02
   1.82740002e-02  1.91069311e-01  2.00542729e-01  1.26716320e-01
   1.55742912e-01 -1.86039577e-02  7.91736901e-02  2.01875264e-01
   4.98276630e-01]]
Dual solution:
0
Tr(CX) = 4.434091125351187
Primal and dual gap: 0
Number of iterations: 52714
Max error in symmetry of Q: 0
Maximum h bound: 0.003
Method name is: Physarum SDC modified (v.2)
Restart factor: 1000
Infeasibility: 1.2789769243681803e-13
Time spent (seconds): 71.55770897865295
