SDPA start at [Thu Jul 15 21:27:27 2021]
param  is ./param.sdpa 
data   is G:\Research\PhysarumSDPSolver\SDPA\testSet\testset3\dense25negative-definite8.dat-s  : sparse
"Dense tests with negative definite C matrices matrices have dimension 25 * 25 and 1-10 constraints"
out    is G:\Research\PhysarumSDPSolver\SDPA\testSet\testset3\dense25negative-definite8.dat-s.res
NumThreads  is set as 1
Schur computation : DENSE 
   mu      thetaP  thetaD  objP      objD      alphaP  alphaD  beta 
 0 1.0e+004 1.0e+000 1.0e+000 -0.00e+000 -1.40e+004 9.1e-001 1.0e+000 2.00e-001
 1 1.8e+003 9.2e-002 7.0e-016 +3.79e-001 -1.75e+004 1.0e+000 1.6e+000 2.00e-001
 2 3.0e+002 4.0e-004 1.5e-015 +2.45e-001 -7.37e+003 1.0e+000 1.1e+000 2.00e-001
 3 4.6e+001 9.3e-018 3.0e-016 +1.93e-001 -1.15e+003 4.2e+001 9.8e-001 1.00e-001
 4 5.5e+000 9.3e-018 4.9e-017 -3.08e+000 -1.39e+002 9.8e-001 9.8e-001 1.00e-001
 5 6.3e-001 9.3e-018 3.4e-018 -2.99e+000 -1.87e+001 9.5e-001 9.6e-001 1.00e-001
 6 8.5e-002 9.3e-018 2.5e-018 -3.41e+000 -5.54e+000 1.2e+000 9.7e-001 1.00e-001
 7 1.1e-002 9.3e-018 3.4e-018 -3.46e+000 -3.72e+000 1.1e+000 9.8e-001 1.00e-001
 8 1.2e-003 9.3e-018 1.7e-018 -3.46e+000 -3.49e+000 1.2e+000 9.9e-001 1.00e-001
 9 1.3e-004 9.3e-018 8.4e-018 -3.46e+000 -3.46e+000 1.2e+000 1.0e+000 1.00e-001
10 1.3e-005 9.3e-018 3.4e-018 -3.46e+000 -3.46e+000 1.2e+000 1.0e+000 1.00e-001
11 1.3e-006 1.9e-017 6.8e-018 -3.46e+000 -3.46e+000 1.2e+000 1.0e+000 1.00e-001
12 1.3e-007 1.9e-017 4.6e-017 -3.46e+000 -3.46e+000 1.2e+000 1.0e+000 1.00e-001
13 1.3e-008 1.9e-017 5.9e-017 -3.46e+000 -3.46e+000 1.2e+000 1.0e+000 1.00e-001

phase.value  = pdOPT     
   Iteration = 13
          mu = +1.2555399493408003e-008
relative gap = +9.0676872711741732e-008
        gap  = +3.1388498200612958e-007
     digits  = +7.0425034663515849e+000
objValPrimal = -3.4615768981458310e+000
objValDual   = -3.4615772120308130e+000
p.feas.error = +1.7763568394002505e-015
d.feas.error = +4.9737991503207013e-013
total time   = 0.067586
** Paramters **
maxIteration = 100
epsilonStar  = +9.9999999999999995e-008
lambdaStar   = +1.0000000000000000e+002
omegaStar    = +2.0000000000000000e+000
lowerBound   = -1.0000000000000000e+005
upperBound   = +1.0000000000000000e+005
betaStar     = +1.0000000000000001e-001
betaBar      = +2.0000000000000001e-001
gammaStar    = +9.0000000000000002e-001
epsilonDash  = +9.9999999999999995e-008
xPrint       = %+8.3e 
XPrint       = %+8.3e 
YPrint       = %+8.3e 
infPrint     = %+10.16e 

                         Time(sec)  Ratio(% : MainLoop) 
 Predictor time  =       0.015693,  24.304609
 Corrector time  =       0.010980,  17.005328
 Make bMat time  =       0.003992,  6.182629
 Make bDia time  =       0.000000,  0.000000
 Make bF1  time  =       0.000998,  1.545657
 Make bF2  time  =       0.000000,  0.000000
 Make bF3  time  =       0.000000,  0.000000
 Make bPRE time  =       0.000998,  1.545657
 Make rMat time  =       0.002993,  4.635423
 Make gVec Mul   =       0.000000,  0.000000
 Make gVec time  =       0.000000,  0.000000
 Cholesky bMat   =       0.000000,  0.000000
 Ste Pre time    =       0.000000,  0.000000
 Ste Cor time    =       0.034903,  54.056189
 solve           =       0.000000,  0.000000
 sumDz           =       0.000996,  1.542560
 makedX          =       0.003009,  4.660203
 symmetriseDx    =       0.015683,  24.289122
 makedXdZ        =       0.019688,  30.491885
 xMatTime        =       0.000000,  0.000000
 zMatTime        =       0.000997,  1.544109
 invzMatTime     =       0.000000,  0.000000
 xMatzMatTime    =       0.000000,  0.000000
 EigxMatTime     =       0.017948,  27.797051
 EigzMatTime     =       0.016955,  26.259138
 EigxMatzMatTime =       0.000000,  0.000000
 updateRes       =       0.001995,  3.089766
 EigTime         =       0.034903,  54.056189
 sub_total_bMat  =       0.060576,  93.817371
 Main Loop       =       0.064568,  100.000000
 File Check      =       0.000000,  0.000000
 File Change     =       0.000000,  0.000000
 File Read       =       0.003018,  4.674142
 Total           =       0.067586,  104.674142

xVec = 
{+5.991e-003,+3.769e-002}
xMat = 
{
{ {+5.928e+000,-1.525e+000,-5.597e-001,-5.840e-001,-6.482e-001,+2.492e-001,-7.280e-002,-9.315e-001,+9.454e-001,+2.365e-001,+7.701e-001,-2.160e-001,-3.559e-001,+3.917e-002,+5.177e-001,-3.555e-001,-7.352e-001,-2.907e-001,+2.328e-001,+1.076e+000,+1.101e+000,+6.808e-001,+2.511e-001,-4.391e-001,-1.306e+000 },
  {-1.525e+000,+5.739e+000,+5.168e-001,+1.452e-001,-7.976e-001,+2.468e-001,+4.645e-001,+1.763e-001,+2.506e-001,-3.636e-001,-7.319e-002,-7.186e-001,+5.822e-001,+1.416e+000,-1.944e-001,+8.235e-001,+4.693e-001,-8.903e-001,+4.904e-001,+1.025e+000,-4.453e-001,+5.150e-001,-4.739e-001,-8.333e-001,+1.879e-001 },
  {-5.597e-001,+5.168e-001,+6.403e+000,-1.107e+000,+1.924e-001,+9.090e-001,-8.582e-001,+2.235e-001,-2.900e-001,-1.363e+000,+1.181e-001,+1.361e+000,-2.348e-001,-1.378e+000,-2.554e-001,-9.843e-001,+3.446e-001,-6.482e-001,+5.384e-001,-2.986e-001,+5.520e-002,-3.576e-001,-1.092e+000,-1.328e+000,+5.128e-001 },
  {-5.840e-001,+1.452e-001,-1.107e+000,+5.483e+000,-5.314e-001,-7.694e-001,+1.462e+000,+4.286e-001,+8.367e-002,+1.054e-001,+3.360e-001,-8.654e-002,+9.665e-001,-1.428e+000,+4.688e-001,-3.433e-001,+7.540e-001,+3.280e-001,+7.884e-002,-3.440e-001,+7.274e-001,-9.594e-001,+7.814e-001,-5.830e-001,-6.073e-002 },
  {-6.482e-001,-7.976e-001,+1.924e-001,-5.314e-001,+5.051e+000,+4.149e-001,-4.079e-001,+2.956e-001,-9.904e-001,-1.163e-001,+4.078e-001,+1.777e-001,-7.267e-001,-1.216e+000,-1.168e+000,+7.013e-001,-5.534e-001,+8.299e-001,+6.955e-001,+5.914e-001,-4.813e-001,-2.886e-001,+2.392e-001,+1.064e+000,-1.340e-001 },
  {+2.492e-001,+2.468e-001,+9.090e-001,-7.694e-001,+4.149e-001,+4.511e+000,+5.686e-001,-1.309e+000,+6.594e-001,+6.050e-001,-4.572e-001,+8.038e-001,-7.849e-001,-8.217e-001,+8.861e-001,-1.950e-001,-5.731e-001,-9.410e-001,+4.781e-001,-6.423e-001,+2.390e-002,+3.926e-001,+6.512e-002,-6.195e-001,-2.725e-001 },
  {-7.280e-002,+4.645e-001,-8.582e-001,+1.462e+000,-4.079e-001,+5.686e-001,+5.288e+000,+8.597e-001,-1.172e+000,-3.263e-001,-4.360e-001,-2.372e-001,-5.118e-001,+1.316e+000,+4.652e-002,+9.775e-001,-4.876e-001,-1.661e+000,+6.284e-001,-1.726e-001,+3.623e-001,-7.025e-001,-1.028e-001,+8.208e-001,-3.434e-001 },
  {-9.315e-001,+1.763e-001,+2.235e-001,+4.286e-001,+2.956e-001,-1.309e+000,+8.597e-001,+4.596e+000,-1.344e+000,+8.866e-001,-3.845e-002,+2.300e-001,+3.269e-001,+7.257e-002,+1.336e-001,-4.437e-002,-1.609e-001,+3.680e-001,-4.883e-001,-1.075e+000,-7.549e-001,-2.958e-001,+7.667e-001,-3.754e-001,-4.214e-001 },
  {+9.454e-001,+2.506e-001,-2.900e-001,+8.367e-002,-9.904e-001,+6.594e-001,-1.172e+000,-1.344e+000,+4.971e+000,-9.055e-001,+1.453e-002,+8.996e-001,+6.520e-001,+2.662e-001,+6.362e-001,-1.119e-001,-1.398e-001,+5.515e-001,-3.116e-001,-1.056e-001,+4.605e-002,-2.854e-001,-2.981e-001,-3.524e-001,-1.660e+000 },
  {+2.365e-001,-3.636e-001,-1.363e+000,+1.054e-001,-1.163e-001,+6.050e-001,-3.263e-001,+8.866e-001,-9.055e-001,+5.896e+000,+1.671e+000,+1.207e+000,+9.968e-001,+2.103e-001,-5.152e-001,+2.150e-001,-4.894e-001,+6.901e-001,-4.385e-001,-8.065e-001,+1.206e+000,+1.221e+000,+2.847e-001,+1.438e+000,-8.832e-001 },
  {+7.701e-001,-7.319e-002,+1.181e-001,+3.360e-001,+4.078e-001,-4.572e-001,-4.360e-001,-3.845e-002,+1.453e-002,+1.671e+000,+5.670e+000,-1.016e-001,+1.368e+000,-1.215e+000,+5.832e-001,-8.208e-001,+4.539e-001,-3.246e-001,-6.347e-001,-5.084e-001,+7.472e-001,+6.426e-002,-8.799e-001,+2.776e-001,+3.193e-001 },
  {-2.160e-001,-7.186e-001,+1.361e+000,-8.654e-002,+1.777e-001,+8.038e-001,-2.372e-001,+2.300e-001,+8.996e-001,+1.207e+000,-1.016e-001,+4.966e+000,-1.708e+000,-1.014e+000,+8.866e-002,+7.157e-001,-4.689e-001,+2.454e-001,-3.194e-001,-3.130e-001,+1.013e+000,-4.444e-001,-1.541e-001,-4.889e-001,-2.032e+000 },
  {-3.559e-001,+5.822e-001,-2.348e-001,+9.665e-001,-7.267e-001,-7.849e-001,-5.118e-001,+3.269e-001,+6.520e-001,+9.968e-001,+1.368e+000,-1.708e+000,+6.518e+000,-7.922e-001,+6.361e-002,+6.730e-001,-1.265e+000,+6.605e-002,-1.754e-001,+4.814e-001,+4.082e-001,-7.206e-001,-4.137e-001,-8.812e-001,+6.061e-001 },
  {+3.917e-002,+1.416e+000,-1.378e+000,-1.428e+000,-1.216e+000,-8.217e-001,+1.316e+000,+7.257e-002,+2.662e-001,+2.103e-001,-1.215e+000,-1.014e+000,-7.922e-001,+6.542e+000,-7.821e-002,+1.265e-001,+7.308e-002,+2.126e+000,+1.979e-001,+2.517e-001,+2.869e-001,+2.345e-001,+3.608e-001,+4.493e-001,-1.674e-001 },
  {+5.177e-001,-1.944e-001,-2.554e-001,+4.688e-001,-1.168e+000,+8.861e-001,+4.652e-002,+1.336e-001,+6.362e-001,-5.152e-001,+5.832e-001,+8.866e-002,+6.361e-002,-7.821e-002,+5.767e+000,-7.788e-001,-1.731e+000,-6.071e-001,-8.869e-001,-1.082e+000,+4.597e-001,+1.169e-001,-7.467e-001,+3.714e-002,+6.129e-001 },
  {-3.555e-001,+8.235e-001,-9.843e-001,-3.433e-001,+7.013e-001,-1.950e-001,+9.775e-001,-4.437e-002,-1.119e-001,+2.150e-001,-8.208e-001,+7.157e-001,+6.730e-001,+1.265e-001,-7.788e-001,+5.709e+000,+7.033e-001,+1.489e-001,-1.898e-001,-7.195e-001,-2.465e-002,+7.867e-001,-8.172e-001,+3.520e-001,+3.133e-001 },
  {-7.352e-001,+4.693e-001,+3.446e-001,+7.540e-001,-5.534e-001,-5.731e-001,-4.876e-001,-1.609e-001,-1.398e-001,-4.894e-001,+4.539e-001,-4.689e-001,-1.265e+000,+7.308e-002,-1.731e+000,+7.033e-001,+4.841e+000,+4.690e-001,+1.046e+000,+2.837e-001,-3.232e-001,+1.593e+000,+7.823e-001,-4.937e-002,-2.054e-002 },
  {-2.907e-001,-8.903e-001,-6.482e-001,+3.280e-001,+8.299e-001,-9.410e-001,-1.661e+000,+3.680e-001,+5.515e-001,+6.901e-001,-3.246e-001,+2.454e-001,+6.605e-002,+2.126e+000,-6.071e-001,+1.489e-001,+4.690e-001,+4.992e+000,-2.860e-002,+1.896e-001,+2.741e-001,-4.766e-001,+9.067e-001,-8.086e-001,-5.489e-001 },
  {+2.328e-001,+4.904e-001,+5.384e-001,+7.884e-002,+6.955e-001,+4.781e-001,+6.284e-001,-4.883e-001,-3.116e-001,-4.385e-001,-6.347e-001,-3.194e-001,-1.754e-001,+1.979e-001,-8.869e-001,-1.898e-001,+1.046e+000,-2.860e-002,+4.013e+000,+5.088e-001,-3.115e-001,-5.671e-001,+3.829e-001,+2.914e-001,-6.692e-001 },
  {+1.076e+000,+1.025e+000,-2.986e-001,-3.440e-001,+5.914e-001,-6.423e-001,-1.726e-001,-1.075e+000,-1.056e-001,-8.065e-001,-5.084e-001,-3.130e-001,+4.814e-001,+2.517e-001,-1.082e+000,-7.195e-001,+2.837e-001,+1.896e-001,+5.088e-001,+5.493e+000,-6.915e-001,-2.422e-001,-1.556e-001,-9.404e-001,+3.058e-001 },
  {+1.101e+000,-4.453e-001,+5.520e-002,+7.274e-001,-4.813e-001,+2.390e-002,+3.623e-001,-7.549e-001,+4.605e-002,+1.206e+000,+7.472e-001,+1.013e+000,+4.082e-001,+2.869e-001,+4.597e-001,-2.465e-002,-3.232e-001,+2.741e-001,-3.115e-001,-6.915e-001,+4.533e+000,+7.956e-001,-5.091e-001,+7.136e-001,-9.079e-001 },
  {+6.808e-001,+5.150e-001,-3.576e-001,-9.594e-001,-2.886e-001,+3.926e-001,-7.025e-001,-2.958e-001,-2.854e-001,+1.221e+000,+6.426e-002,-4.444e-001,-7.206e-001,+2.345e-001,+1.169e-001,+7.867e-001,+1.593e+000,-4.766e-001,-5.671e-001,-2.422e-001,+7.956e-001,+5.335e+000,-1.279e+000,+8.799e-001,+4.259e-001 },
  {+2.511e-001,-4.739e-001,-1.092e+000,+7.814e-001,+2.392e-001,+6.512e-002,-1.028e-001,+7.667e-001,-2.981e-001,+2.847e-001,-8.799e-001,-1.541e-001,-4.137e-001,+3.608e-001,-7.467e-001,-8.172e-001,+7.823e-001,+9.067e-001,+3.829e-001,-1.556e-001,-5.091e-001,-1.279e+000,+6.145e+000,-6.213e-001,-1.719e-001 },
  {-4.391e-001,-8.333e-001,-1.328e+000,-5.830e-001,+1.064e+000,-6.195e-001,+8.208e-001,-3.754e-001,-3.524e-001,+1.438e+000,+2.776e-001,-4.889e-001,-8.812e-001,+4.493e-001,+3.714e-002,+3.520e-001,-4.937e-002,-8.086e-001,+2.914e-001,-9.404e-001,+7.136e-001,+8.799e-001,-6.213e-001,+5.150e+000,+6.830e-001 },
  {-1.306e+000,+1.879e-001,+5.128e-001,-6.073e-002,-1.340e-001,-2.725e-001,-3.434e-001,-4.214e-001,-1.660e+000,-8.832e-001,+3.193e-001,-2.032e+000,+6.061e-001,-1.674e-001,+6.129e-001,+3.133e-001,-2.054e-002,-5.489e-001,-6.692e-001,+3.058e-001,-9.079e-001,+4.259e-001,-1.719e-001,+6.830e-001,+7.000e+000 }   }
}
yMat = 
{
{ {+4.879e-002,+5.393e-002,-2.583e-002,-6.520e-002,+6.897e-002,-6.259e-002,+8.248e-002,-5.355e-002,+5.828e-003,+4.229e-002,-7.004e-002,+4.646e-002,+4.893e-002,-4.247e-002,+3.251e-002,-7.690e-002,+9.325e-002,+2.610e-002,-3.412e-002,-6.447e-002,-1.283e-002,-2.730e-002,-2.340e-002,-3.156e-002,+3.181e-002 },
  {+5.393e-002,+5.961e-002,-2.855e-002,-7.206e-002,+7.623e-002,-6.918e-002,+9.117e-002,-5.919e-002,+6.442e-003,+4.674e-002,-7.742e-002,+5.135e-002,+5.408e-002,-4.695e-002,+3.593e-002,-8.500e-002,+1.031e-001,+2.885e-002,-3.771e-002,-7.125e-002,-1.418e-002,-3.017e-002,-2.586e-002,-3.488e-002,+3.516e-002 },
  {-2.583e-002,-2.855e-002,+1.367e-002,+3.451e-002,-3.651e-002,+3.313e-002,-4.366e-002,+2.834e-002,-3.085e-003,-2.238e-002,+3.707e-002,-2.459e-002,-2.590e-002,+2.248e-002,-1.721e-002,+4.071e-002,-4.936e-002,-1.381e-002,+1.806e-002,+3.412e-002,+6.791e-003,+1.445e-002,+1.239e-002,+1.670e-002,-1.684e-002 },
  {-6.520e-002,-7.206e-002,+3.451e-002,+8.712e-002,-9.216e-002,+8.363e-002,-1.102e-001,+7.155e-002,-7.788e-003,-5.651e-002,+9.359e-002,-6.208e-002,-6.539e-002,+5.675e-002,-4.344e-002,+1.028e-001,-1.246e-001,-3.487e-002,+4.559e-002,+8.614e-002,+1.714e-002,+3.647e-002,+3.127e-002,+4.217e-002,-4.250e-002 },
  {+6.897e-002,+7.623e-002,-3.651e-002,-9.216e-002,+9.750e-002,-8.847e-002,+1.166e-001,-7.569e-002,+8.238e-003,+5.978e-002,-9.901e-002,+6.568e-002,+6.917e-002,-6.004e-002,+4.595e-002,-1.087e-001,+1.318e-001,+3.689e-002,-4.823e-002,-9.113e-002,-1.814e-002,-3.859e-002,-3.308e-002,-4.461e-002,+4.496e-002 },
  {-6.259e-002,-6.918e-002,+3.313e-002,+8.363e-002,-8.847e-002,+8.028e-002,-1.058e-001,+6.869e-002,-7.476e-003,-5.424e-002,+8.984e-002,-5.960e-002,-6.277e-002,+5.448e-002,-4.170e-002,+9.865e-002,-1.196e-001,-3.348e-002,+4.376e-002,+8.269e-002,+1.646e-002,+3.501e-002,+3.002e-002,+4.048e-002,-4.080e-002 },
  {+8.248e-002,+9.117e-002,-4.366e-002,-1.102e-001,+1.166e-001,-1.058e-001,+1.394e-001,-9.053e-002,+9.853e-003,+7.149e-002,-1.184e-001,+7.854e-002,+8.272e-002,-7.180e-002,+5.496e-002,-1.300e-001,+1.576e-001,+4.412e-002,-5.768e-002,-1.090e-001,-2.169e-002,-4.614e-002,-3.956e-002,-5.335e-002,+5.377e-002 },
  {-5.355e-002,-5.919e-002,+2.834e-002,+7.155e-002,-7.569e-002,+6.869e-002,-9.053e-002,+5.877e-002,-6.396e-003,-4.641e-002,+7.687e-002,-5.099e-002,-5.370e-002,+4.661e-002,-3.568e-002,+8.440e-002,-1.023e-001,-2.864e-002,+3.744e-002,+7.075e-002,+1.408e-002,+2.996e-002,+2.568e-002,+3.463e-002,-3.491e-002 },
  {+5.828e-003,+6.442e-003,-3.085e-003,-7.788e-003,+8.238e-003,-7.476e-003,+9.853e-003,-6.396e-003,+6.961e-004,+5.051e-003,-8.366e-003,+5.550e-003,+5.845e-003,-5.073e-003,+3.883e-003,-9.186e-003,+1.114e-002,+3.117e-003,-4.075e-003,-7.700e-003,-1.532e-003,-3.260e-003,-2.795e-003,-3.769e-003,+3.799e-003 },
  {+4.229e-002,+4.674e-002,-2.238e-002,-5.651e-002,+5.978e-002,-5.424e-002,+7.149e-002,-4.641e-002,+5.051e-003,+3.665e-002,-6.070e-002,+4.027e-002,+4.241e-002,-3.681e-002,+2.818e-002,-6.665e-002,+8.082e-002,+2.262e-002,-2.957e-002,-5.587e-002,-1.112e-002,-2.366e-002,-2.028e-002,-2.735e-002,+2.757e-002 },
  {-7.004e-002,-7.742e-002,+3.707e-002,+9.359e-002,-9.901e-002,+8.984e-002,-1.184e-001,+7.687e-002,-8.366e-003,-6.070e-002,+1.005e-001,-6.669e-002,-7.024e-002,+6.097e-002,-4.667e-002,+1.104e-001,-1.339e-001,-3.746e-002,+4.897e-002,+9.254e-002,+1.842e-002,+3.918e-002,+3.359e-002,+4.530e-002,-4.566e-002 },
  {+4.646e-002,+5.135e-002,-2.459e-002,-6.208e-002,+6.568e-002,-5.960e-002,+7.854e-002,-5.099e-002,+5.550e-003,+4.027e-002,-6.669e-002,+4.424e-002,+4.659e-002,-4.044e-002,+3.095e-002,-7.323e-002,+8.879e-002,+2.485e-002,-3.249e-002,-6.139e-002,-1.222e-002,-2.599e-002,-2.228e-002,-3.005e-002,+3.029e-002 },
  {+4.893e-002,+5.408e-002,-2.590e-002,-6.539e-002,+6.917e-002,-6.277e-002,+8.272e-002,-5.370e-002,+5.845e-003,+4.241e-002,-7.024e-002,+4.659e-002,+4.907e-002,-4.259e-002,+3.260e-002,-7.712e-002,+9.352e-002,+2.617e-002,-3.421e-002,-6.465e-002,-1.287e-002,-2.737e-002,-2.347e-002,-3.165e-002,+3.190e-002 },
  {-4.247e-002,-4.695e-002,+2.248e-002,+5.675e-002,-6.004e-002,+5.448e-002,-7.180e-002,+4.661e-002,-5.073e-003,-3.681e-002,+6.097e-002,-4.044e-002,-4.259e-002,+3.697e-002,-2.830e-002,+6.694e-002,-8.117e-002,-2.272e-002,+2.970e-002,+5.612e-002,+1.117e-002,+2.376e-002,+2.037e-002,+2.747e-002,-2.769e-002 },
  {+3.251e-002,+3.593e-002,-1.721e-002,-4.344e-002,+4.595e-002,-4.170e-002,+5.496e-002,-3.568e-002,+3.883e-003,+2.818e-002,-4.667e-002,+3.095e-002,+3.260e-002,-2.830e-002,+2.166e-002,-5.124e-002,+6.213e-002,+1.739e-002,-2.273e-002,-4.295e-002,-8.548e-003,-1.819e-002,-1.559e-002,-2.103e-002,+2.119e-002 },
  {-7.690e-002,-8.500e-002,+4.071e-002,+1.028e-001,-1.087e-001,+9.865e-002,-1.300e-001,+8.440e-002,-9.186e-003,-6.665e-002,+1.104e-001,-7.323e-002,-7.712e-002,+6.694e-002,-5.124e-002,+1.212e-001,-1.470e-001,-4.113e-002,+5.377e-002,+1.016e-001,+2.022e-002,+4.302e-002,+3.688e-002,+4.974e-002,-5.013e-002 },
  {+9.325e-002,+1.031e-001,-4.936e-002,-1.246e-001,+1.318e-001,-1.196e-001,+1.576e-001,-1.023e-001,+1.114e-002,+8.082e-002,-1.339e-001,+8.879e-002,+9.352e-002,-8.117e-002,+6.213e-002,-1.470e-001,+1.782e-001,+4.988e-002,-6.520e-002,-1.232e-001,-2.452e-002,-5.217e-002,-4.472e-002,-6.031e-002,+6.079e-002 },
  {+2.610e-002,+2.885e-002,-1.381e-002,-3.487e-002,+3.689e-002,-3.348e-002,+4.412e-002,-2.864e-002,+3.117e-003,+2.262e-002,-3.746e-002,+2.485e-002,+2.617e-002,-2.272e-002,+1.739e-002,-4.113e-002,+4.988e-002,+1.396e-002,-1.825e-002,-3.448e-002,-6.862e-003,-1.460e-002,-1.252e-002,-1.688e-002,+1.701e-002 },
  {-3.412e-002,-3.771e-002,+1.806e-002,+4.559e-002,-4.823e-002,+4.376e-002,-5.768e-002,+3.744e-002,-4.075e-003,-2.957e-002,+4.897e-002,-3.249e-002,-3.421e-002,+2.970e-002,-2.273e-002,+5.377e-002,-6.520e-002,-1.825e-002,+2.386e-002,+4.508e-002,+8.971e-003,+1.909e-002,+1.636e-002,+2.207e-002,-2.224e-002 },
  {-6.447e-002,-7.125e-002,+3.412e-002,+8.614e-002,-9.113e-002,+8.269e-002,-1.090e-001,+7.075e-002,-7.700e-003,-5.587e-002,+9.254e-002,-6.139e-002,-6.465e-002,+5.612e-002,-4.295e-002,+1.016e-001,-1.232e-001,-3.448e-002,+4.508e-002,+8.518e-002,+1.695e-002,+3.606e-002,+3.092e-002,+4.170e-002,-4.203e-002 },
  {-1.283e-002,-1.418e-002,+6.791e-003,+1.714e-002,-1.814e-002,+1.646e-002,-2.169e-002,+1.408e-002,-1.532e-003,-1.112e-002,+1.842e-002,-1.222e-002,-1.287e-002,+1.117e-002,-8.548e-003,+2.022e-002,-2.452e-002,-6.862e-003,+8.971e-003,+1.695e-002,+3.374e-003,+7.177e-003,+6.153e-003,+8.298e-003,-8.364e-003 },
  {-2.730e-002,-3.017e-002,+1.445e-002,+3.647e-002,-3.859e-002,+3.501e-002,-4.614e-002,+2.996e-002,-3.260e-003,-2.366e-002,+3.918e-002,-2.599e-002,-2.737e-002,+2.376e-002,-1.819e-002,+4.302e-002,-5.217e-002,-1.460e-002,+1.909e-002,+3.606e-002,+7.177e-003,+1.527e-002,+1.309e-002,+1.765e-002,-1.779e-002 },
  {-2.340e-002,-2.586e-002,+1.239e-002,+3.127e-002,-3.308e-002,+3.002e-002,-3.956e-002,+2.568e-002,-2.795e-003,-2.028e-002,+3.359e-002,-2.228e-002,-2.347e-002,+2.037e-002,-1.559e-002,+3.688e-002,-4.472e-002,-1.252e-002,+1.636e-002,+3.092e-002,+6.153e-003,+1.309e-002,+1.122e-002,+1.513e-002,-1.525e-002 },
  {-3.156e-002,-3.488e-002,+1.670e-002,+4.217e-002,-4.461e-002,+4.048e-002,-5.335e-002,+3.463e-002,-3.769e-003,-2.735e-002,+4.530e-002,-3.005e-002,-3.165e-002,+2.747e-002,-2.103e-002,+4.974e-002,-6.031e-002,-1.688e-002,+2.207e-002,+4.170e-002,+8.298e-003,+1.765e-002,+1.513e-002,+2.041e-002,-2.057e-002 },
  {+3.181e-002,+3.516e-002,-1.684e-002,-4.250e-002,+4.496e-002,-4.080e-002,+5.377e-002,-3.491e-002,+3.799e-003,+2.757e-002,-4.566e-002,+3.029e-002,+3.190e-002,-2.769e-002,+2.119e-002,-5.013e-002,+6.079e-002,+1.701e-002,-2.224e-002,-4.203e-002,-8.364e-003,-1.779e-002,-1.525e-002,-2.057e-002,+2.074e-002 }   }
}
    main loop time = 0.064568
        total time = 0.067586
  file  check time = 0.000000
  file change time = 0.000000
  file   read time = 0.003018
SDPA end at [Thu Jul 15 21:27:27 2021]
ALL TIME = 0.069392
