SDPA start at [Thu Jul 15 21:27:26 2021]
param  is ./param.sdpa 
data   is G:\Research\PhysarumSDPSolver\SDPA\testSet\testset3\dense25negative-definite5.dat-s  : sparse
"Dense tests with negative definite C matrices matrices have dimension 25 * 25 and 1-10 constraints"
out    is G:\Research\PhysarumSDPSolver\SDPA\testSet\testset3\dense25negative-definite5.dat-s.res
NumThreads  is set as 1
Schur computation : DENSE 
   mu      thetaP  thetaD  objP      objD      alphaP  alphaD  beta 
 0 1.0e+004 1.0e+000 1.0e+000 -0.00e+000 -1.41e+004 9.1e-001 1.0e+000 2.00e-001
 1 1.8e+003 9.3e-002 3.6e-016 +2.65e+000 -1.77e+004 1.0e+000 1.6e+000 2.00e-001
 2 3.0e+002 1.9e-004 6.5e-016 +1.66e+000 -7.37e+003 1.0e+000 1.1e+000 2.00e-001
 3 4.5e+001 9.3e-018 3.9e-016 +1.65e+000 -1.13e+003 2.6e+001 9.7e-001 1.00e-001
 4 5.5e+000 9.3e-018 7.6e-017 -3.74e+000 -1.40e+002 7.1e+000 9.7e-001 1.00e-001
 5 6.9e-001 9.3e-018 1.1e-017 -4.49e+000 -2.18e+001 1.4e+000 8.2e-001 1.00e-001
 6 1.7e-001 1.9e-017 1.4e-018 -4.77e+000 -9.11e+000 1.1e+000 9.3e-001 1.00e-001
 7 2.8e-002 9.3e-018 9.9e-018 -4.90e+000 -5.60e+000 1.0e+000 9.7e-001 1.00e-001
 8 3.5e-003 9.3e-018 6.3e-018 -4.93e+000 -5.02e+000 1.0e+000 9.9e-001 1.00e-001
 9 3.8e-004 1.9e-017 3.5e-018 -4.94e+000 -4.95e+000 1.0e+000 9.9e-001 1.00e-001
10 3.9e-005 1.9e-017 9.1e-018 -4.94e+000 -4.94e+000 1.0e+000 1.0e+000 1.00e-001
11 3.9e-006 1.9e-017 2.0e-017 -4.94e+000 -4.94e+000 1.0e+000 1.0e+000 1.00e-001
12 3.9e-007 1.9e-017 4.1e-017 -4.94e+000 -4.94e+000 1.0e+000 1.0e+000 1.00e-001
13 3.9e-008 1.9e-017 8.6e-017 -4.94e+000 -4.94e+000 9.0e-001 9.0e-001 1.00e-001

phase.value  = pdFEAS    
   Iteration = 13
          mu = +3.9259543527236927e-008
relative gap = +1.9876329594295975e-007
        gap  = +9.8148858462820954e-007
     digits  = +6.7016638102864770e+000
objValPrimal = -4.9379765133695503e+000
objValDual   = -4.9379774948581350e+000
p.feas.error = +1.7763568394002505e-015
d.feas.error = +8.6686213762732223e-013
total time   = 0.078607
** Paramters **
maxIteration = 100
epsilonStar  = +9.9999999999999995e-008
lambdaStar   = +1.0000000000000000e+002
omegaStar    = +2.0000000000000000e+000
lowerBound   = -1.0000000000000000e+005
upperBound   = +1.0000000000000000e+005
betaStar     = +1.0000000000000001e-001
betaBar      = +2.0000000000000001e-001
gammaStar    = +9.0000000000000002e-001
epsilonDash  = +9.9999999999999995e-008
xPrint       = %+8.3e 
XPrint       = %+8.3e 
YPrint       = %+8.3e 
infPrint     = %+10.16e 

                         Time(sec)  Ratio(% : MainLoop) 
 Predictor time  =       0.021918,  30.190914
 Corrector time  =       0.010968,  15.107854
 Make bMat time  =       0.009949,  13.704234
 Make bDia time  =       0.000000,  0.000000
 Make bF1  time  =       0.005958,  8.206838
 Make bF2  time  =       0.000000,  0.000000
 Make bF3  time  =       0.000000,  0.000000
 Make bPRE time  =       0.005958,  8.206838
 Make rMat time  =       0.001994,  2.746632
 Make gVec Mul   =       0.001001,  1.378826
 Make gVec time  =       0.001998,  2.752142
 Cholesky bMat   =       0.000000,  0.000000
 Ste Pre time    =       0.000000,  0.000000
 Ste Cor time    =       0.033907,  46.705143
 solve           =       0.000000,  0.000000
 sumDz           =       0.000000,  0.000000
 makedX          =       0.000998,  1.374694
 symmetriseDx    =       0.017947,  24.721067
 makedXdZ        =       0.018945,  26.095760
 xMatTime        =       0.001995,  2.748010
 zMatTime        =       0.000998,  1.374694
 invzMatTime     =       0.000000,  0.000000
 xMatzMatTime    =       0.000000,  0.000000
 EigxMatTime     =       0.017949,  24.723822
 EigzMatTime     =       0.015958,  21.981322
 EigxMatzMatTime =       0.000000,  0.000000
 updateRes       =       0.001995,  2.748010
 EigTime         =       0.033907,  46.705143
 sub_total_bMat  =       0.062649,  86.295766
 Main Loop       =       0.072598,  100.000000
 File Check      =       0.000000,  0.000000
 File Change     =       0.000000,  0.000000
 File Read       =       0.006009,  8.277088
 Total           =       0.078607,  108.277088

xVec = 
{+1.865e-003,+5.771e-004,-1.597e-002,-2.746e-003,+8.373e-004,+3.496e-002}
xMat = 
{
{ {+6.386e+000,-3.125e-002,+4.853e-001,-5.466e-001,-1.880e-001,+4.792e-001,+5.487e-001,+3.716e-001,-8.777e-001,-6.403e-001,-5.922e-001,-6.222e-001,-4.004e-001,-8.693e-001,-1.812e-001,+4.355e-001,-6.200e-002,+5.349e-001,-1.224e+000,-1.340e+000,-6.105e-001,-6.664e-001,+7.516e-001,-4.384e-001,-2.592e-001 },
  {-3.125e-002,+6.389e+000,+5.547e-001,-7.445e-001,+1.150e-001,-7.156e-001,-4.434e-002,+1.315e+000,+1.279e-001,+1.796e-001,-1.490e-001,+2.743e-001,+7.173e-002,-1.395e-001,+2.885e-001,-1.543e+000,-1.363e+000,-8.388e-001,+2.141e-001,-1.012e+000,+6.085e-001,+2.931e-001,+4.244e-001,+1.883e+000,+1.033e-001 },
  {+4.853e-001,+5.547e-001,+6.009e+000,+1.939e-001,+2.318e-001,+5.345e-002,+7.856e-001,-3.031e-001,-2.571e-001,+1.632e-001,+5.618e-002,+8.167e-001,-3.897e-001,+8.430e-001,-1.192e-001,+1.020e-001,+1.326e+000,+2.803e-001,-4.803e-001,+1.125e-001,+9.238e-002,-8.893e-001,-6.310e-001,+1.669e-001,+8.321e-002 },
  {-5.466e-001,-7.445e-001,+1.939e-001,+5.107e+000,+2.011e-001,-4.869e-001,-5.578e-001,+4.077e-001,+2.906e-001,+1.493e+000,+6.118e-001,-8.475e-001,-8.240e-002,+8.150e-001,-1.424e+000,+1.154e+000,+2.897e-001,-6.374e-001,+8.414e-001,-2.437e-001,-6.129e-001,-2.542e-001,+1.045e+000,-3.886e-001,-1.259e-001 },
  {-1.880e-001,+1.150e-001,+2.318e-001,+2.011e-001,+5.155e+000,+4.387e-001,+4.960e-002,-8.338e-001,-1.357e+000,+6.617e-001,-2.496e-001,+2.863e-001,+2.451e-001,-5.667e-001,+4.856e-001,+1.255e-001,+6.940e-001,-1.300e+000,-9.271e-001,+6.190e-002,-2.680e-001,-1.369e-001,+5.190e-001,-2.655e-001,-1.313e+000 },
  {+4.792e-001,-7.156e-001,+5.345e-002,-4.869e-001,+4.387e-001,+6.172e+000,-1.188e-001,-9.324e-001,-3.979e-001,-6.993e-001,-1.440e+000,+4.557e-001,+1.009e+000,-1.665e-003,-8.910e-001,+5.711e-001,+1.226e+000,-4.833e-001,+6.809e-001,+2.265e-001,+1.623e+000,-1.241e-001,-4.359e-001,-3.532e-001,-6.039e-001 },
  {+5.487e-001,-4.434e-002,+7.856e-001,-5.578e-001,+4.960e-002,-1.188e-001,+4.064e+000,+1.117e+000,+2.658e-001,-9.719e-001,+1.933e-002,+5.810e-001,-3.247e-001,-5.877e-001,+4.040e-002,-7.865e-001,-2.740e-001,-6.458e-001,+1.149e+000,-1.137e-001,-5.885e-001,+8.908e-001,+1.885e-001,+1.077e-001,+1.544e+000 },
  {+3.716e-001,+1.315e+000,-3.031e-001,+4.077e-001,-8.338e-001,-9.324e-001,+1.117e+000,+5.616e+000,+3.696e-001,-2.810e-001,+1.145e+000,+4.869e-001,-1.049e+000,+3.857e-001,+6.995e-001,-4.767e-001,-4.823e-001,+1.064e+000,-3.316e-001,-8.316e-002,-5.080e-001,+6.821e-001,-1.052e-001,-6.110e-001,-7.132e-001 },
  {-8.777e-001,+1.279e-001,-2.571e-001,+2.906e-001,-1.357e+000,-3.979e-001,+2.658e-001,+3.696e-001,+5.663e+000,-2.939e-001,-2.833e-001,-1.232e+000,+7.452e-001,+4.871e-001,+1.043e-001,+8.165e-001,-5.028e-001,-3.265e-001,+2.564e-001,+8.350e-001,+2.657e-001,+6.040e-001,-4.099e-001,-1.169e+000,-7.861e-001 },
  {-6.403e-001,+1.796e-001,+1.632e-001,+1.493e+000,+6.617e-001,-6.993e-001,-9.719e-001,-2.810e-001,-2.939e-001,+6.371e+000,-1.189e+000,-1.670e-001,+7.596e-001,+3.331e-001,+2.768e-001,-3.616e-001,-4.600e-001,-1.707e-001,+2.951e-001,-1.852e-001,+5.763e-001,+7.959e-001,-2.369e-001,-1.665e-001,+2.042e-001 },
  {-5.922e-001,-1.490e-001,+5.618e-002,+6.118e-001,-2.496e-001,-1.440e+000,+1.933e-002,+1.145e+000,-2.833e-001,-1.189e+000,+5.729e+000,-5.992e-001,-2.173e-001,-1.603e-001,-7.513e-001,+1.429e+000,-2.742e-001,-1.381e+000,+3.110e-001,-1.666e+000,-1.358e-001,-7.445e-001,+4.866e-001,+1.063e+000,+4.309e-001 },
  {-6.222e-001,+2.743e-001,+8.167e-001,-8.475e-001,+2.863e-001,+4.557e-001,+5.810e-001,+4.869e-001,-1.232e+000,-1.670e-001,-5.992e-001,+6.772e+000,-2.213e-001,-3.427e-001,+7.327e-001,-2.732e-002,-2.211e-001,-6.656e-001,-3.725e-001,+1.992e-001,-1.210e-001,-1.415e-001,+3.231e-001,-1.480e+000,-1.283e+000 },
  {-4.004e-001,+7.173e-002,-3.897e-001,-8.240e-002,+2.451e-001,+1.009e+000,-3.247e-001,-1.049e+000,+7.452e-001,+7.596e-001,-2.173e-001,-2.213e-001,+5.167e+000,+6.026e-001,-1.003e-001,+6.530e-001,-2.069e-001,-5.868e-001,+4.538e-001,-2.051e-001,-7.340e-001,+7.153e-001,-1.125e+000,+6.323e-002,+8.563e-001 },
  {-8.693e-001,-1.395e-001,+8.430e-001,+8.150e-001,-5.667e-001,-1.665e-003,-5.877e-001,+3.857e-001,+4.871e-001,+3.331e-001,-1.603e-001,-3.427e-001,+6.026e-001,+6.342e+000,+1.159e-001,+3.060e-001,-3.456e-001,+2.566e-001,+4.098e-001,+2.560e-001,+2.577e-001,-1.059e+000,-7.564e-001,-6.019e-001,+8.301e-001 },
  {-1.812e-001,+2.885e-001,-1.192e-001,-1.424e+000,+4.856e-001,-8.910e-001,+4.040e-002,+6.995e-001,+1.043e-001,+2.768e-001,-7.513e-001,+7.327e-001,-1.003e-001,+1.159e-001,+5.747e+000,+6.378e-003,-4.080e-001,+7.826e-001,-1.207e+000,+2.327e-001,+7.574e-001,-5.135e-001,-1.149e+000,-1.125e-001,+4.276e-001 },
  {+4.355e-001,-1.543e+000,+1.020e-001,+1.154e+000,+1.255e-001,+5.711e-001,-7.865e-001,-4.767e-001,+8.165e-001,-3.616e-001,+1.429e+000,-2.732e-002,+6.530e-001,+3.060e-001,+6.378e-003,+4.836e+000,-7.506e-001,+1.108e+000,-3.671e-001,+3.852e-001,+1.795e-001,+9.206e-002,+6.698e-001,+7.664e-001,-2.713e-001 },
  {-6.200e-002,-1.363e+000,+1.326e+000,+2.897e-001,+6.940e-001,+1.226e+000,-2.740e-001,-4.823e-001,-5.028e-001,-4.600e-001,-2.742e-001,-2.211e-001,-2.069e-001,-3.456e-001,-4.080e-001,-7.506e-001,+4.249e+000,-1.598e-001,+4.346e-002,+8.779e-002,-6.084e-001,+4.203e-001,+1.121e+000,-8.890e-001,-7.967e-001 },
  {+5.349e-001,-8.388e-001,+2.803e-001,-6.374e-001,-1.300e+000,-4.833e-001,-6.458e-001,+1.064e+000,-3.265e-001,-1.707e-001,-1.381e+000,-6.656e-001,-5.868e-001,+2.566e-001,+7.826e-001,+1.108e+000,-1.598e-001,+4.806e+000,+2.203e-001,+1.009e+000,+4.076e-003,+7.128e-001,+3.686e-002,+4.198e-001,-5.990e-001 },
  {-1.224e+000,+2.141e-001,-4.803e-001,+8.414e-001,-9.271e-001,+6.809e-001,+1.149e+000,-3.316e-001,+2.564e-001,+2.951e-001,+3.110e-001,-3.725e-001,+4.538e-001,+4.098e-001,-1.207e+000,-3.671e-001,+4.346e-002,+2.203e-001,+4.635e+000,+4.352e-001,-9.998e-001,-8.195e-001,-4.636e-001,+6.131e-002,+8.154e-001 },
  {-1.340e+000,-1.012e+000,+1.125e-001,-2.437e-001,+6.190e-002,+2.265e-001,-1.137e-001,-8.316e-002,+8.350e-001,-1.852e-001,-1.666e+000,+1.992e-001,-2.051e-001,+2.560e-001,+2.327e-001,+3.852e-001,+8.779e-002,+1.009e+000,+4.352e-001,+5.739e+000,+1.372e+000,+4.042e-001,-9.066e-001,+8.949e-001,-8.256e-001 },
  {-6.105e-001,+6.085e-001,+9.238e-002,-6.129e-001,-2.680e-001,+1.623e+000,-5.885e-001,-5.080e-001,+2.657e-001,+5.763e-001,-1.358e-001,-1.210e-001,-7.340e-001,+2.577e-001,+7.574e-001,+1.795e-001,-6.084e-001,+4.076e-003,-9.998e-001,+1.372e+000,+4.197e+000,+7.057e-001,+3.828e-001,+8.266e-002,-7.842e-002 },
  {-6.664e-001,+2.931e-001,-8.893e-001,-2.542e-001,-1.369e-001,-1.241e-001,+8.908e-001,+6.821e-001,+6.040e-001,+7.959e-001,-7.445e-001,-1.415e-001,+7.153e-001,-1.059e+000,-5.135e-001,+9.206e-002,+4.203e-001,+7.128e-001,-8.195e-001,+4.042e-001,+7.057e-001,+3.746e+000,+1.213e+000,+1.475e-001,+1.335e+000 },
  {+7.516e-001,+4.244e-001,-6.310e-001,+1.045e+000,+5.190e-001,-4.359e-001,+1.885e-001,-1.052e-001,-4.099e-001,-2.369e-001,+4.866e-001,+3.231e-001,-1.125e+000,-7.564e-001,-1.149e+000,+6.698e-001,+1.121e+000,+3.686e-002,-4.636e-001,-9.066e-001,+3.828e-001,+1.213e+000,+4.884e+000,-9.913e-002,+2.384e-001 },
  {-4.384e-001,+1.883e+000,+1.669e-001,-3.886e-001,-2.655e-001,-3.532e-001,+1.077e-001,-6.110e-001,-1.169e+000,-1.665e-001,+1.063e+000,-1.480e+000,+6.323e-002,-6.019e-001,-1.125e-001,+7.664e-001,-8.890e-001,+4.198e-001,+6.131e-002,+8.949e-001,+8.266e-002,+1.475e-001,-9.913e-002,+6.458e+000,-2.467e-001 },
  {-2.592e-001,+1.033e-001,+8.321e-002,-1.259e-001,-1.313e+000,-6.039e-001,+1.544e+000,-7.132e-001,-7.861e-001,+2.042e-001,+4.309e-001,-1.283e+000,+8.563e-001,+8.301e-001,+4.276e-001,-2.713e-001,-7.967e-001,-5.990e-001,+8.154e-001,-8.256e-001,-7.842e-002,+1.335e+000,+2.384e-001,-2.467e-001,+5.825e+000 }   }
}
yMat = 
{
{ {+3.022e-003,-1.492e-002,+1.409e-002,-5.951e-003,+1.177e-003,-5.570e-003,-2.024e-002,+1.112e-002,-3.981e-003,-8.965e-003,-1.147e-002,-3.859e-003,+1.782e-004,+5.276e-004,+6.282e-003,-6.030e-005,-1.297e-002,-1.937e-002,+2.092e-002,-6.388e-003,+3.425e-003,+1.815e-002,+6.099e-003,+4.748e-003,-6.067e-003 },
  {-1.492e-002,+7.866e-002,-9.038e-002,+3.339e-002,+8.836e-003,+1.504e-002,+1.120e-001,-4.679e-002,+3.737e-002,+4.881e-002,+4.912e-002,+3.624e-002,+4.333e-003,-9.142e-003,-5.331e-002,+5.776e-003,+9.657e-002,+1.176e-001,-1.172e-001,+2.251e-002,+8.079e-003,-1.293e-001,-4.534e-002,-1.101e-002,+5.664e-002 },
  {+1.409e-002,-9.038e-002,+1.531e-001,-4.454e-002,-5.602e-002,+2.637e-002,-1.448e-001,+1.770e-002,-9.290e-002,-6.081e-002,-2.185e-002,-9.014e-002,-2.106e-002,+2.990e-002,+1.229e-001,-2.328e-002,-1.970e-001,-1.822e-001,+1.560e-001,+8.176e-003,-8.899e-002,+2.510e-001,+9.232e-002,-3.008e-002,-1.403e-001 },
  {-5.951e-003,+3.339e-002,-4.454e-002,+1.495e-002,+9.503e-003,+9.119e-004,+4.955e-002,-1.534e-002,+2.213e-002,+2.131e-002,+1.652e-002,+2.147e-002,+3.856e-003,-6.314e-003,-3.035e-002,+4.539e-003,+5.179e-002,+5.582e-002,-5.243e-002,+5.286e-003,+1.343e-002,-6.773e-002,-2.429e-002,+6.841e-004,+3.348e-002 },
  {+1.177e-003,+8.836e-003,-5.602e-002,+9.503e-003,+4.374e-002,-3.900e-002,+2.760e-002,+2.836e-002,+5.077e-002,+9.889e-003,-2.673e-002,+4.927e-002,+1.547e-002,-1.911e-002,-6.340e-002,+1.616e-002,+9.106e-002,+5.714e-002,-3.300e-002,-2.920e-002,+7.519e-002,-1.100e-001,-4.258e-002,+3.860e-002,+7.646e-002 },
  {-5.570e-003,+1.504e-002,+2.637e-002,+9.119e-004,-3.900e-002,+4.160e-002,+7.110e-003,-4.095e-002,-3.718e-002,+5.141e-003,+4.009e-002,-3.609e-002,-1.344e-002,+1.546e-002,+4.445e-002,-1.366e-002,-5.788e-002,-1.933e-002,-3.552e-003,+3.450e-002,-6.916e-002,+6.619e-002,+2.701e-002,-4.002e-002,-5.589e-002 },
  {-2.024e-002,+1.120e-001,-1.448e-001,+4.955e-002,+2.760e-002,+7.110e-003,+1.646e-001,-5.478e-002,+6.956e-002,+7.102e-002,+5.858e-002,+6.747e-002,+1.144e-002,-1.937e-002,-9.606e-002,+1.367e-002,+1.656e-001,+1.828e-001,-1.738e-001,+2.088e-002,+3.761e-002,-2.176e-001,-7.771e-002,-1.674e-003,+1.053e-001 },
  {+1.112e-002,-4.679e-002,+1.770e-002,-1.534e-002,+2.836e-002,-4.095e-002,-5.478e-002,+5.428e-002,+1.440e-002,-2.557e-002,-5.459e-002,+1.399e-002,+9.209e-003,-8.782e-003,-1.344e-002,+8.766e-003,+5.638e-003,-3.539e-002,+5.415e-002,-3.835e-002,+5.362e-002,+1.785e-003,-2.514e-003,+3.788e-002,+2.144e-002 },
  {-3.981e-003,+3.737e-002,-9.290e-002,+2.213e-002,+5.077e-002,-3.718e-002,+6.956e-002,+1.440e-002,+6.849e-002,+2.799e-002,-1.180e-002,+6.646e-002,+1.839e-002,-2.404e-002,-8.787e-002,+1.965e-002,+1.333e-001,+1.037e-001,-7.729e-002,-2.387e-002,+8.477e-002,-1.655e-001,-6.238e-002,+3.816e-002,+1.033e-001 },
  {-8.965e-003,+4.881e-002,-6.081e-002,+2.131e-002,+9.889e-003,+5.141e-003,+7.102e-002,-2.557e-002,+2.799e-002,+3.074e-002,+2.716e-002,+2.715e-002,+4.233e-003,-7.536e-003,-3.900e-002,+5.183e-003,+6.819e-002,+7.748e-002,-7.479e-002,+1.070e-002,+1.267e-002,-9.006e-002,-3.200e-002,-2.728e-003,+4.237e-002 },
  {-1.147e-002,+4.912e-002,-2.185e-002,+1.652e-002,-2.673e-002,+4.009e-002,+5.858e-002,-5.459e-002,-1.180e-002,+2.716e-002,+5.501e-002,-1.146e-002,-8.599e-003,+7.930e-003,+1.002e-002,-8.096e-003,-1.989e-004,+4.029e-002,-5.826e-002,+3.799e-002,-5.099e-002,-8.685e-003,-3.431e-005,-3.693e-002,-1.751e-002 },
  {-3.859e-003,+3.624e-002,-9.014e-002,+2.147e-002,+4.927e-002,-3.609e-002,+6.747e-002,+1.399e-002,+6.646e-002,+2.715e-002,-1.146e-002,+6.449e-002,+1.784e-002,-2.333e-002,-8.527e-002,+1.907e-002,+1.293e-001,+1.006e-001,-7.498e-002,-2.318e-002,+8.227e-002,-1.606e-001,-6.053e-002,+3.705e-002,+1.002e-001 },
  {+1.782e-004,+4.333e-003,-2.106e-002,+3.856e-003,+1.547e-002,-1.344e-002,+1.144e-002,+9.209e-003,+1.839e-002,+4.233e-003,-8.599e-003,+1.784e-002,+5.493e-003,-6.842e-003,-2.306e-002,+5.757e-003,+3.344e-002,+2.188e-002,-1.341e-002,-9.883e-003,+2.649e-002,-4.061e-002,-1.564e-002,+1.336e-002,+2.770e-002 },
  {+5.276e-004,-9.142e-003,+2.990e-002,-6.314e-003,-1.911e-002,+1.546e-002,-1.937e-002,-8.782e-003,-2.404e-002,-7.536e-003,+7.930e-003,-2.333e-002,-6.842e-003,+8.711e-003,+3.048e-002,-7.233e-003,-4.515e-002,-3.225e-002,+2.201e-002,+1.080e-002,-3.236e-002,+5.543e-002,+2.113e-002,-1.557e-002,-3.624e-002 },
  {+6.282e-003,-5.331e-002,+1.229e-001,-3.035e-002,-6.340e-002,+4.445e-002,-9.606e-002,-1.344e-002,-8.787e-002,-3.900e-002,+1.002e-002,-8.527e-002,-2.306e-002,+3.048e-002,+1.132e-001,-2.475e-002,-1.732e-001,-1.387e-001,+1.061e-001,+2.736e-002,-1.052e-001,+2.159e-001,+8.108e-002,-4.603e-002,-1.325e-001 },
  {-6.030e-005,+5.776e-003,-2.328e-002,+4.539e-003,+1.616e-002,-1.366e-002,+1.367e-002,+8.766e-003,+1.965e-002,+5.183e-003,-8.096e-003,+1.907e-002,+5.757e-003,-7.233e-003,-2.475e-002,+6.054e-003,+3.620e-002,+2.458e-002,-1.580e-002,-9.862e-003,+2.755e-002,-4.416e-002,-1.693e-002,+1.365e-002,+2.960e-002 },
  {-1.297e-002,+9.657e-002,-1.970e-001,+5.179e-002,+9.106e-002,-5.788e-002,+1.656e-001,+5.638e-003,+1.333e-001,+6.819e-002,-1.989e-004,+1.293e-001,+3.344e-002,-4.515e-002,-1.732e-001,+3.620e-002,+2.691e-001,+2.268e-001,-1.811e-001,-3.190e-002,+1.493e-001,-3.379e-001,-1.260e-001,+6.122e-002,+2.011e-001 },
  {-1.937e-002,+1.176e-001,-1.822e-001,+5.582e-002,+5.714e-002,-1.933e-002,+1.828e-001,-3.539e-002,+1.037e-001,+7.748e-002,+4.029e-002,+1.006e-001,+2.188e-002,-3.225e-002,-1.387e-001,+2.458e-002,+2.268e-001,+2.209e-001,-1.956e-001,+1.038e-003,+8.843e-002,-2.914e-001,-1.063e-001,+2.448e-002,+1.567e-001 },
  {+2.092e-002,-1.172e-001,+1.560e-001,-5.243e-002,-3.300e-002,-3.552e-003,-1.738e-001,+5.415e-002,-7.729e-002,-7.479e-002,-5.826e-002,-7.498e-002,-1.341e-002,+2.201e-002,+1.061e-001,-1.580e-002,-1.811e-001,-1.956e-001,+1.839e-001,-1.883e-002,-4.650e-002,+2.370e-001,+8.496e-002,-2.059e-003,-1.169e-001 },
  {-6.388e-003,+2.251e-002,+8.176e-003,+5.286e-003,-2.920e-002,+3.450e-002,+2.088e-002,-3.835e-002,-2.387e-002,+1.070e-002,+3.799e-002,-2.318e-002,-9.883e-003,+1.080e-002,+2.736e-002,-9.862e-003,-3.190e-002,+1.038e-003,-1.883e-002,+2.999e-002,-5.283e-002,+3.390e-002,+1.485e-002,-3.272e-002,-3.582e-002 },
  {+3.425e-003,+8.079e-003,-8.899e-002,+1.343e-002,+7.519e-002,-6.916e-002,+3.761e-002,+5.362e-002,+8.477e-002,+1.267e-002,-5.099e-002,+8.227e-002,+2.649e-002,-3.236e-002,-1.052e-001,+2.755e-002,+1.493e-001,+8.843e-002,-4.650e-002,-5.283e-002,+1.299e-001,-1.793e-001,-6.981e-002,+6.809e-002,+1.276e-001 },
  {+1.815e-002,-1.293e-001,+2.510e-001,-6.773e-002,-1.100e-001,+6.619e-002,-2.176e-001,+1.785e-003,-1.655e-001,-9.006e-002,-8.685e-003,-1.606e-001,-4.061e-002,+5.543e-002,+2.159e-001,-4.416e-002,-3.379e-001,-2.914e-001,+2.370e-001,+3.390e-002,-1.793e-001,+4.259e-001,+1.583e-001,-7.090e-002,-2.497e-001 },
  {+6.099e-003,-4.534e-002,+9.232e-002,-2.429e-002,-4.258e-002,+2.701e-002,-7.771e-002,-2.514e-003,-6.238e-002,-3.200e-002,-3.431e-005,-6.053e-002,-1.564e-002,+2.113e-002,+8.108e-002,-1.693e-002,-1.260e-001,-1.063e-001,+8.496e-002,+1.485e-002,-6.981e-002,+1.583e-001,+5.901e-002,-2.859e-002,-9.413e-002 },
  {+4.748e-003,-1.101e-002,-3.008e-002,+6.841e-004,+3.860e-002,-4.002e-002,-1.674e-003,+3.788e-002,+3.816e-002,-2.728e-003,-3.693e-002,+3.705e-002,+1.336e-002,-1.557e-002,-4.603e-002,+1.365e-002,+6.122e-002,+2.448e-002,-2.059e-003,-3.272e-002,+6.809e-002,-7.090e-002,-2.859e-002,+3.866e-002,+5.739e-002 },
  {-6.067e-003,+5.664e-002,-1.403e-001,+3.348e-002,+7.646e-002,-5.589e-002,+1.053e-001,+2.144e-002,+1.033e-001,+4.237e-002,-1.751e-002,+1.002e-001,+2.770e-002,-3.624e-002,-1.325e-001,+2.960e-002,+2.011e-001,+1.567e-001,-1.169e-001,-3.582e-002,+1.276e-001,-2.497e-001,-9.413e-002,+5.739e-002,+1.558e-001 }   }
}
    main loop time = 0.072598
        total time = 0.078607
  file  check time = 0.000000
  file change time = 0.000000
  file   read time = 0.006009
SDPA end at [Thu Jul 15 21:27:26 2021]
ALL TIME = 0.080021
