SDPA start at [Thu Jul 15 21:27:27 2021]
param  is ./param.sdpa 
data   is G:\Research\PhysarumSDPSolver\SDPA\testSet\testset3\dense25negative-definite7.dat-s  : sparse
"Dense tests with negative definite C matrices matrices have dimension 25 * 25 and 1-10 constraints"
out    is G:\Research\PhysarumSDPSolver\SDPA\testSet\testset3\dense25negative-definite7.dat-s.res
NumThreads  is set as 1
Schur computation : DENSE 
   mu      thetaP  thetaD  objP      objD      alphaP  alphaD  beta 
 0 1.0e+004 1.0e+000 1.0e+000 -0.00e+000 -1.39e+004 9.2e-001 1.0e+000 2.00e-001
 1 1.7e+003 8.2e-002 5.7e-016 +3.44e-003 -1.75e+004 1.0e+000 1.5e+000 2.00e-001
 2 2.9e+002 9.2e-018 3.2e-015 -8.77e-004 -7.28e+003 9.0e+001 9.8e-001 1.00e-001
 3 3.5e+001 9.2e-018 1.3e-015 -2.54e-002 -8.79e+002 9.9e-001 9.9e-001 1.00e-001
 4 3.7e+000 9.2e-018 7.6e-016 -2.34e-002 -9.21e+001 9.9e-001 9.9e-001 1.00e-001
 5 3.9e-001 9.2e-018 3.8e-017 -2.32e-002 -9.74e+000 8.2e+000 9.5e-001 1.00e-001
 6 5.2e-002 9.2e-018 2.2e-018 -1.45e-001 -1.46e+000 1.4e+000 9.9e-001 1.00e-001
 7 5.6e-003 9.2e-018 0.0e+000 -1.57e-001 -2.96e-001 2.1e+000 9.7e-001 1.00e-001
 8 6.9e-004 1.8e-017 4.5e-018 -1.58e-001 -1.75e-001 1.9e+000 9.8e-001 1.00e-001
 9 7.9e-005 1.8e-017 4.5e-018 -1.58e-001 -1.60e-001 2.2e+000 9.9e-001 1.00e-001
10 8.1e-006 1.8e-017 0.0e+000 -1.58e-001 -1.58e-001 2.3e+000 1.0e+000 1.00e-001
11 8.1e-007 1.8e-017 0.0e+000 -1.58e-001 -1.58e-001 2.3e+000 1.0e+000 1.00e-001
12 8.1e-008 1.8e-017 4.5e-018 -1.58e-001 -1.58e-001 2.3e+000 1.0e+000 1.00e-001
13 8.1e-009 1.8e-017 4.5e-018 -1.58e-001 -1.58e-001 9.0e-001 9.0e-001 1.00e-001

phase.value  = pdFEAS    
   Iteration = 13
          mu = +8.1198369739077244e-009
relative gap = +2.0299592431993752e-007
        gap  = +2.0299592431993752e-007
     digits  = +5.8916640788373229e+000
objValPrimal = -1.5817983513550968e-001
objValDual   = -1.5818003813143400e-001
p.feas.error = +1.7763568394002505e-015
d.feas.error = +1.7763568394002505e-015
total time   = 0.066577
** Paramters **
maxIteration = 100
epsilonStar  = +9.9999999999999995e-008
lambdaStar   = +1.0000000000000000e+002
omegaStar    = +2.0000000000000000e+000
lowerBound   = -1.0000000000000000e+005
upperBound   = +1.0000000000000000e+005
betaStar     = +1.0000000000000001e-001
betaBar      = +2.0000000000000001e-001
gammaStar    = +9.0000000000000002e-001
epsilonDash  = +9.9999999999999995e-008
xPrint       = %+8.3e 
XPrint       = %+8.3e 
YPrint       = %+8.3e 
infPrint     = %+10.16e 

                         Time(sec)  Ratio(% : MainLoop) 
 Predictor time  =       0.016680,  25.838432
 Corrector time  =       0.011972,  18.545426
 Make bMat time  =       0.003993,  6.185423
 Make bDia time  =       0.000000,  0.000000
 Make bF1  time  =       0.002000,  3.098133
 Make bF2  time  =       0.000000,  0.000000
 Make bF3  time  =       0.000000,  0.000000
 Make bPRE time  =       0.002000,  3.098133
 Make rMat time  =       0.001969,  3.050112
 Make gVec Mul   =       0.000000,  0.000000
 Make gVec time  =       0.000000,  0.000000
 Cholesky bMat   =       0.000000,  0.000000
 Ste Pre time    =       0.000000,  0.000000
 Ste Cor time    =       0.032912,  50.982883
 solve           =       0.000000,  0.000000
 sumDz           =       0.000000,  0.000000
 makedX          =       0.002991,  4.633258
 symmetriseDx    =       0.019699,  30.515065
 makedXdZ        =       0.022690,  35.148323
 xMatTime        =       0.000996,  1.542870
 zMatTime        =       0.001995,  3.090388
 invzMatTime     =       0.000000,  0.000000
 xMatzMatTime    =       0.000000,  0.000000
 EigxMatTime     =       0.015955,  24.715359
 EigzMatTime     =       0.016957,  26.267524
 EigxMatzMatTime =       0.000000,  0.000000
 updateRes       =       0.000000,  0.000000
 EigTime         =       0.032912,  50.982883
 sub_total_bMat  =       0.060562,  93.814577
 Main Loop       =       0.064555,  100.000000
 File Check      =       0.000000,  0.000000
 File Change     =       0.000000,  0.000000
 File Read       =       0.002022,  3.132213
 Total           =       0.066577,  103.132213

xVec = 
{+3.954e-002}
xMat = 
{
{ {+5.524e+000,-5.409e-001,+5.663e-001,+2.505e-001,-2.278e-001,+1.411e+000,+9.791e-001,-1.481e+000,-4.219e-001,+3.238e-001,-8.532e-001,+4.630e-001,-8.055e-001,-1.441e-001,-3.069e-001,+2.951e-001,+1.169e+000,-1.617e+000,+8.040e-001,+8.864e-001,-1.301e+000,+2.875e-001,+4.806e-001,-1.040e+000,-1.363e+000 },
  {-5.409e-001,+6.381e+000,+1.163e-002,-1.338e-001,-5.096e-002,-2.368e-001,-5.386e-001,+1.256e+000,-1.474e-001,+8.334e-001,+2.814e-001,+2.573e-001,-4.929e-001,+7.212e-001,-4.248e-001,+1.197e+000,+1.790e+000,-4.293e-001,+6.502e-001,-7.483e-001,-2.460e-001,+2.157e-001,-8.921e-001,+1.575e-001,+1.287e-001 },
  {+5.663e-001,+1.163e-002,+5.806e+000,+5.056e-001,-5.383e-001,+7.666e-001,+8.383e-001,-8.575e-001,-1.357e+000,+2.898e-002,-1.838e-001,-1.115e-001,-2.049e-001,-9.740e-001,-2.290e-001,-8.107e-001,+6.805e-001,+4.545e-001,-1.020e+000,+1.209e+000,+2.424e-001,-7.692e-001,+4.012e-002,-1.521e-001,+2.721e-001 },
  {+2.505e-001,-1.338e-001,+5.056e-001,+5.152e+000,+8.715e-001,-2.917e-001,-7.605e-001,+5.299e-001,+4.350e-001,+1.667e+000,-6.208e-001,-1.753e-001,+2.838e-001,+1.375e+000,-3.823e-001,-5.560e-001,+4.560e-001,+1.650e-001,+3.920e-002,-5.453e-001,+1.673e-001,-1.396e+000,-3.328e-001,-4.190e-001,-1.502e-001 },
  {-2.278e-001,-5.096e-002,-5.383e-001,+8.715e-001,+4.503e+000,+3.480e-001,+7.792e-001,+9.951e-001,+7.272e-001,+1.983e-001,+4.058e-001,-2.999e-001,-6.768e-001,+4.625e-001,+9.208e-001,+8.656e-001,-2.150e-001,+4.765e-001,-2.670e-001,-6.997e-001,-6.723e-001,+2.035e-001,+3.362e-001,+4.817e-001,+9.004e-004 },
  {+1.411e+000,-2.368e-001,+7.666e-001,-2.917e-001,+3.480e-001,+6.615e+000,-1.274e+000,+2.636e-001,-1.633e-001,+6.160e-001,+2.605e-001,-9.949e-001,+8.042e-001,-3.753e-001,-4.137e-001,-7.270e-001,-2.750e-001,+3.112e-001,+7.890e-001,+1.166e+000,-4.509e-001,-5.048e-001,+5.378e-001,-5.288e-002,+1.904e-001 },
  {+9.791e-001,-5.386e-001,+8.383e-001,-7.605e-001,+7.792e-001,-1.274e+000,+5.955e+000,-5.377e-001,+6.243e-001,+1.970e-001,+3.898e-001,+5.846e-001,+8.126e-002,-2.896e-001,+1.344e+000,-2.216e-002,+1.415e+000,-4.619e-001,+1.589e-002,+8.161e-002,+1.331e-001,+1.113e+000,+3.555e-002,-6.750e-001,-9.412e-001 },
  {-1.481e+000,+1.256e+000,-8.575e-001,+5.299e-001,+9.951e-001,+2.636e-001,-5.377e-001,+4.859e+000,-6.590e-001,-8.367e-001,+1.708e+000,+9.534e-001,-5.694e-001,+9.269e-003,-9.901e-001,-1.499e-001,-4.759e-001,-4.199e-001,-2.682e-001,+5.925e-002,-4.406e-002,+1.408e-001,+3.354e-001,+8.228e-001,+7.389e-001 },
  {-4.219e-001,-1.474e-001,-1.357e+000,+4.350e-001,+7.272e-001,-1.633e-001,+6.243e-001,-6.590e-001,+6.512e+000,-2.354e-001,-1.355e-001,+7.863e-002,-9.568e-001,+1.206e+000,+1.108e-001,+7.540e-001,-3.524e-001,+1.345e+000,+1.551e+000,-7.805e-001,+7.835e-001,+1.895e-001,+3.520e-002,-4.312e-001,-2.852e-002 },
  {+3.238e-001,+8.334e-001,+2.898e-002,+1.667e+000,+1.983e-001,+6.160e-001,+1.970e-001,-8.367e-001,-2.354e-001,+5.060e+000,-1.324e+000,-6.882e-001,+4.395e-001,+2.792e-001,-1.315e-001,+1.465e-001,+2.293e-001,+3.487e-001,+9.627e-001,+3.387e-001,-2.864e-001,-1.125e+000,+3.005e-001,+4.422e-001,+1.593e+000 },
  {-8.532e-001,+2.814e-001,-1.838e-001,-6.208e-001,+4.058e-001,+2.605e-001,+3.898e-001,+1.708e+000,-1.355e-001,-1.324e+000,+5.335e+000,+3.584e-001,+1.349e+000,+4.487e-001,+1.050e+000,-1.940e-001,-5.560e-001,-9.274e-001,-1.461e-001,+3.874e-001,-6.499e-001,-1.341e-001,-2.150e-001,+4.303e-001,+9.619e-001 },
  {+4.630e-001,+2.573e-001,-1.115e-001,-1.753e-001,-2.999e-001,-9.949e-001,+5.846e-001,+9.534e-001,+7.863e-002,-6.882e-001,+3.584e-001,+4.369e+000,-5.504e-001,-7.254e-001,+5.862e-002,+5.485e-001,+7.360e-002,+3.414e-001,-4.664e-001,+6.932e-001,-3.816e-002,-2.884e-001,+1.111e-001,+6.001e-001,+2.962e-001 },
  {-8.055e-001,-4.929e-001,-2.049e-001,+2.838e-001,-6.768e-001,+8.042e-001,+8.126e-002,-5.694e-001,-9.568e-001,+4.395e-001,+1.349e+000,-5.504e-001,+6.475e+000,-1.985e-001,+3.339e-001,-1.539e+000,-1.814e+000,-4.954e-001,-2.566e-001,-1.168e+000,+8.320e-001,+6.298e-001,-6.586e-001,+5.301e-001,+4.590e-001 },
  {-1.441e-001,+7.212e-001,-9.740e-001,+1.375e+000,+4.625e-001,-3.753e-001,-2.896e-001,+9.269e-003,+1.206e+000,+2.792e-001,+4.487e-001,-7.254e-001,-1.985e-001,+5.594e+000,-2.544e-001,-1.872e-001,+2.576e-001,-1.286e+000,-1.061e+000,-1.134e+000,-8.176e-001,+8.625e-001,+3.682e-001,+6.554e-001,+4.544e-001 },
  {-3.069e-001,-4.248e-001,-2.290e-001,-3.823e-001,+9.208e-001,-4.137e-001,+1.344e+000,-9.901e-001,+1.108e-001,-1.315e-001,+1.050e+000,+5.862e-002,+3.339e-001,-2.544e-001,+4.492e+000,+1.266e-001,-1.435e-001,-3.130e-001,-2.532e-001,-7.743e-001,+5.355e-001,+3.372e-001,+4.439e-001,-1.009e+000,-5.349e-002 },
  {+2.951e-001,+1.197e+000,-8.107e-001,-5.560e-001,+8.656e-001,-7.270e-001,-2.216e-002,-1.499e-001,+7.540e-001,+1.465e-001,-1.940e-001,+5.485e-001,-1.539e+000,-1.872e-001,+1.266e-001,+5.232e+000,-5.189e-001,-1.977e-001,-1.975e-001,+5.477e-001,-3.522e-001,+8.263e-001,-3.221e-001,-1.235e-001,+3.152e-001 },
  {+1.169e+000,+1.790e+000,+6.805e-001,+4.560e-001,-2.150e-001,-2.750e-001,+1.415e+000,-4.759e-001,-3.524e-001,+2.293e-001,-5.560e-001,+7.360e-002,-1.814e+000,+2.576e-001,-1.435e-001,-5.189e-001,+6.627e+000,+2.977e-001,-1.004e+000,+4.642e-001,+5.296e-001,-5.865e-002,-9.054e-001,-6.083e-001,-5.428e-002 },
  {-1.617e+000,-4.293e-001,+4.545e-001,+1.650e-001,+4.765e-001,+3.112e-001,-4.619e-001,-4.199e-001,+1.345e+000,+3.487e-001,-9.274e-001,+3.414e-001,-4.954e-001,-1.286e+000,-3.130e-001,-1.977e-001,+2.977e-001,+5.299e+000,+1.585e+000,-9.386e-001,+5.297e-001,-1.298e+000,+1.421e+000,-2.702e-001,-7.803e-001 },
  {+8.040e-001,+6.502e-001,-1.020e+000,+3.920e-002,-2.670e-001,+7.890e-001,+1.589e-002,-2.682e-001,+1.551e+000,+9.627e-001,-1.461e-001,-4.664e-001,-2.566e-001,-1.061e+000,-2.532e-001,-1.975e-001,-1.004e+000,+1.585e+000,+5.147e+000,+3.142e-001,+2.293e-001,-4.361e-001,-2.452e-001,+2.971e-001,-5.094e-001 },
  {+8.864e-001,-7.483e-001,+1.209e+000,-5.453e-001,-6.997e-001,+1.166e+000,+8.161e-002,+5.925e-002,-7.805e-001,+3.387e-001,+3.874e-001,+6.932e-001,-1.168e+000,-1.134e+000,-7.743e-001,+5.477e-001,+4.642e-001,-9.386e-001,+3.142e-001,+6.267e+000,+1.866e-001,+3.218e-001,+1.477e+000,+9.694e-001,+6.819e-002 },
  {-1.301e+000,-2.460e-001,+2.424e-001,+1.673e-001,-6.723e-001,-4.509e-001,+1.331e-001,-4.406e-002,+7.835e-001,-2.864e-001,-6.499e-001,-3.816e-002,+8.320e-001,-8.176e-001,+5.355e-001,-3.522e-001,+5.296e-001,+5.297e-001,+2.293e-001,+1.866e-001,+6.313e+000,+7.412e-001,+1.037e+000,-3.385e-001,+1.777e-001 },
  {+2.875e-001,+2.157e-001,-7.692e-001,-1.396e+000,+2.035e-001,-5.048e-001,+1.113e+000,+1.408e-001,+1.895e-001,-1.125e+000,-1.341e-001,-2.884e-001,+6.298e-001,+8.625e-001,+3.372e-001,+8.263e-001,-5.865e-002,-1.298e+000,-4.361e-001,+3.218e-001,+7.412e-001,+4.474e+000,+6.560e-001,+7.135e-001,-5.541e-001 },
  {+4.806e-001,-8.921e-001,+4.012e-002,-3.328e-001,+3.362e-001,+5.378e-001,+3.555e-002,+3.354e-001,+3.520e-002,+3.005e-001,-2.150e-001,+1.111e-001,-6.586e-001,+3.682e-001,+4.439e-001,-3.221e-001,-9.054e-001,+1.421e+000,-2.452e-001,+1.477e+000,+1.037e+000,+6.560e-001,+5.955e+000,+1.301e+000,-1.188e+000 },
  {-1.040e+000,+1.575e-001,-1.521e-001,-4.190e-001,+4.817e-001,-5.288e-002,-6.750e-001,+8.228e-001,-4.312e-001,+4.422e-001,+4.303e-001,+6.001e-001,+5.301e-001,+6.554e-001,-1.009e+000,-1.235e-001,-6.083e-001,-2.702e-001,+2.971e-001,+9.694e-001,-3.385e-001,+7.135e-001,+1.301e+000,+5.485e+000,-2.769e-001 },
  {-1.363e+000,+1.287e-001,+2.721e-001,-1.502e-001,+9.004e-004,+1.904e-001,-9.412e-001,+7.389e-001,-2.852e-002,+1.593e+000,+9.619e-001,+2.962e-001,+4.590e-001,+4.544e-001,-5.349e-002,+3.152e-001,-5.428e-002,-7.803e-001,-5.094e-001,+6.819e-002,+1.777e-001,-5.541e-001,-1.188e+000,-2.769e-001,+5.411e+000 }   }
}
yMat = 
{
{ {+8.994e-003,+5.454e-003,-5.160e-003,+3.404e-003,-3.154e-003,-4.227e-004,+4.339e-003,+2.994e-004,-6.609e-004,-3.436e-003,+2.048e-004,-5.935e-003,-2.779e-003,-6.428e-004,+2.916e-003,-3.111e-003,-6.905e-003,+1.031e-002,-8.146e-003,+3.868e-003,+2.417e-003,-5.483e-005,-5.311e-003,+5.248e-003,+4.635e-003 },
  {+5.454e-003,+3.307e-003,-3.129e-003,+2.064e-003,-1.913e-003,-2.563e-004,+2.631e-003,+1.816e-004,-4.008e-004,-2.084e-003,+1.242e-004,-3.599e-003,-1.685e-003,-3.898e-004,+1.768e-003,-1.886e-003,-4.187e-003,+6.255e-003,-4.940e-003,+2.346e-003,+1.465e-003,-3.325e-005,-3.221e-003,+3.182e-003,+2.811e-003 },
  {-5.160e-003,-3.129e-003,+2.960e-003,-1.953e-003,+1.810e-003,+2.425e-004,-2.489e-003,-1.718e-004,+3.792e-004,+1.972e-003,-1.175e-004,+3.405e-003,+1.594e-003,+3.688e-004,-1.673e-003,+1.785e-003,+3.962e-003,-5.918e-003,+4.673e-003,-2.219e-003,-1.386e-003,+3.146e-005,+3.047e-003,-3.011e-003,-2.659e-003 },
  {+3.404e-003,+2.064e-003,-1.953e-003,+1.288e-003,-1.194e-003,-1.600e-004,+1.642e-003,+1.133e-004,-2.501e-004,-1.301e-003,+7.751e-005,-2.246e-003,-1.052e-003,-2.433e-004,+1.103e-003,-1.177e-003,-2.613e-003,+3.904e-003,-3.083e-003,+1.464e-003,+9.145e-004,-2.075e-005,-2.010e-003,+1.986e-003,+1.754e-003 },
  {-3.154e-003,-1.913e-003,+1.810e-003,-1.194e-003,+1.106e-003,+1.482e-004,-1.522e-003,-1.050e-004,+2.318e-004,+1.205e-003,-7.183e-005,+2.081e-003,+9.745e-004,+2.254e-004,-1.023e-003,+1.091e-003,+2.422e-003,-3.617e-003,+2.857e-003,-1.357e-003,-8.475e-004,+1.923e-005,+1.863e-003,-1.840e-003,-1.626e-003 },
  {-4.227e-004,-2.563e-004,+2.425e-004,-1.600e-004,+1.482e-004,+1.987e-005,-2.039e-004,-1.407e-005,+3.106e-005,+1.615e-004,-9.625e-006,+2.789e-004,+1.306e-004,+3.021e-005,-1.370e-004,+1.462e-004,+3.245e-004,-4.848e-004,+3.828e-004,-1.818e-004,-1.136e-004,+2.577e-006,+2.496e-004,-2.466e-004,-2.178e-004 },
  {+4.339e-003,+2.631e-003,-2.489e-003,+1.642e-003,-1.522e-003,-2.039e-004,+2.093e-003,+1.445e-004,-3.189e-004,-1.658e-003,+9.881e-005,-2.863e-003,-1.341e-003,-3.101e-004,+1.407e-003,-1.501e-003,-3.331e-003,+4.976e-003,-3.930e-003,+1.866e-003,+1.166e-003,-2.646e-005,-2.562e-003,+2.532e-003,+2.236e-003 },
  {+2.994e-004,+1.816e-004,-1.718e-004,+1.133e-004,-1.050e-004,-1.407e-005,+1.445e-004,+9.975e-006,-2.200e-005,-1.144e-004,+6.817e-006,-1.976e-004,-9.251e-005,-2.140e-005,+9.708e-005,-1.036e-004,-2.299e-004,+3.434e-004,-2.712e-004,+1.288e-004,+8.046e-005,-1.827e-006,-1.768e-004,+1.747e-004,+1.543e-004 },
  {-6.609e-004,-4.008e-004,+3.792e-004,-2.501e-004,+2.318e-004,+3.106e-005,-3.189e-004,-2.200e-005,+4.857e-005,+2.525e-004,-1.505e-005,+4.361e-004,+2.042e-004,+4.724e-005,-2.143e-004,+2.286e-004,+5.074e-004,-7.580e-004,+5.986e-004,-2.843e-004,-1.776e-004,+4.029e-006,+3.903e-004,-3.856e-004,-3.406e-004 },
  {-3.436e-003,-2.084e-003,+1.972e-003,-1.301e-003,+1.205e-003,+1.615e-004,-1.658e-003,-1.144e-004,+2.525e-004,+1.313e-003,-7.826e-005,+2.268e-003,+1.062e-003,+2.456e-004,-1.114e-003,+1.189e-003,+2.639e-003,-3.941e-003,+3.112e-003,-1.478e-003,-9.234e-004,+2.095e-005,+2.029e-003,-2.005e-003,-1.771e-003 },
  {+2.048e-004,+1.242e-004,-1.175e-004,+7.751e-005,-7.183e-005,-9.625e-006,+9.881e-005,+6.817e-006,-1.505e-005,-7.826e-005,+4.667e-006,-1.351e-004,-6.327e-005,-1.464e-005,+6.640e-005,-7.084e-005,-1.572e-004,+2.349e-004,-1.855e-004,+8.809e-005,+5.503e-005,-1.248e-006,-1.209e-004,+1.195e-004,+1.055e-004 },
  {-5.935e-003,-3.599e-003,+3.405e-003,-2.246e-003,+2.081e-003,+2.789e-004,-2.863e-003,-1.976e-004,+4.361e-004,+2.268e-003,-1.351e-004,+3.916e-003,+1.833e-003,+4.241e-004,-1.924e-003,+2.053e-003,+4.557e-003,-6.806e-003,+5.375e-003,-2.553e-003,-1.595e-003,+3.618e-005,+3.505e-003,-3.463e-003,-3.058e-003 },
  {-2.779e-003,-1.685e-003,+1.594e-003,-1.052e-003,+9.745e-004,+1.306e-004,-1.341e-003,-9.251e-005,+2.042e-004,+1.062e-003,-6.327e-005,+1.833e-003,+8.584e-004,+1.986e-004,-9.008e-004,+9.610e-004,+2.133e-003,-3.187e-003,+2.517e-003,-1.195e-003,-7.466e-004,+1.694e-005,+1.641e-003,-1.621e-003,-1.432e-003 },
  {-6.428e-004,-3.898e-004,+3.688e-004,-2.433e-004,+2.254e-004,+3.021e-005,-3.101e-004,-2.140e-005,+4.724e-005,+2.456e-004,-1.464e-005,+4.241e-004,+1.986e-004,+4.594e-005,-2.084e-004,+2.223e-004,+4.935e-004,-7.372e-004,+5.822e-004,-2.765e-004,-1.727e-004,+3.918e-006,+3.796e-004,-3.751e-004,-3.313e-004 },
  {+2.916e-003,+1.768e-003,-1.673e-003,+1.103e-003,-1.023e-003,-1.370e-004,+1.407e-003,+9.708e-005,-2.143e-004,-1.114e-003,+6.640e-005,-1.924e-003,-9.008e-004,-2.084e-004,+9.453e-004,-1.009e-003,-2.239e-003,+3.344e-003,-2.641e-003,+1.254e-003,+7.835e-004,-1.778e-005,-1.722e-003,+1.701e-003,+1.503e-003 },
  {-3.111e-003,-1.886e-003,+1.785e-003,-1.177e-003,+1.091e-003,+1.462e-004,-1.501e-003,-1.036e-004,+2.286e-004,+1.189e-003,-7.084e-005,+2.053e-003,+9.610e-004,+2.223e-004,-1.009e-003,+1.076e-003,+2.388e-003,-3.568e-003,+2.817e-003,-1.338e-003,-8.358e-004,+1.897e-005,+1.837e-003,-1.815e-003,-1.603e-003 },
  {-6.905e-003,-4.187e-003,+3.962e-003,-2.613e-003,+2.422e-003,+3.245e-004,-3.331e-003,-2.299e-004,+5.074e-004,+2.639e-003,-1.572e-004,+4.557e-003,+2.133e-003,+4.935e-004,-2.239e-003,+2.388e-003,+5.302e-003,-7.920e-003,+6.254e-003,-2.970e-003,-1.855e-003,+4.210e-005,+4.078e-003,-4.029e-003,-3.559e-003 },
  {+1.031e-002,+6.255e-003,-5.918e-003,+3.904e-003,-3.617e-003,-4.848e-004,+4.976e-003,+3.434e-004,-7.580e-004,-3.941e-003,+2.349e-004,-6.806e-003,-3.187e-003,-7.372e-004,+3.344e-003,-3.568e-003,-7.920e-003,+1.183e-002,-9.342e-003,+4.437e-003,+2.772e-003,-6.289e-005,-6.091e-003,+6.019e-003,+5.316e-003 },
  {-8.146e-003,-4.940e-003,+4.673e-003,-3.083e-003,+2.857e-003,+3.828e-004,-3.930e-003,-2.712e-004,+5.986e-004,+3.112e-003,-1.855e-004,+5.375e-003,+2.517e-003,+5.822e-004,-2.641e-003,+2.817e-003,+6.254e-003,-9.342e-003,+7.378e-003,-3.504e-003,-2.189e-003,+4.966e-005,+4.810e-003,-4.753e-003,-4.198e-003 },
  {+3.868e-003,+2.346e-003,-2.219e-003,+1.464e-003,-1.357e-003,-1.818e-004,+1.866e-003,+1.288e-004,-2.843e-004,-1.478e-003,+8.809e-005,-2.553e-003,-1.195e-003,-2.765e-004,+1.254e-003,-1.338e-003,-2.970e-003,+4.437e-003,-3.504e-003,+1.664e-003,+1.039e-003,-2.359e-005,-2.284e-003,+2.257e-003,+1.994e-003 },
  {+2.417e-003,+1.465e-003,-1.386e-003,+9.145e-004,-8.475e-004,-1.136e-004,+1.166e-003,+8.046e-005,-1.776e-004,-9.234e-004,+5.503e-005,-1.595e-003,-7.466e-004,-1.727e-004,+7.835e-004,-8.358e-004,-1.855e-003,+2.772e-003,-2.189e-003,+1.039e-003,+6.493e-004,-1.473e-005,-1.427e-003,+1.410e-003,+1.245e-003 },
  {-5.483e-005,-3.325e-005,+3.146e-005,-2.075e-005,+1.923e-005,+2.577e-006,-2.646e-005,-1.827e-006,+4.029e-006,+2.095e-005,-1.248e-006,+3.618e-005,+1.694e-005,+3.918e-006,-1.778e-005,+1.897e-005,+4.210e-005,-6.289e-005,+4.966e-005,-2.359e-005,-1.473e-005,+3.378e-007,+3.238e-005,-3.200e-005,-2.826e-005 },
  {-5.311e-003,-3.221e-003,+3.047e-003,-2.010e-003,+1.863e-003,+2.496e-004,-2.562e-003,-1.768e-004,+3.903e-004,+2.029e-003,-1.209e-004,+3.505e-003,+1.641e-003,+3.796e-004,-1.722e-003,+1.837e-003,+4.078e-003,-6.091e-003,+4.810e-003,-2.284e-003,-1.427e-003,+3.238e-005,+3.137e-003,-3.099e-003,-2.737e-003 },
  {+5.248e-003,+3.182e-003,-3.011e-003,+1.986e-003,-1.840e-003,-2.466e-004,+2.532e-003,+1.747e-004,-3.856e-004,-2.005e-003,+1.195e-004,-3.463e-003,-1.621e-003,-3.751e-004,+1.701e-003,-1.815e-003,-4.029e-003,+6.019e-003,-4.753e-003,+2.257e-003,+1.410e-003,-3.200e-005,-3.099e-003,+3.062e-003,+2.704e-003 },
  {+4.635e-003,+2.811e-003,-2.659e-003,+1.754e-003,-1.626e-003,-2.178e-004,+2.236e-003,+1.543e-004,-3.406e-004,-1.771e-003,+1.055e-004,-3.058e-003,-1.432e-003,-3.313e-004,+1.503e-003,-1.603e-003,-3.559e-003,+5.316e-003,-4.198e-003,+1.994e-003,+1.245e-003,-2.826e-005,-2.737e-003,+2.704e-003,+2.389e-003 }   }
}
    main loop time = 0.064555
        total time = 0.066577
  file  check time = 0.000000
  file change time = 0.000000
  file   read time = 0.002022
SDPA end at [Thu Jul 15 21:27:27 2021]
ALL TIME = 0.067827
