Answer of test tests/testset3-1/dense25negative-definite0.dat-s
[General Setting]
Primal solution:
[[ 3.52137368e-04 -3.36820345e-03 -8.37565117e-04 -1.79702073e-04
   2.61005124e-03 -1.36896137e-03 -1.47362668e-03 -2.06348958e-03
  -8.86099648e-04  1.30148463e-03 -2.61475708e-03  2.66463164e-03
  -2.40056744e-03 -8.69204991e-04 -2.05148303e-03  1.34782502e-03
   3.85805204e-04 -4.26947783e-04 -5.08383322e-04 -2.36881086e-03
  -1.14799435e-03 -1.88223306e-03 -3.65352254e-03 -4.82308989e-03
   1.38019796e-03]
 [-3.36820345e-03  3.22169591e-02  8.01133356e-03  1.71885542e-03
  -2.49652117e-02  1.30941533e-02  1.40952803e-02  1.97373347e-02
   8.47556796e-03 -1.24487365e-02  2.50102236e-02 -2.54872752e-02
   2.29614938e-02  8.31396955e-03  1.96224915e-02 -1.28919833e-02
  -3.69023718e-03  4.08376751e-03  4.86270052e-03  2.26577415e-02
   1.09805983e-02  1.80036113e-02  3.49460440e-02  4.61329877e-02
  -1.32016316e-02]
 [-8.37565117e-04  8.01133356e-03  1.99216398e-03  4.27424705e-04
  -6.20805450e-03  3.25609968e-03  3.50504813e-03  4.90804769e-03
   2.10760433e-03 -3.09560503e-03  6.21924754e-03 -6.33787511e-03
   5.70979355e-03  2.06741992e-03  4.87948983e-03 -3.20582641e-03
  -9.17644665e-04  1.01550316e-03  1.20919903e-03  5.63426002e-03
   2.73052575e-03  4.47692581e-03  8.68997020e-03  1.14718075e-02
  -3.28282609e-03]
 [-1.79702073e-04  1.71885542e-03  4.27424705e-04  9.17052473e-05
  -1.33195651e-03  6.98605864e-04  7.52018511e-04  1.05303621e-03
   4.52192789e-04 -6.64171261e-04  1.33435804e-03 -1.35980994e-03
   1.22505316e-03  4.43571075e-04  1.04690902e-03 -6.87819571e-04
  -1.96883375e-04  2.17879230e-04  2.59437245e-04  1.20884724e-03
   5.85842445e-04  9.60537742e-04  1.86445892e-03  2.46131036e-03
  -7.04340089e-04]
 [ 2.61005124e-03 -2.49652117e-02 -6.20805450e-03 -1.33195651e-03
   1.93457675e-02 -1.01467773e-02 -1.09225595e-02 -1.52946385e-02
  -6.56779384e-03  9.64663800e-03 -1.93806475e-02  1.97503191e-02
  -1.77930683e-02 -6.44256992e-03 -1.52056455e-02  9.99011404e-03
   2.85959809e-03 -3.16454817e-03 -3.76815042e-03 -1.75576879e-02
  -8.50896434e-03 -1.39511605e-02 -2.70800042e-02 -3.57488677e-02
   1.02300632e-02]
 [-1.36896137e-03  1.30941533e-02  3.25609968e-03  6.98605864e-04
  -1.01467773e-02  5.32194399e-03  5.72883868e-03  8.02197645e-03
   3.44478156e-03 -5.05962292e-03  1.01650718e-02 -1.03589631e-02
   9.33239289e-03  3.37910203e-03  7.97529996e-03 -5.23977468e-03
  -1.49984768e-03  1.65979284e-03  1.97637977e-03  9.20893683e-03
   4.46291774e-03  7.31732770e-03  1.42033535e-02  1.87501375e-02
  -5.36562707e-03]
 [-1.47362668e-03  1.40952803e-02  3.50504813e-03  7.52018511e-04
  -1.09225595e-02  5.72883868e-03  6.16684298e-03  8.63530487e-03
   3.70815592e-03 -5.44646160e-03  1.09422528e-02 -1.11509682e-02
   1.00459105e-02  3.63745471e-03  8.58505965e-03 -5.64038699e-03
  -1.61452003e-03  1.78669403e-03  2.12748591e-03  9.91301558e-03
   4.80413479e-03  7.87678152e-03  1.52892854e-02  2.01836985e-02
  -5.77586159e-03]
 [-2.06348958e-03  1.97373347e-02  4.90804769e-03  1.05303621e-03
  -1.52946385e-02  8.02197645e-03  8.63530487e-03  1.20918421e-02
   5.19245532e-03 -7.62656954e-03  1.53222144e-02 -1.56144744e-02
   1.40670846e-02  5.09345403e-03  1.20214848e-02 -7.89811943e-03
  -2.26077970e-03  2.50187131e-03  2.97907532e-03  1.38809943e-02
   6.72713219e-03  1.10296972e-02  2.14092759e-02  2.82628232e-02
  -8.08782170e-03]
 [-8.86099648e-04  8.47556796e-03  2.10760433e-03  4.52192789e-04
  -6.56779384e-03  3.44478156e-03  3.70815592e-03  5.19245532e-03
   2.22973415e-03 -3.27498670e-03  6.57963555e-03 -6.70513726e-03
   6.04066011e-03  2.18722110e-03  5.16224259e-03 -3.39159507e-03
  -9.70819575e-04  1.07434875e-03  1.27926874e-03  5.96074967e-03
   2.88875216e-03  4.73635117e-03  9.19352968e-03  1.21365666e-02
  -3.47305668e-03]
 [ 1.30148463e-03 -1.24487365e-02 -3.09560503e-03 -6.64171261e-04
   9.64663800e-03 -5.05962292e-03 -5.44646160e-03 -7.62656954e-03
  -3.27498670e-03  4.81023178e-03 -9.66403076e-03  9.84836504e-03
  -8.87239496e-03 -3.21254454e-03 -7.58219376e-03  4.98150377e-03
   1.42591949e-03 -1.57798089e-03 -1.87896310e-03 -8.75502411e-03
  -4.24293848e-03 -6.95665326e-03 -1.35032637e-02 -1.78259346e-02
   5.10115285e-03]
 [-2.61475708e-03  2.50102236e-02  6.21924754e-03  1.33435804e-03
  -1.93806475e-02  1.01650718e-02  1.09422528e-02  1.53222144e-02
   6.57963555e-03 -9.66403076e-03  1.94155905e-02 -1.97859286e-02
   1.78251489e-02  6.45418573e-03  1.52330609e-02 -1.00081260e-02
  -2.86475384e-03  3.17025384e-03  3.77494434e-03  1.75893441e-02
   8.52430601e-03  1.39763143e-02  2.71288290e-02  3.58133223e-02
  -1.02485078e-02]
 [ 2.66463164e-03 -2.54872752e-02 -6.33787511e-03 -1.35980994e-03
   1.97503191e-02 -1.03589631e-02 -1.11509682e-02 -1.56144744e-02
  -6.70513726e-03  9.84836504e-03 -1.97859286e-02  2.01633307e-02
  -1.81651505e-02 -6.57729458e-03 -1.55236204e-02  1.01990236e-02
   2.91939691e-03 -3.23072410e-03 -3.84694863e-03 -1.79248479e-02
  -8.68690088e-03 -1.42429022e-02 -2.76462914e-02 -3.64964350e-02
   1.04439906e-02]
 [-2.40056744e-03  2.29614938e-02  5.70979355e-03  1.22505316e-03
  -1.77930683e-02  9.33239289e-03  1.00459105e-02  1.40670846e-02
   6.04066011e-03 -8.87239496e-03  1.78251489e-02 -1.81651505e-02
   1.63649895e-02  5.92548663e-03  1.39852342e-02 -9.18830342e-03
  -2.63008556e-03  2.91056028e-03  3.46571715e-03  1.61485008e-02
   7.82603152e-03  1.28314348e-02  2.49065521e-02  3.28796491e-02
  -9.40899418e-03]
 [-8.69204991e-04  8.31396955e-03  2.06741992e-03  4.43571075e-04
  -6.44256992e-03  3.37910203e-03  3.63745471e-03  5.09345403e-03
   2.18722110e-03 -3.21254454e-03  6.45418573e-03 -6.57729458e-03
   5.92548663e-03  2.14551877e-03  5.06381740e-03 -3.32692968e-03
  -9.52309631e-04  1.05386477e-03  1.25487772e-03  5.84709970e-03
   2.83367395e-03  4.64604606e-03  9.01824237e-03  1.19051663e-02
  -3.40683807e-03]
 [-2.05148303e-03  1.96224915e-02  4.87948983e-03  1.04690902e-03
  -1.52056455e-02  7.97529996e-03  8.58505965e-03  1.20214848e-02
   5.16224259e-03 -7.58219376e-03  1.52330609e-02 -1.55236204e-02
   1.39852342e-02  5.06381740e-03  1.19515369e-02 -7.85216364e-03
  -2.24762520e-03  2.48731397e-03  2.96174134e-03  1.38002267e-02
   6.68798979e-03  1.09655200e-02  2.12847044e-02  2.80983739e-02
  -8.04076209e-03]
 [ 1.34782502e-03 -1.28919833e-02 -3.20582641e-03 -6.87819571e-04
   9.99011404e-03 -5.23977468e-03 -5.64038699e-03 -7.89811943e-03
  -3.39159507e-03  4.98150377e-03 -1.00081260e-02  1.01990236e-02
  -9.18830342e-03 -3.32692968e-03 -7.85216364e-03  5.15887407e-03
   1.47669049e-03 -1.63416609e-03 -1.94586503e-03 -9.06675344e-03
  -4.39401148e-03 -7.20435023e-03 -1.39840577e-02 -1.84606408e-02
   5.28278332e-03]
 [ 3.85805204e-04 -3.69023718e-03 -9.17644665e-04 -1.96883375e-04
   2.85959809e-03 -1.49984768e-03 -1.61452003e-03 -2.26077970e-03
  -9.70819575e-04  1.42591949e-03 -2.86475384e-03  2.91939691e-03
  -2.63008556e-03 -9.52309631e-04 -2.24762520e-03  1.47669049e-03
   4.22692021e-04 -4.67768232e-04 -5.56989821e-04 -2.59529272e-03
  -1.25775401e-03 -2.06219324e-03 -4.00283561e-03 -5.28422523e-03
   1.51215860e-03]
 [-4.26947783e-04  4.08376751e-03  1.01550316e-03  2.17879230e-04
  -3.16454817e-03  1.65979284e-03  1.78669403e-03  2.50187131e-03
   1.07434875e-03 -1.57798089e-03  3.17025384e-03 -3.23072410e-03
   2.91056028e-03  1.05386477e-03  2.48731397e-03 -1.63416609e-03
  -4.67768232e-04  5.17651508e-04  6.16387732e-04  2.87205718e-03
   1.39188220e-03  2.28210748e-03  4.42970170e-03  5.84773983e-03
  -1.67341659e-03]
 [-5.08383322e-04  4.86270052e-03  1.20919903e-03  2.59437245e-04
  -3.76815042e-03  1.97637977e-03  2.12748591e-03  2.97907532e-03
   1.27926874e-03 -1.87896310e-03  3.77494434e-03 -3.84694863e-03
   3.46571715e-03  1.25487772e-03  2.96174134e-03 -1.94586503e-03
  -5.56989821e-04  6.16387732e-04  7.33956804e-04  3.41986998e-03
   1.65736812e-03  2.71739396e-03  5.27461780e-03  6.96313089e-03
  -1.99260211e-03]
 [-2.36881086e-03  2.26577415e-02  5.63426002e-03  1.20884724e-03
  -1.75576879e-02  9.20893683e-03  9.91301558e-03  1.38809943e-02
   5.96074967e-03 -8.75502411e-03  1.75893441e-02 -1.79248479e-02
   1.61485008e-02  5.84709970e-03  1.38002267e-02 -9.06675344e-03
  -2.59529272e-03  2.87205718e-03  3.41986998e-03  1.59348760e-02
   7.72250287e-03  1.26616907e-02  2.45770691e-02  3.24446917e-02
  -9.28452477e-03]
 [-1.14799435e-03  1.09805983e-02  2.73052575e-03  5.85842445e-04
  -8.50896434e-03  4.46291774e-03  4.80413479e-03  6.72713219e-03
   2.88875216e-03 -4.24293848e-03  8.52430601e-03 -8.68690088e-03
   7.82603152e-03  2.83367395e-03  6.68798979e-03 -4.39401148e-03
  -1.25775401e-03  1.39188220e-03  1.65736812e-03  7.72250287e-03
   3.74254889e-03  6.13622236e-03  1.19107601e-02  1.57236380e-02
  -4.49954982e-03]
 [-1.88223306e-03  1.80036113e-02  4.47692581e-03  9.60537742e-04
  -1.39511605e-02  7.31732770e-03  7.87678152e-03  1.10296972e-02
   4.73635117e-03 -6.95665326e-03  1.39763143e-02 -1.42429022e-02
   1.28314348e-02  4.64604606e-03  1.09655200e-02 -7.20435023e-03
  -2.06219324e-03  2.28210748e-03  2.71739396e-03  1.26616907e-02
   6.13622236e-03  1.00608509e-02  1.95286895e-02  2.57802226e-02
  -7.37738911e-03]
 [-3.65352254e-03  3.49460440e-02  8.68997020e-03  1.86445892e-03
  -2.70800042e-02  1.42033535e-02  1.52892854e-02  2.14092759e-02
   9.19352968e-03 -1.35032637e-02  2.71288290e-02 -2.76462914e-02
   2.49065521e-02  9.01824237e-03  2.12847044e-02 -1.39840577e-02
  -4.00283561e-03  4.42970170e-03  5.27461780e-03  2.45770691e-02
   1.19107601e-02  1.95286895e-02  3.79063084e-02  5.00408934e-02
  -1.43199361e-02]
 [-4.82308989e-03  4.61329877e-02  1.14718075e-02  2.46131036e-03
  -3.57488677e-02  1.87501375e-02  2.01836985e-02  2.82628232e-02
   1.21365666e-02 -1.78259346e-02  3.58133223e-02 -3.64964350e-02
   3.28796491e-02  1.19051663e-02  2.80983739e-02 -1.84606408e-02
  -5.28422523e-03  5.84773983e-03  6.96313089e-03  3.24446917e-02
   1.57236380e-02  2.57802226e-02  5.00408934e-02  6.60600073e-02
  -1.89040407e-02]
 [ 1.38019796e-03 -1.32016316e-02 -3.28282609e-03 -7.04340089e-04
   1.02300632e-02 -5.36562707e-03 -5.77586159e-03 -8.08782170e-03
  -3.47305668e-03  5.10115285e-03 -1.02485078e-02  1.04439906e-02
  -9.40899418e-03 -3.40683807e-03 -8.04076209e-03  5.28278332e-03
   1.51215860e-03 -1.67341659e-03 -1.99260211e-03 -9.28452477e-03
  -4.49954982e-03 -7.37738911e-03 -1.43199361e-02 -1.89040407e-02
   5.40966872e-03]]
Dual solution:
0
Tr(CX) = 0.6243529583002848
Primal and dual gap: 0
Number of iterations: 25624
Max error in symmetry of Q: 0
Maximum h bound: 0.003
Method name is: Physarum SDC modified (v.2)
Restart factor: 1000
Infeasibility: 2.4868995751603507e-14
Time spent (seconds): 21.35006046295166
