Answer of test tests/vertexcover3/vertexcover3-500.dat-s
[General Setting]
Primal solution:
[[ 9.99996062e-01  4.99999061e-01 -2.43052945e-16 ...  3.77675932e-01
   4.99999061e-01 -1.60630306e-17]
 [ 4.99999061e-01  5.00000046e-01 -1.21684620e-16 ...  1.88838565e-01
   2.50000069e-01 -7.97792514e-18]
 [-2.43052945e-16 -1.21684620e-16 -9.08393182e-33 ... -9.19149392e-17
  -1.21684620e-16  2.98282863e-33]
 ...
 [ 3.77675932e-01  1.88838565e-01 -9.19149392e-17 ...  3.77676676e-01
   1.88838565e-01 -6.02616422e-18]
 [ 4.99999061e-01  2.50000069e-01 -1.21684620e-16 ...  1.88838565e-01
   5.00000046e-01 -7.97792514e-18]
 [-1.60630306e-17 -7.97792514e-18  2.98282863e-33 ... -6.02616422e-18
  -7.97792514e-18 -1.08577873e-33]]
Dual solution:
0
Tr(CX) = 13.99997921857012
Primal and dual gap: 0
Number of iterations: 9999
Max error in symmetry of Q: 0
Maximum h bound: 0.05
Method name is: Physarum SDC modified (v.2)
Restart factor: 1000
Infeasibility: 2.190858664685713e-05
Time spent (seconds): 445.06536769866943
