Answer of test tests/vertexcover3/vertexcover3-508.dat-s
[General Setting]
Primal solution:
[[ 1.00008763e+00  5.00021527e-01 -1.00883767e-15 ...  5.00021527e-01
   7.10086087e-01  2.64260127e-17]
 [ 5.00021527e-01  4.99999621e-01 -5.03164833e-16 ...  2.49999431e-01
   3.55045707e-01  1.03409773e-17]
 [-1.00883767e-15 -5.03164833e-16 -1.02570367e-31 ... -5.03164833e-16
  -7.14584321e-16 -1.74737078e-32]
 ...
 [ 5.00021527e-01  2.49999431e-01 -5.03164833e-16 ...  4.99999621e-01
   3.55045707e-01  1.03409773e-17]
 [ 7.10086087e-01  3.55045707e-01 -7.14584321e-16 ...  3.55045707e-01
   7.10054977e-01  1.46738914e-17]
 [ 2.64260127e-17  1.03409773e-17 -1.74737078e-32 ...  1.03409773e-17
   1.46738914e-17  4.54697587e-33]]
Dual solution:
0
Tr(CX) = 15.000168154784488
Primal and dual gap: 0
Number of iterations: 9999
Max error in symmetry of Q: 0
Maximum h bound: 0.05
Method name is: Physarum SDC modified (v.2)
Restart factor: 1000
Infeasibility: 0.0001812392745019764
Time spent (seconds): 460.4332683086395
