Answer of test tests/vertexcover3/vertexcover3-506.dat-s
[General Setting]
Primal solution:
[[ 1.00000629e+00 -3.89074222e-17 -3.00259437e-12 ...  2.99752403e-18
  -2.70392212e-17  5.00001572e-01]
 [-3.89074222e-17 -9.00695681e-33 -1.85067409e-23 ... -9.43609499e-34
   7.93426781e-34 -1.94536928e-17]
 [-3.00259437e-12 -1.85067409e-23  1.33481942e-12 ... -3.81678455e-24
  -9.62753638e-24 -1.30286449e-12]
 ...
 [ 2.99752403e-18 -9.43609499e-34 -3.81678455e-24 ... -1.66854944e-33
  -2.42032097e-35  1.49874962e-18]
 [-2.70392212e-17  7.93426781e-34 -9.62753638e-24 ... -2.42032097e-35
  -7.64538319e-34 -1.35195800e-17]
 [ 5.00001572e-01 -1.94536928e-17 -1.30286449e-12 ...  1.49874962e-18
  -1.35195800e-17  5.00000000e-01]]
Dual solution:
0
Tr(CX) = 10.999999189300434
Primal and dual gap: 0
Number of iterations: 9999
Max error in symmetry of Q: 0
Maximum h bound: 0.05
Method name is: Physarum SDC modified (v.2)
Restart factor: 1000
Infeasibility: 1.4293270801823965e-05
Time spent (seconds): 458.0565114021301
