Answer of test tests/vertexcover3/vertexcover3-502.dat-s
[General Setting]
Primal solution:
[[ 1.00000000e+00  1.59720948e-16 -2.92896862e-17 ...  5.18940485e-17
  -1.82882667e-17  6.45937274e-01]
 [ 1.59720948e-16  3.31766329e-14 -5.53253814e-33 ...  7.82828177e-33
  -2.81335994e-33  1.03169714e-16]
 [-2.92896862e-17 -5.53253814e-33  3.31766329e-14 ... -1.53693737e-33
   2.00922696e-34 -1.89193001e-17]
 ...
 [ 5.18940485e-17  7.82828177e-33 -1.53693737e-33 ...  3.31766329e-14
  -1.01354615e-33  3.35203002e-17]
 [-1.82882667e-17 -2.81335994e-33  2.00922696e-34 ... -1.01354615e-33
   3.31766329e-14 -1.18130732e-17]
 [ 6.45937274e-01  1.03169714e-16 -1.89193001e-17 ...  3.35203002e-17
  -1.18130732e-17  6.45937274e-01]]
Dual solution:
0
Tr(CX) = 10.000000000000815
Primal and dual gap: 0
Number of iterations: 6580
Max error in symmetry of Q: 0
Maximum h bound: 0.05
Method name is: Physarum SDC modified (v.2)
Restart factor: 1000
Infeasibility: 6.649794270008156e-14
Time spent (seconds): 247.70719122886658
