Answer of test tests/vertexcover3/vertexcover3-504.dat-s
[General Setting]
Primal solution:
[[ 1.00000341e+00  2.81872037e-17  4.62936012e-01 ... -1.29360394e-17
  -6.30622630e-18 -9.37371660e-18]
 [ 2.81872037e-17 -1.80358873e-32  1.35808249e-17 ...  1.18186242e-34
  -3.29870669e-34 -3.09686375e-34]
 [ 4.62936012e-01  1.35808249e-17  4.62935223e-01 ... -6.11585796e-18
  -2.91816828e-18 -4.00066564e-18]
 ...
 [-1.29360394e-17  1.18186242e-34 -6.11585796e-18 ... -5.57107751e-34
  -8.33610814e-36  1.67409761e-34]
 [-6.30622630e-18 -3.29870669e-34 -2.91816828e-18 ... -8.33610814e-36
  -8.05163028e-34  1.30489688e-34]
 [-9.37371660e-18 -3.09686375e-34 -4.00066564e-18 ...  1.67409761e-34
   1.30489688e-34 -3.52449725e-34]]
Dual solution:
0
Tr(CX) = 9.000001207849643
Primal and dual gap: 0
Number of iterations: 9999
Max error in symmetry of Q: 0
Maximum h bound: 0.05
Method name is: Physarum SDC modified (v.2)
Restart factor: 1000
Infeasibility: 1.2324749152328626e-05
Time spent (seconds): 393.78084802627563
