SDPA start at [Thu Jul 15 21:27:32 2021]
param  is ./param.sdpa 
data   is G:\Research\PhysarumSDPSolver\SDPA\testSet\vertexcover2\vertexcover2015.dat-s  : sparse
"Vertexcover tests with graphs with 20 vertices and 1-190 edges"
out    is G:\Research\PhysarumSDPSolver\SDPA\testSet\vertexcover2\vertexcover2015.dat-s.res
NumThreads  is set as 1
Schur computation : DENSE 
   mu      thetaP  thetaD  objP      objD      alphaP  alphaD  beta 
 0 1.0e+004 1.0e+000 1.0e+000 -0.00e+000 -2.10e+003 1.0e+000 8.8e-001 2.00e-001
 1 1.8e+003 0.0e+000 1.2e-001 +1.44e+003 -2.83e+002 8.2e-001 8.2e-001 2.00e-001
 2 4.7e+002 2.2e-016 2.2e-002 +1.74e+003 -5.95e+001 1.2e+000 7.0e-001 2.00e-001
 3 1.9e+002 5.0e-016 6.7e-003 +1.25e+003 -2.69e+001 7.4e-001 6.0e-001 2.00e-001
 4 9.4e+001 4.3e-016 2.6e-003 +8.24e+002 -1.97e+001 5.4e-001 5.5e-001 2.00e-001
 5 5.0e+001 5.7e-016 1.2e-003 +5.22e+002 -1.78e+001 4.3e-001 6.4e-001 2.00e-001
 6 2.6e+001 5.7e-016 4.2e-004 +3.33e+002 -1.73e+001 4.1e-001 8.7e-001 2.00e-001
 7 1.2e+001 5.7e-016 5.6e-005 +2.09e+002 -1.73e+001 7.3e-001 1.0e+000 2.00e-001
 8 4.6e+000 8.6e-016 1.4e-015 +7.85e+001 -1.76e+001 9.6e-001 1.2e+001 1.00e-001
 9 6.0e-001 7.2e-016 8.2e-014 -4.37e+000 -1.69e+001 8.7e-001 2.5e+000 1.00e-001
10 1.1e-001 8.2e-016 1.3e-013 -1.41e+001 -1.65e+001 8.5e-001 1.1e+000 1.00e-001
11 2.3e-002 8.1e-016 8.4e-015 -1.56e+001 -1.61e+001 8.0e-001 9.4e-001 1.00e-001
12 5.5e-003 8.1e-016 1.9e-015 -1.58e+001 -1.59e+001 7.8e-001 8.3e-001 1.00e-001
13 1.5e-003 8.1e-016 1.1e-015 -1.59e+001 -1.59e+001 8.9e-001 9.2e-001 1.00e-001
14 2.8e-004 8.1e-016 2.8e-015 -1.59e+001 -1.59e+001 9.4e-001 9.8e-001 1.00e-001
15 3.7e-005 8.1e-016 4.9e-015 -1.59e+001 -1.59e+001 9.6e-001 1.0e+000 1.00e-001
16 4.2e-006 8.1e-016 2.2e-014 -1.59e+001 -1.59e+001 9.6e-001 1.0e+000 1.00e-001
17 4.4e-007 8.1e-016 1.7e-013 -1.59e+001 -1.59e+001 9.6e-001 1.0e+000 1.00e-001
18 4.5e-008 8.1e-016 1.3e-012 -1.59e+001 -1.59e+001 9.6e-001 1.0e+000 1.00e-001

phase.value  = pdOPT     
   Iteration = 18
          mu = +4.4580055202914082e-008
relative gap = +5.8872008092760525e-008
        gap  = +9.3511262733159128e-007
     digits  = +7.2300911503823038e+000
objValPrimal = -1.5883823740685393e+001
objValDual   = -1.5883824675798021e+001
p.feas.error = +8.0380146982861334e-014
d.feas.error = +2.6163116118027574e-010
total time   = 0.101034
** Paramters **
maxIteration = 100
epsilonStar  = +9.9999999999999995e-008
lambdaStar   = +1.0000000000000000e+002
omegaStar    = +2.0000000000000000e+000
lowerBound   = -1.0000000000000000e+005
upperBound   = +1.0000000000000000e+005
betaStar     = +1.0000000000000001e-001
betaBar      = +2.0000000000000001e-001
gammaStar    = +9.0000000000000002e-001
epsilonDash  = +9.9999999999999995e-008
xPrint       = %+8.3e 
XPrint       = %+8.3e 
YPrint       = %+8.3e 
infPrint     = %+10.16e 

                         Time(sec)  Ratio(% : MainLoop) 
 Predictor time  =       0.047173,  47.153667
 Corrector time  =       0.012970,  12.964684
 Make bMat time  =       0.012024,  12.019072
 Make bDia time  =       0.000000,  0.000000
 Make bF1  time  =       0.000000,  0.000000
 Make bF2  time  =       0.000000,  0.000000
 Make bF3  time  =       0.006978,  6.975140
 Make bPRE time  =       0.000000,  0.000000
 Make rMat time  =       0.002993,  2.991773
 Make gVec Mul   =       0.000000,  0.000000
 Make gVec time  =       0.002993,  2.991773
 Cholesky bMat   =       0.020189,  20.180726
 Ste Pre time    =       0.000000,  0.000000
 Ste Cor time    =       0.035906,  35.891285
 solve           =       0.000000,  0.000000
 sumDz           =       0.001996,  1.995182
 makedX          =       0.003988,  3.986366
 symmetriseDx    =       0.015960,  15.953459
 makedXdZ        =       0.021944,  21.935007
 xMatTime        =       0.001000,  0.999590
 zMatTime        =       0.000996,  0.995592
 invzMatTime     =       0.000000,  0.000000
 xMatzMatTime    =       0.000000,  0.000000
 EigxMatTime     =       0.017961,  17.953639
 EigzMatTime     =       0.017945,  17.937646
 EigxMatzMatTime =       0.000000,  0.000000
 updateRes       =       0.000998,  0.997591
 EigTime         =       0.035906,  35.891285
 sub_total_bMat  =       0.088017,  87.980928
 Main Loop       =       0.100041,  100.000000
 File Check      =       0.000000,  0.000000
 File Change     =       0.000000,  0.000000
 File Read       =       0.000993,  0.992593
 Total           =       0.101034,  100.992593

xVec = 
{+5.896e+001,-7.925e-008,-3.949e-007,+1.674e-007,+1.132e-006,+5.276e-002,+8.540e-008,-8.135e-007,+5.540e-001,+1.348e-006,+1.191e-006,+3.927e-009,+5.594e-007,-7.843e-007,+2.414e-008,+2.886e-001,+4.686e-007,+1.027e+000,+1.336e-007,+2.720e-002,+1.633e-001,-2.822e-001,-5.193e-001,-4.870e-001,-3.638e-001,+2.672e-002,-4.943e-001,-1.503e-001,-1.954e-001,-1.476e-001,-3.861e-001,-6.404e-001,-1.494e-001,-9.680e-001,+1.225e-001,-3.139e-001,-7.258e-001,-3.503e-001,-9.227e-003,-6.383e-001,-1.290e-001,-7.233e-001,-6.405e-001,-2.870e-001,-2.722e-001,-6.884e-001,-2.218e-001,-1.187e-002,-1.106e-001,-6.718e-001,-4.875e-001,-1.923e-001,+4.149e-002,-2.851e-001,-4.275e-001,-4.838e-003,-8.142e-001,-9.486e-001,+9.614e-002,-2.911e-001,+1.520e-001,-3.232e-001,+4.157e-002,-6.801e-001,-3.492e-001,-3.644e-002,-6.530e-001,-1.145e-001,-3.525e-001,-4.095e-001,-3.127e-001,-4.804e-001,-9.878e-001,-4.927e-001,-7.226e-001,-3.550e-001,-8.134e-001,-5.522e-001,-1.739e-001,+2.055e-002,-1.032e-001,-3.255e-001,-5.357e-002,-9.386e-003,-7.052e-001,-8.214e-001,-6.817e-001,-7.662e-001,-8.229e-002,-9.096e-001,-2.050e-001,-7.005e-002,+6.259e-002,-1.249e-001,-5.224e-001,+1.125e-001,-4.104e-001,-2.415e-001,-3.409e-001,-2.276e-001,-5.628e-001,-6.129e-002,-9.531e-001,-9.681e-001,-3.845e-001,-1.121e-001,-8.698e-001,+4.939e-002,-2.077e-001,-2.010e-001,-2.631e-001,-1.867e-001,-4.034e-003,-7.870e-001,-1.567e-001,-8.672e-001,-9.228e-001,-1.415e-001,-1.169e-001,+8.293e-002,-9.937e-001,-9.032e-001,-1.267e-001}
xMat = 
{
{ {+5.996e+001,-2.999e+000,-3.802e+000,-3.485e+000,-4.245e+000,-3.817e+000,-3.707e+000,-3.444e+000,-5.454e+000,-2.924e+000,-2.832e+000,-3.207e+000,-4.182e+000,-2.998e+000,-2.931e+000,-4.987e+000,-3.171e+000,-8.686e+000,-3.062e+000,-3.057e+000,-3.961e+000 },
  {-2.999e+000,+1.000e+000,+0.000e+000,+0.000e+000,+0.000e+000,+0.000e+000,+0.000e+000,+2.822e-001,+5.193e-001,+4.870e-001,+0.000e+000,+3.638e-001,-2.672e-002,+4.943e-001,+1.503e-001,+0.000e+000,+1.954e-001,+1.476e-001,+0.000e+000,+0.000e+000,+3.861e-001 },
  {-3.802e+000,+0.000e+000,+1.000e+000,+6.404e-001,+1.494e-001,+9.680e-001,+0.000e+000,-1.225e-001,+0.000e+000,+3.139e-001,+0.000e+000,+0.000e+000,+7.258e-001,+0.000e+000,+3.503e-001,+9.227e-003,+0.000e+000,+6.383e-001,+0.000e+000,+0.000e+000,+1.290e-001 },
  {-3.485e+000,+0.000e+000,+6.404e-001,+1.000e+000,+0.000e+000,+7.233e-001,+0.000e+000,+0.000e+000,+0.000e+000,+0.000e+000,+0.000e+000,+0.000e+000,+6.405e-001,+2.870e-001,+0.000e+000,+2.722e-001,+0.000e+000,+6.884e-001,+2.218e-001,+0.000e+000,+1.187e-002 },
  {-4.245e+000,+0.000e+000,+1.494e-001,+0.000e+000,+1.000e+000,+1.106e-001,+6.718e-001,+4.875e-001,+1.923e-001,-4.149e-002,+0.000e+000,+2.851e-001,+4.275e-001,+4.838e-003,+0.000e+000,+8.142e-001,+0.000e+000,+9.486e-001,+0.000e+000,-9.614e-002,+2.911e-001 },
  {-3.817e+000,+0.000e+000,+9.680e-001,+7.233e-001,+1.106e-001,+1.106e+000,+0.000e+000,-1.520e-001,+0.000e+000,+3.232e-001,-4.157e-002,+0.000e+000,+6.801e-001,+0.000e+000,+3.492e-001,+0.000e+000,+3.644e-002,+6.530e-001,+1.145e-001,+0.000e+000,+0.000e+000 },
  {-3.707e+000,+0.000e+000,+0.000e+000,+0.000e+000,+6.718e-001,+0.000e+000,+1.000e+000,+3.525e-001,+0.000e+000,+4.095e-001,+0.000e+000,+0.000e+000,+3.127e-001,+0.000e+000,+4.804e-001,+9.878e-001,+0.000e+000,+4.927e-001,+0.000e+000,+0.000e+000,+0.000e+000 },
  {-3.444e+000,+2.822e-001,-1.225e-001,+0.000e+000,+4.875e-001,-1.520e-001,+3.525e-001,+1.000e+000,+7.226e-001,+0.000e+000,+3.550e-001,+0.000e+000,+0.000e+000,+8.134e-001,+0.000e+000,+5.522e-001,+0.000e+000,+1.739e-001,+0.000e+000,+0.000e+000,-2.055e-002 },
  {-5.454e+000,+5.193e-001,+0.000e+000,+0.000e+000,+1.923e-001,+0.000e+000,+0.000e+000,+7.226e-001,+2.108e+000,+1.032e-001,+3.255e-001,+5.357e-002,+9.386e-003,+7.052e-001,+0.000e+000,+0.000e+000,+8.214e-001,+0.000e+000,+6.817e-001,+7.662e-001,+0.000e+000 },
  {-2.924e+000,+4.870e-001,+3.139e-001,+0.000e+000,-4.149e-002,+3.232e-001,+4.095e-001,+0.000e+000,+1.032e-001,+1.000e+000,+0.000e+000,+0.000e+000,+0.000e+000,+8.229e-002,+9.096e-001,+2.050e-001,+7.005e-002,-6.259e-002,+0.000e+000,+1.249e-001,+0.000e+000 },
  {-2.832e+000,+0.000e+000,+0.000e+000,+0.000e+000,+0.000e+000,-4.157e-002,+0.000e+000,+3.550e-001,+3.255e-001,+0.000e+000,+1.000e+000,+5.224e-001,-1.125e-001,+4.104e-001,+2.415e-001,+0.000e+000,+0.000e+000,+3.409e-001,+0.000e+000,+2.276e-001,+5.628e-001 },
  {-3.207e+000,+3.638e-001,+0.000e+000,+0.000e+000,+2.851e-001,+0.000e+000,+0.000e+000,+0.000e+000,+5.357e-002,+0.000e+000,+5.224e-001,+1.000e+000,+0.000e+000,+0.000e+000,+0.000e+000,+6.129e-002,+0.000e+000,+9.531e-001,+0.000e+000,+0.000e+000,+9.681e-001 },
  {-4.182e+000,-2.672e-002,+7.258e-001,+6.405e-001,+4.275e-001,+6.801e-001,+3.127e-001,+0.000e+000,+9.386e-003,+0.000e+000,-1.125e-001,+0.000e+000,+1.000e+000,+0.000e+000,+0.000e+000,+3.845e-001,+1.121e-001,+8.698e-001,+0.000e+000,-4.939e-002,+2.077e-001 },
  {-2.998e+000,+4.943e-001,+0.000e+000,+2.870e-001,+4.838e-003,+0.000e+000,+0.000e+000,+8.134e-001,+7.052e-001,+8.229e-002,+4.104e-001,+0.000e+000,+0.000e+000,+1.000e+000,+0.000e+000,+2.010e-001,+0.000e+000,+0.000e+000,+0.000e+000,+0.000e+000,+0.000e+000 },
  {-2.931e+000,+1.503e-001,+3.503e-001,+0.000e+000,+0.000e+000,+3.492e-001,+4.804e-001,+0.000e+000,+0.000e+000,+9.096e-001,+2.415e-001,+0.000e+000,+0.000e+000,+0.000e+000,+1.000e+000,+2.631e-001,+0.000e+000,+0.000e+000,+0.000e+000,+1.867e-001,+0.000e+000 },
  {-4.987e+000,+0.000e+000,+9.227e-003,+2.722e-001,+8.142e-001,+0.000e+000,+9.878e-001,+5.522e-001,+0.000e+000,+2.050e-001,+0.000e+000,+6.129e-002,+3.845e-001,+2.010e-001,+2.631e-001,+1.577e+000,+4.034e-003,+7.870e-001,+1.567e-001,+0.000e+000,+0.000e+000 },
  {-3.171e+000,+1.954e-001,+0.000e+000,+0.000e+000,+0.000e+000,+3.644e-002,+0.000e+000,+0.000e+000,+8.214e-001,+7.005e-002,+0.000e+000,+0.000e+000,+1.121e-001,+0.000e+000,+0.000e+000,+4.034e-003,+1.000e+000,+0.000e+000,+8.672e-001,+9.228e-001,+1.415e-001 },
  {-8.686e+000,+1.476e-001,+6.383e-001,+6.884e-001,+9.486e-001,+6.530e-001,+4.927e-001,+1.739e-001,+0.000e+000,-6.259e-002,+3.409e-001,+9.531e-001,+8.698e-001,+0.000e+000,+0.000e+000,+7.870e-001,+0.000e+000,+3.055e+000,+1.169e-001,-8.293e-002,+9.937e-001 },
  {-3.062e+000,+0.000e+000,+0.000e+000,+2.218e-001,+0.000e+000,+1.145e-001,+0.000e+000,+0.000e+000,+6.817e-001,+0.000e+000,+0.000e+000,+0.000e+000,+0.000e+000,+0.000e+000,+0.000e+000,+1.567e-001,+8.672e-001,+1.169e-001,+1.000e+000,+9.032e-001,+0.000e+000 },
  {-3.057e+000,+0.000e+000,+0.000e+000,+0.000e+000,-9.614e-002,+0.000e+000,+0.000e+000,+0.000e+000,+7.662e-001,+1.249e-001,+2.276e-001,+0.000e+000,-4.939e-002,+0.000e+000,+1.867e-001,+0.000e+000,+9.228e-001,-8.293e-002,+9.032e-001,+1.054e+000,+1.267e-001 },
  {-3.961e+000,+3.861e-001,+1.290e-001,+1.187e-002,+2.911e-001,+0.000e+000,+0.000e+000,-2.055e-002,+0.000e+000,+0.000e+000,+5.628e-001,+9.681e-001,+2.077e-001,+0.000e+000,+0.000e+000,+0.000e+000,+1.415e-001,+9.937e-001,+0.000e+000,+1.267e-001,+1.327e+000 }   }
}
yMat = 
{
{ {+1.000e+000,+6.148e-001,+3.560e-001,+7.569e-001,+7.994e-001,+1.000e+000,+3.560e-001,+8.868e-001,+1.000e+000,+9.665e-001,+6.066e-001,+4.029e-001,+8.966e-001,+5.174e-001,+7.184e-001,+1.000e+000,+6.355e-001,+1.000e+000,+3.700e-001,+1.000e+000,+1.000e+000 },
  {+6.148e-001,+6.148e-001,+2.528e-001,+4.970e-001,+5.679e-001,+6.148e-001,+2.528e-001,+5.016e-001,+6.148e-001,+5.814e-001,+6.066e-001,+1.772e-002,+5.115e-001,+1.323e-001,+3.332e-001,+6.148e-001,+2.503e-001,+6.148e-001,+3.422e-001,+6.148e-001,+6.148e-001 },
  {+3.560e-001,+2.528e-001,+3.560e-001,+1.128e-001,+1.554e-001,+3.560e-001,+3.560e-001,+2.428e-001,+3.560e-001,+3.225e-001,+2.383e-001,+1.562e-001,+2.526e-001,+2.649e-001,+7.439e-002,+3.560e-001,+1.142e-001,+3.560e-001,+2.636e-001,+3.560e-001,+3.560e-001 },
  {+7.569e-001,+4.970e-001,+1.128e-001,+7.569e-001,+7.477e-001,+7.569e-001,+1.128e-001,+7.089e-001,+7.569e-001,+7.302e-001,+5.019e-001,+2.303e-001,+6.535e-001,+2.743e-001,+6.599e-001,+7.569e-001,+6.105e-001,+7.569e-001,+1.269e-001,+7.568e-001,+7.569e-001 },
  {+7.994e-001,+5.679e-001,+1.554e-001,+7.477e-001,+7.994e-001,+7.994e-001,+1.554e-001,+6.862e-001,+7.994e-001,+7.659e-001,+5.735e-001,+2.023e-001,+6.960e-001,+3.168e-001,+6.548e-001,+7.994e-001,+5.698e-001,+7.994e-001,+2.105e-001,+7.994e-001,+7.994e-001 },
  {+1.000e+000,+6.148e-001,+3.560e-001,+7.569e-001,+7.994e-001,+1.000e+000,+3.560e-001,+8.868e-001,+1.000e+000,+9.665e-001,+6.066e-001,+4.029e-001,+8.966e-001,+5.174e-001,+7.184e-001,+1.000e+000,+6.355e-001,+1.000e+000,+3.700e-001,+1.000e+000,+1.000e+000 },
  {+3.560e-001,+2.528e-001,+3.560e-001,+1.128e-001,+1.554e-001,+3.560e-001,+3.560e-001,+2.428e-001,+3.560e-001,+3.225e-001,+2.383e-001,+1.562e-001,+2.526e-001,+2.649e-001,+7.439e-002,+3.560e-001,+1.142e-001,+3.560e-001,+2.636e-001,+3.560e-001,+3.560e-001 },
  {+8.868e-001,+5.016e-001,+2.428e-001,+7.089e-001,+6.862e-001,+8.868e-001,+2.428e-001,+8.868e-001,+8.868e-001,+8.823e-001,+4.934e-001,+4.029e-001,+8.465e-001,+4.042e-001,+6.920e-001,+8.868e-001,+5.969e-001,+8.868e-001,+2.909e-001,+8.868e-001,+8.868e-001 },
  {+1.000e+000,+6.148e-001,+3.560e-001,+7.569e-001,+7.994e-001,+1.000e+000,+3.560e-001,+8.868e-001,+1.000e+000,+9.665e-001,+6.066e-001,+4.029e-001,+8.966e-001,+5.174e-001,+7.184e-001,+1.000e+000,+6.355e-001,+1.000e+000,+3.700e-001,+1.000e+000,+1.000e+000 },
  {+9.665e-001,+5.814e-001,+3.225e-001,+7.302e-001,+7.659e-001,+9.665e-001,+3.225e-001,+8.823e-001,+9.665e-001,+9.665e-001,+5.856e-001,+3.963e-001,+8.936e-001,+4.839e-001,+6.849e-001,+9.665e-001,+6.020e-001,+9.665e-001,+3.685e-001,+9.665e-001,+9.665e-001 },
  {+6.066e-001,+6.066e-001,+2.383e-001,+5.019e-001,+5.735e-001,+6.066e-001,+2.383e-001,+4.934e-001,+6.066e-001,+5.856e-001,+6.066e-001,+9.439e-003,+5.032e-001,+1.240e-001,+3.250e-001,+6.066e-001,+2.532e-001,+6.066e-001,+3.297e-001,+6.066e-001,+6.066e-001 },
  {+4.029e-001,+1.772e-002,+1.562e-001,+2.303e-001,+2.023e-001,+4.029e-001,+1.562e-001,+4.029e-001,+4.029e-001,+3.963e-001,+9.439e-003,+4.029e-001,+4.029e-001,+4.029e-001,+3.638e-001,+4.029e-001,+3.586e-001,+4.029e-001,+7.668e-002,+4.029e-001,+4.029e-001 },
  {+8.966e-001,+5.115e-001,+2.526e-001,+6.535e-001,+6.960e-001,+8.966e-001,+2.526e-001,+8.465e-001,+8.966e-001,+8.936e-001,+5.032e-001,+4.029e-001,+8.966e-001,+4.636e-001,+6.906e-001,+8.966e-001,+5.321e-001,+8.966e-001,+3.700e-001,+8.966e-001,+8.966e-001 },
  {+5.174e-001,+1.323e-001,+2.649e-001,+2.743e-001,+3.168e-001,+5.174e-001,+2.649e-001,+4.042e-001,+5.174e-001,+4.839e-001,+1.240e-001,+4.029e-001,+4.636e-001,+5.174e-001,+3.932e-001,+5.174e-001,+3.890e-001,+5.174e-001,+1.654e-001,+5.174e-001,+5.174e-001 },
  {+7.184e-001,+3.332e-001,+7.439e-002,+6.599e-001,+6.548e-001,+7.184e-001,+7.439e-002,+6.920e-001,+7.184e-001,+6.849e-001,+3.250e-001,+3.638e-001,+6.906e-001,+3.932e-001,+7.184e-001,+7.184e-001,+6.138e-001,+7.184e-001,+1.037e-001,+7.184e-001,+7.184e-001 },
  {+1.000e+000,+6.148e-001,+3.560e-001,+7.569e-001,+7.994e-001,+1.000e+000,+3.560e-001,+8.868e-001,+1.000e+000,+9.665e-001,+6.066e-001,+4.029e-001,+8.966e-001,+5.174e-001,+7.184e-001,+1.000e+000,+6.355e-001,+1.000e+000,+3.700e-001,+1.000e+000,+1.000e+000 },
  {+6.355e-001,+2.503e-001,+1.142e-001,+6.105e-001,+5.698e-001,+6.355e-001,+1.142e-001,+5.969e-001,+6.355e-001,+6.020e-001,+2.532e-001,+3.586e-001,+5.321e-001,+3.890e-001,+6.138e-001,+6.355e-001,+6.355e-001,+6.355e-001,+5.539e-003,+6.355e-001,+6.355e-001 },
  {+1.000e+000,+6.148e-001,+3.560e-001,+7.569e-001,+7.994e-001,+1.000e+000,+3.560e-001,+8.868e-001,+1.000e+000,+9.665e-001,+6.066e-001,+4.029e-001,+8.966e-001,+5.174e-001,+7.184e-001,+1.000e+000,+6.355e-001,+1.000e+000,+3.700e-001,+1.000e+000,+1.000e+000 },
  {+3.700e-001,+3.422e-001,+2.636e-001,+1.269e-001,+2.105e-001,+3.700e-001,+2.636e-001,+2.909e-001,+3.700e-001,+3.685e-001,+3.297e-001,+7.668e-002,+3.700e-001,+1.654e-001,+1.037e-001,+3.700e-001,+5.539e-003,+3.700e-001,+3.700e-001,+3.700e-001,+3.700e-001 },
  {+1.000e+000,+6.148e-001,+3.560e-001,+7.568e-001,+7.994e-001,+1.000e+000,+3.560e-001,+8.868e-001,+1.000e+000,+9.665e-001,+6.066e-001,+4.029e-001,+8.966e-001,+5.174e-001,+7.184e-001,+1.000e+000,+6.355e-001,+1.000e+000,+3.700e-001,+1.000e+000,+1.000e+000 },
  {+1.000e+000,+6.148e-001,+3.560e-001,+7.569e-001,+7.994e-001,+1.000e+000,+3.560e-001,+8.868e-001,+1.000e+000,+9.665e-001,+6.066e-001,+4.029e-001,+8.966e-001,+5.174e-001,+7.184e-001,+1.000e+000,+6.355e-001,+1.000e+000,+3.700e-001,+1.000e+000,+1.000e+000 }   }
}
    main loop time = 0.100041
        total time = 0.101034
  file  check time = 0.000000
  file change time = 0.000000
  file   read time = 0.000993
SDPA end at [Thu Jul 15 21:27:33 2021]
ALL TIME = 0.103154
