Answer of test tests/vertexcover2-2/vertexcover206.dat-s
[General Setting]
Primal solution:
[[0.99999981 0.7773802  0.98504714 0.84624711 0.62468215 0.99598111
  0.8631233  0.74010955 0.78743308 0.80365131 0.97255564 0.63749798
  0.77156171 0.99999801 0.99976577 0.52980627 0.49151544 0.99999473
  0.98616423 0.42712196 0.75081616]
 [0.7773802  0.77738028 0.76242751 0.62362747 0.41919455 0.7764403
  0.64050366 0.5174899  0.76912127 0.58103167 0.74993601 0.41487832
  0.54894206 0.77737838 0.77725086 0.51689191 0.28465278 0.7773751
  0.76852083 0.4183347  0.52819651]
 [0.98504714 0.76242751 0.98504724 0.83901363 0.61274129 0.98102844
  0.84817062 0.72515686 0.7724804  0.78869863 0.97173754 0.62254528
  0.76945127 0.98501443 0.9848131  0.52215323 0.47656273 0.98504206
  0.97121156 0.41216924 0.73586348]
 [0.84624711 0.62362747 0.83901363 0.8462472  0.48027626 0.84357403
  0.85040778 0.58054208 0.63368035 0.64989859 0.82966448 0.48374524
  0.61780898 0.8462453  0.84624586 0.37605352 0.48811197 0.84624202
  0.83241152 0.42041871 0.59706343]
 [0.62468215 0.41919455 0.61274129 0.48027626 0.62468221 0.62066341
  0.48780559 0.36479183 0.41211537 0.59074641 0.59723794 0.61507385
  0.60981595 0.62468031 0.62444807 0.15448853 0.48866258 0.62467703
  0.61084653 0.05180421 0.37549844]
 [0.99598111 0.7764403  0.98102844 0.84357403 0.62066341 0.9959812
  0.85910459 0.73609082 0.78341436 0.7996326  0.96853694 0.63347925
  0.77095603 0.99598283 0.99574707 0.52578752 0.48749669 0.99597603
  0.98610797 0.4231032  0.74679744]
 [0.8631233  0.64050366 0.84817062 0.85040778 0.48780559 0.85910459
  0.86312338 0.603233   0.65055654 0.66677477 0.83567911 0.50062142
  0.61873148 0.86312149 0.86311531 0.3929297  0.4916061  0.86312203
  0.84928771 0.43936491 0.61393962]
 [0.74010955 0.5174899  0.72515686 0.58054208 0.36479183 0.73609082
  0.603233   0.74010962 0.52754278 0.57139316 0.71266535 0.39122945
  0.53303658 0.74010773 0.73987549 0.52489641 0.23162511 0.74010445
  0.72627394 0.3901733  0.7388585 ]
 [0.78743308 0.76912127 0.7724804  0.63368035 0.41211537 0.78341436
  0.65055654 0.52754278 0.78743316 0.59108455 0.77237732 0.42509544
  0.55899494 0.78745137 0.78742467 0.52474313 0.27894865 0.78742798
  0.78346691 0.41879688 0.5382494 ]
 [0.80365131 0.58103167 0.78869863 0.64989859 0.59074641 0.7996326
  0.66677477 0.57139316 0.59108455 0.80365139 0.79985894 0.61211505
  0.57521317 0.8036495  0.80341726 0.38036483 0.46142724 0.80365267
  0.7841629  0.23077339 0.55446763]
 [0.97255564 0.74993601 0.97173754 0.82966448 0.59723794 0.96853694
  0.83567911 0.71266535 0.77237732 0.79985894 0.97255573 0.61005377
  0.74411751 0.97255384 0.9723216  0.52403957 0.46407122 0.97255056
  0.95872006 0.39967773 0.72337197]
 [0.63749798 0.41487832 0.62254528 0.48374524 0.61507385 0.63347925
  0.50062142 0.39122945 0.42509544 0.61211505 0.61005377 0.63749804
  0.60547199 0.63749615 0.63726391 0.16730436 0.47791353 0.63749575
  0.63282238 0.06462004 0.38831428]
 [0.77156171 0.54894206 0.76945127 0.61780898 0.60981595 0.77095603
  0.61873148 0.53303658 0.55899494 0.57521317 0.74411751 0.60547199
  0.77156178 0.77155988 0.77132765 0.3013681  0.45533339 0.77155661
  0.77646181 0.19868378 0.56712004]
 [0.99999801 0.77737838 0.98501443 0.8462453  0.62468031 0.99598283
  0.86312149 0.74010773 0.78745137 0.8036495  0.97255384 0.63749615
  0.77155988 0.99999809 0.99976397 0.52980443 0.49151848 0.99999293
  0.98616243 0.42712011 0.75081844]
 [0.99976577 0.77725086 0.9848131  0.84624586 0.62444807 0.99574707
  0.86311531 0.73987549 0.78742467 0.80341726 0.9723216  0.63726391
  0.77132765 0.99976397 0.99976586 0.52957218 0.49128135 0.99976069
  0.98593019 0.42688786 0.75047339]
 [0.52980627 0.51689191 0.52215323 0.37605352 0.15448853 0.52578752
  0.3929297  0.52489641 0.52474313 0.38036483 0.52403957 0.16730436
  0.3013681  0.52980443 0.52957218 0.52980632 0.02132181 0.52980281
  0.51597064 0.38167327 0.52266129]
 [0.49151544 0.28465278 0.47656273 0.48811197 0.48866258 0.48749669
  0.4916061  0.23162511 0.27894865 0.46142724 0.46407122 0.47791353
  0.45533339 0.49151848 0.49128135 0.02132181 0.49151549 0.49151031
  0.47767981 0.06543479 0.24367549]
 [0.99999473 0.7773751  0.98504206 0.84624202 0.62467703 0.99597603
  0.86312203 0.74010445 0.78742798 0.80365267 0.97255056 0.63749575
  0.77155661 0.99999293 0.99976069 0.52980281 0.49151031 0.99999483
  0.98615915 0.42711683 0.75081106]
 [0.98616423 0.76852083 0.97121156 0.83241152 0.61084653 0.98610797
  0.84928771 0.72627394 0.78346691 0.7841629  0.95872006 0.63282238
  0.77646181 0.98616243 0.98593019 0.51597064 0.47767981 0.98615915
  0.98616432 0.41328632 0.73698056]
 [0.42712196 0.4183347  0.41216924 0.42041871 0.05180421 0.4231032
  0.43936491 0.3901733  0.41879688 0.23077339 0.39967773 0.06462004
  0.19868378 0.42712011 0.42688786 0.38167327 0.06543479 0.42711683
  0.41328632 0.427122   0.39229712]
 [0.75081616 0.52819651 0.73586348 0.59706343 0.37549844 0.74679744
  0.61393962 0.7388585  0.5382494  0.55446763 0.72337197 0.38831428
  0.56712004 0.75081844 0.75047339 0.52266129 0.24367549 0.75081106
  0.73698056 0.39229712 0.75081624]]
Dual solution:
0
Tr(CX) = 16.990454188559735
Primal and dual gap: 0
Number of iterations: 19999
Max error in symmetry of Q: 0
Maximum h bound: 0.01
Method name is: Physarum SDC modified (v.2)
Restart factor: 1000
Infeasibility: 8.899700600371594e-06
Time spent (seconds): 2321.9798834323883
