Answer of test tests/vertexcover2-2/vertexcover2013.dat-s
[General Setting]
Primal solution:
[[1.00000468e+00 9.99991881e-01 9.99965944e-01 9.99926483e-01
  9.99996275e-01 9.99979148e-01 5.78203944e-01 7.57903623e-01
  9.99989889e-01 5.78154623e-01 1.00000101e+00 9.99925848e-01
  5.78190137e-01 9.99896254e-01 4.21946710e-01 4.21932461e-01
  9.99895974e-01 1.11276147e-04 5.78194360e-01 6.63998425e-01
  4.21952411e-01]
 [9.99991881e-01 9.99989542e-01 9.99953148e-01 9.99924043e-01
  9.99983479e-01 9.99966351e-01 5.78201516e-01 7.57891407e-01
  9.99984894e-01 5.78142757e-01 9.99988210e-01 9.99913051e-01
  5.78178270e-01 9.99888049e-01 4.21935321e-01 4.21921072e-01
  9.99883178e-01 1.00818099e-04 5.78184651e-01 6.63986457e-01
  4.21941023e-01]
 [9.99965944e-01 9.99953148e-01 9.99963605e-01 9.99887750e-01
  9.99963526e-01 9.99959669e-01 5.78166141e-01 7.57865470e-01
  9.99951156e-01 5.78116820e-01 9.99962273e-01 9.99887114e-01
  5.78174990e-01 9.99867673e-01 4.21924896e-01 4.21895136e-01
  9.99857241e-01 9.94555486e-05 5.78156557e-01 6.63960520e-01
  4.21948476e-01]
 [9.99926483e-01 9.99924043e-01 9.99887750e-01 9.99924144e-01
  9.99918081e-01 9.99900954e-01 5.78150630e-01 7.57826009e-01
  9.99922394e-01 5.78131618e-01 9.99925765e-01 9.99886621e-01
  5.78112873e-01 9.99873789e-01 4.21869924e-01 4.21855675e-01
  9.99881712e-01 3.54202977e-05 5.78117096e-01 6.63921059e-01
  4.21863783e-01]
 [9.99996275e-01 9.99983479e-01 9.99963526e-01 9.99918081e-01
  9.99993936e-01 9.99978693e-01 5.78191084e-01 7.57895801e-01
  9.99981322e-01 5.78147151e-01 9.99992604e-01 9.99917445e-01
  5.78182665e-01 9.99893887e-01 4.21939715e-01 4.21925467e-01
  9.99889520e-01 1.05212168e-04 5.78189896e-01 6.63990851e-01
  4.21945417e-01]
 [9.99979148e-01 9.99966351e-01 9.99959669e-01 9.99900954e-01
  9.99978693e-01 9.99976809e-01 5.78179344e-01 7.57878674e-01
  9.99964360e-01 5.78130024e-01 9.99973900e-01 9.99914559e-01
  5.78186573e-01 9.99870725e-01 4.21922588e-01 4.21908053e-01
  9.99870445e-01 8.80851572e-05 5.78183178e-01 6.63973724e-01
  4.21928290e-01]
 [5.78203944e-01 5.78201516e-01 5.78166141e-01 5.78150630e-01
  5.78191084e-01 5.78179344e-01 5.78202535e-01 3.36104400e-01
  5.78203912e-01 5.78141413e-01 5.78204436e-01 5.78126044e-01
  5.78161717e-01 5.78096451e-01 1.48314380e-04 1.52270488e-04
  5.78096171e-01 9.17742873e-05 5.78179279e-01 2.42199450e-01
  1.54015964e-04]
 [7.57903623e-01 7.57891407e-01 7.57865470e-01 7.57826009e-01
  7.57895801e-01 7.57878674e-01 3.36104400e-01 7.57901865e-01
  7.57889415e-01 3.36055079e-01 7.57900491e-01 7.57825374e-01
  3.36106924e-01 7.57829465e-01 4.21919266e-01 4.21896004e-01
  7.57795500e-01 1.14451490e-04 3.36094816e-01 4.21898779e-01
  4.21956150e-01]
 [9.99989889e-01 9.99984894e-01 9.99951156e-01 9.99922394e-01
  9.99981322e-01 9.99964360e-01 5.78203912e-01 7.57889415e-01
  9.99987551e-01 5.78145088e-01 9.99986218e-01 9.99911060e-01
  5.78182321e-01 9.99881466e-01 4.21933330e-01 4.21919081e-01
  9.99881186e-01 9.88265600e-05 5.78180503e-01 6.63984465e-01
  4.21939031e-01]
 [5.78154623e-01 5.78142757e-01 5.78116820e-01 5.78131618e-01
  5.78147151e-01 5.78130024e-01 5.78141413e-01 3.36055079e-01
  5.78145088e-01 5.78153214e-01 5.78151730e-01 5.78076723e-01
  5.78119426e-01 5.78104453e-01 9.89934730e-05 8.47446275e-05
  5.78106679e-01 7.10879258e-05 5.78127695e-01 2.42150129e-01
  1.04695102e-04]
 [1.00000101e+00 9.99988210e-01 9.99962273e-01 9.99925765e-01
  9.99992604e-01 9.99973900e-01 5.78204436e-01 7.57900491e-01
  9.99986218e-01 5.78151730e-01 9.99998896e-01 9.99922177e-01
  5.78187244e-01 9.99892583e-01 4.21944372e-01 4.21932560e-01
  9.99895052e-01 1.09715963e-04 5.78191467e-01 6.63995548e-01
  4.21950073e-01]
 [9.99925848e-01 9.99913051e-01 9.99887114e-01 9.99886621e-01
  9.99917445e-01 9.99914559e-01 5.78126044e-01 7.57825374e-01
  9.99911060e-01 5.78076723e-01 9.99922177e-01 9.99923509e-01
  5.78126202e-01 9.99817425e-01 4.21908182e-01 4.21906573e-01
  9.99859860e-01 3.47849907e-05 5.78116461e-01 6.63977874e-01
  4.21874990e-01]
 [5.78190137e-01 5.78178270e-01 5.78174990e-01 5.78112873e-01
  5.78182665e-01 5.78186573e-01 5.78161717e-01 3.36106924e-01
  5.78182321e-01 5.78119426e-01 5.78187244e-01 5.78126202e-01
  5.78188728e-01 5.78082644e-01 1.34507436e-04 1.20258595e-04
  5.78099196e-01 8.96852124e-05 5.78164263e-01 2.42185643e-01
  1.40209052e-04]
 [9.99896254e-01 9.99888049e-01 9.99867673e-01 9.99873789e-01
  9.99893887e-01 9.99870725e-01 5.78096451e-01 7.57829465e-01
  9.99881466e-01 5.78104453e-01 9.99892583e-01 9.99817425e-01
  5.78082644e-01 9.99893916e-01 4.21839695e-01 4.21825446e-01
  9.99875679e-01 7.10819615e-05 5.78086868e-01 6.63890830e-01
  4.21880544e-01]
 [4.21946710e-01 4.21935321e-01 4.21924896e-01 4.21869924e-01
  4.21939715e-01 4.21922588e-01 1.48314380e-04 4.21919266e-01
  4.21933330e-01 9.89934730e-05 4.21944372e-01 4.21908182e-01
  1.34507436e-04 4.21839695e-01 4.21945779e-01 4.21922194e-01
  4.21839415e-01 9.03362168e-05 1.38731044e-04 4.21909859e-01
  4.21921035e-01]
 [4.21932461e-01 4.21921072e-01 4.21895136e-01 4.21855675e-01
  4.21925467e-01 4.21908053e-01 1.52270488e-04 4.21896004e-01
  4.21919081e-01 8.47446275e-05 4.21932560e-01 4.21906573e-01
  1.20258595e-04 4.21825446e-01 4.21922194e-01 4.21931530e-01
  4.21825166e-01 8.53634679e-05 1.52535874e-04 4.21927754e-01
  4.21899203e-01]
 [9.99895974e-01 9.99883178e-01 9.99857241e-01 9.99881712e-01
  9.99889520e-01 9.99870445e-01 5.78096171e-01 7.57795500e-01
  9.99881186e-01 5.78106679e-01 9.99895052e-01 9.99859860e-01
  5.78099196e-01 9.99875679e-01 4.21839415e-01 4.21825166e-01
  9.99893636e-01 4.54700379e-05 5.78086588e-01 6.63934145e-01
  4.21845116e-01]
 [1.11276147e-04 1.00818099e-04 9.94555486e-05 3.54202977e-05
  1.05212168e-04 8.80851572e-05 9.17742873e-05 1.14451490e-04
  9.88265600e-05 7.10879258e-05 1.09715963e-04 3.47849907e-05
  8.96852124e-05 7.10819615e-05 9.03362168e-05 8.53634679e-05
  4.54700379e-05 1.11275875e-04 1.01496751e-04 7.74830269e-05
  1.20870306e-04]
 [5.78194360e-01 5.78184651e-01 5.78156557e-01 5.78117096e-01
  5.78189896e-01 5.78183178e-01 5.78179279e-01 3.36094816e-01
  5.78180503e-01 5.78127695e-01 5.78191467e-01 5.78116461e-01
  5.78164263e-01 5.78086868e-01 1.38731044e-04 1.52535874e-04
  5.78086588e-01 1.01496751e-04 5.78192952e-01 2.42210764e-01
  1.44432676e-04]
 [6.63998425e-01 6.63986457e-01 6.63960520e-01 6.63921059e-01
  6.63990851e-01 6.63973724e-01 2.42199450e-01 4.21898779e-01
  6.63984465e-01 2.42150129e-01 6.63995548e-01 6.63977874e-01
  2.42185643e-01 6.63890830e-01 4.21909859e-01 4.21927754e-01
  6.63934145e-01 7.74830269e-05 2.42210764e-01 6.63996915e-01
  4.21868693e-01]
 [4.21952411e-01 4.21941023e-01 4.21948476e-01 4.21863783e-01
  4.21945417e-01 4.21928290e-01 1.54015964e-04 4.21956150e-01
  4.21939031e-01 1.04695102e-04 4.21950073e-01 4.21874990e-01
  1.40209052e-04 4.21880544e-01 4.21921035e-01 4.21899203e-01
  4.21845116e-01 1.20870306e-04 1.44432676e-04 4.21868693e-01
  4.21951481e-01]]
Dual solution:
0
Tr(CX) = 16.000126497249035
Primal and dual gap: 0
Number of iterations: 19999
Max error in symmetry of Q: 0
Maximum h bound: 0.01
Method name is: Physarum SDC modified (v.2)
Restart factor: 1000
Infeasibility: 9.354862019250731e-06
Time spent (seconds): 2357.373376607895
