Answer of test tests/vertexcover2-2/vertexcover2015.dat-s
[General Setting]
Primal solution:
[[0.99999996 0.71185538 0.53186361 0.75523664 0.81590929 0.9283689
  0.46083913 0.79585429 0.99989251 0.91342457 0.69993992 0.31419225
  0.79061636 0.51508768 0.66458806 0.99933041 0.65789129 0.99999606
  0.43492658 0.91052745 0.9953833 ]
 [0.71185538 0.7118554  0.42775042 0.56682531 0.66661475 0.65519071
  0.37084242 0.50770971 0.71174793 0.62527998 0.69569884 0.02604765
  0.50247178 0.22694308 0.37644347 0.71166813 0.3697467  0.71185148
  0.39531843 0.64372253 0.70723872]
 [0.53186361 0.42775042 0.53186362 0.28710028 0.34777294 0.46023255
  0.46035922 0.32771793 0.53193175 0.44528821 0.41924952 0.15365839
  0.32248    0.34886374 0.19645169 0.53119406 0.29607397 0.53185971
  0.32557268 0.45783866 0.52724695]
 [0.75523664 0.56682531 0.28710028 0.75523666 0.74653735 0.68360558
  0.21618619 0.64107409 0.75520486 0.68482236 0.57526824 0.16576891
  0.54585304 0.27032434 0.60141638 0.75456709 0.63489505 0.75523274
  0.19016324 0.67101595 0.75061998]
 [0.81590929 0.66661475 0.34777294 0.74653735 0.81590931 0.74427823
  0.27674845 0.61176362 0.81580184 0.7293339  0.67348663 0.13010157
  0.60652569 0.330997   0.60173697 0.81523974 0.59211107 0.8159054
  0.29888358 0.72643678 0.81129263]
 [0.9283689  0.65519071 0.46023255 0.68360558 0.74427823 0.92836892
  0.46059798 0.72422323 0.92812636 0.84179351 0.62830886 0.30450632
  0.7189853  0.50784988 0.59295699 0.92841606 0.58626023 0.92836501
  0.36329551 0.91006334 0.92768331]
 [0.46083913 0.37084242 0.46035922 0.21618619 0.27674845 0.46059798
  0.46083914 0.25669345 0.46057981 0.37426373 0.34694909 0.14544871
  0.25145552 0.34274906 0.12542721 0.46016958 0.22483323 0.46083523
  0.25338073 0.45906933 0.45966774]
 [0.79585429 0.50770971 0.32771793 0.64107409 0.61176362 0.72422323
  0.25669345 0.79585431 0.79574684 0.78667851 0.49579424 0.31442917
  0.71884759 0.310942   0.59044001 0.79518474 0.54378123 0.79585039
  0.33378225 0.71285648 0.79123763]
 [0.99989251 0.71174793 0.53193175 0.75520486 0.81580184 0.92812636
  0.46057981 0.79574684 0.99989253 0.91331712 0.69983247 0.31408479
  0.79050891 0.51498022 0.66458974 0.99942907 0.65778383 0.99986805
  0.43481912 0.91042    0.99538371]
 [0.91342457 0.62527998 0.44528821 0.68482236 0.7293339  0.84179351
  0.37426373 0.78667851 0.91331712 0.91342459 0.63690849 0.30287393
  0.78066184 0.42851227 0.57801266 0.91275502 0.57131589 0.91342067
  0.43232738 0.82395206 0.90882956]
 [0.69993992 0.69569884 0.41924952 0.57526824 0.67348663 0.62830886
  0.34694909 0.49579424 0.69983247 0.63690849 0.69993993 0.01413219
  0.49055631 0.21502762 0.364528   0.69980081 0.3843317  0.69993602
  0.38917558 0.61046741 0.69532326]
 [0.31419225 0.02604765 0.15365839 0.16576891 0.13010157 0.30450632
  0.14544871 0.31442917 0.31408479 0.30287393 0.01413219 0.31419226
  0.31435526 0.30937935 0.27604773 0.31352269 0.26570488 0.31418834
  0.07839694 0.30619547 0.30957558]
 [0.79061636 0.50247178 0.32248    0.54585304 0.60652569 0.7189853
  0.25145552 0.71884759 0.79050891 0.78066184 0.49055631 0.31435526
  0.79061638 0.39424201 0.59280841 0.78994681 0.44850768 0.79061246
  0.43586116 0.70114385 0.7859997 ]
 [0.51508768 0.22694308 0.34886374 0.27032434 0.330997   0.50784988
  0.34274906 0.310942   0.51498022 0.42851227 0.21502762 0.30937935
  0.39424201 0.51508769 0.35179758 0.51441812 0.367125   0.51510056
  0.19154516 0.49779084 0.51504687]
 [0.66458806 0.37644347 0.19645169 0.60141638 0.60173697 0.59295699
  0.12542721 0.59044001 0.66458974 0.57801266 0.364528   0.27604773
  0.59280841 0.35179758 0.66458807 0.6639185  0.57064477 0.66458708
  0.18381956 0.57511554 0.66178357]
 [0.99933041 0.71166813 0.53119406 0.75456709 0.81523974 0.92841606
  0.46016958 0.79518474 0.99942907 0.91275502 0.69980081 0.31352269
  0.78994681 0.51441812 0.6639185  0.99933043 0.65722174 0.99932652
  0.43425702 0.91024691 0.99490599]
 [0.65789129 0.3697467  0.29607397 0.63489505 0.59211107 0.58626023
  0.22483323 0.54378123 0.65778383 0.57131589 0.3843317  0.26570488
  0.44850768 0.367125   0.57064477 0.65722174 0.6578913  0.65791138
  0.09281789 0.56841878 0.65327463]
 [0.99999606 0.71185148 0.53185971 0.75523274 0.8159054  0.92836501
  0.46083523 0.79585039 0.99986805 0.91342067 0.69993602 0.31418834
  0.79061246 0.51510056 0.66458708 0.99932652 0.65791138 0.99999608
  0.43492267 0.91052356 0.99537941]
 [0.43492658 0.39531843 0.32557268 0.19016324 0.29888358 0.36329551
  0.25338073 0.33378225 0.43481912 0.43232738 0.38917558 0.07839694
  0.43586116 0.19154516 0.18381956 0.43425702 0.09281789 0.43492267
  0.43492659 0.34545406 0.43455506]
 [0.91052745 0.64372253 0.45783866 0.67101595 0.72643678 0.91006334
  0.45906933 0.71285648 0.91042    0.82395206 0.61046741 0.30619547
  0.70114385 0.49779084 0.57511554 0.91024691 0.56841878 0.91052356
  0.34545406 0.91052747 0.9059108 ]
 [0.9953833  0.70723872 0.52724695 0.75061998 0.81129263 0.92768331
  0.45966774 0.79123763 0.99538371 0.90882956 0.69532326 0.30957558
  0.7859997  0.51504687 0.66178357 0.99490599 0.65327463 0.99537941
  0.43455506 0.9059108  0.99538332]]
Dual solution:
0
Tr(CX) = 15.89572397053427
Primal and dual gap: 0
Number of iterations: 19999
Max error in symmetry of Q: 0
Maximum h bound: 0.01
Method name is: Physarum SDC modified (v.2)
Restart factor: 1000
Infeasibility: 2.1085484562035335e-05
Time spent (seconds): 2015.8687949180603
