SDPA start at [Thu Jul 15 21:27:33 2021]
param  is ./param.sdpa 
data   is G:\Research\PhysarumSDPSolver\SDPA\testSet\vertexcover2\vertexcover2018.dat-s  : sparse
"Vertexcover tests with graphs with 20 vertices and 1-190 edges"
out    is G:\Research\PhysarumSDPSolver\SDPA\testSet\vertexcover2\vertexcover2018.dat-s.res
NumThreads  is set as 1
Schur computation : DENSE 
   mu      thetaP  thetaD  objP      objD      alphaP  alphaD  beta 
 0 1.0e+004 1.0e+000 1.0e+000 -0.00e+000 -2.10e+003 1.0e+000 8.8e-001 2.00e-001
 1 1.8e+003 0.0e+000 1.2e-001 +1.44e+003 -2.85e+002 8.2e-001 8.2e-001 2.00e-001
 2 4.7e+002 2.3e-016 2.2e-002 +1.74e+003 -5.98e+001 1.2e+000 7.0e-001 2.00e-001
 3 1.9e+002 3.6e-016 6.7e-003 +1.25e+003 -2.69e+001 7.5e-001 6.0e-001 2.00e-001
 4 9.4e+001 2.9e-016 2.6e-003 +8.25e+002 -1.97e+001 5.4e-001 5.5e-001 2.00e-001
 5 5.0e+001 5.7e-016 1.2e-003 +5.22e+002 -1.78e+001 4.4e-001 6.5e-001 2.00e-001
 6 2.6e+001 5.7e-016 4.2e-004 +3.32e+002 -1.73e+001 4.2e-001 8.6e-001 2.00e-001
 7 1.2e+001 2.9e-016 5.8e-005 +2.08e+002 -1.73e+001 7.1e-001 1.0e+000 2.00e-001
 8 4.7e+000 5.7e-016 1.1e-015 +8.10e+001 -1.75e+001 9.5e-001 1.3e+001 1.00e-001
 9 6.5e-001 5.7e-016 1.1e-013 -3.16e+000 -1.69e+001 8.5e-001 2.2e+000 1.00e-001
10 1.4e-001 4.3e-016 1.3e-013 -1.35e+001 -1.64e+001 7.0e-001 9.3e-001 1.00e-001
11 4.3e-002 4.3e-016 9.3e-015 -1.48e+001 -1.57e+001 9.2e-001 8.2e-001 1.00e-001
12 1.1e-002 4.7e-016 1.8e-015 -1.49e+001 -1.51e+001 9.3e-001 9.6e-001 1.00e-001
13 1.6e-003 4.1e-016 1.6e-016 -1.50e+001 -1.50e+001 9.2e-001 1.0e+000 1.00e-001
14 1.9e-004 4.7e-016 8.8e-016 -1.50e+001 -1.50e+001 9.3e-001 1.0e+000 1.00e-001
15 2.1e-005 4.5e-016 8.0e-015 -1.50e+001 -1.50e+001 9.3e-001 1.0e+000 1.00e-001
16 2.1e-006 4.5e-016 6.3e-014 -1.50e+001 -1.50e+001 9.3e-001 1.0e+000 1.00e-001
17 2.1e-007 4.7e-016 1.3e-012 -1.50e+001 -1.50e+001 9.3e-001 1.0e+000 0.00e+000

phase.value  = pdFEAS    
   Iteration = 17
          mu = +2.1382083608451857e-007
relative gap = +2.9933493195046881e-007
        gap  = +4.4900242883727515e-006
     digits  = +6.5238425986690167e+000
objValPrimal = -1.4999998787662918e+001
objValDual   = -1.5000003277687206e+001
p.feas.error = +4.6185277824406512e-014
d.feas.error = +2.6093638361146532e-010
total time   = 0.097263
** Paramters **
maxIteration = 100
epsilonStar  = +9.9999999999999995e-008
lambdaStar   = +1.0000000000000000e+002
omegaStar    = +2.0000000000000000e+000
lowerBound   = -1.0000000000000000e+005
upperBound   = +1.0000000000000000e+005
betaStar     = +1.0000000000000001e-001
betaBar      = +2.0000000000000001e-001
gammaStar    = +9.0000000000000002e-001
epsilonDash  = +9.9999999999999995e-008
xPrint       = %+8.3e 
XPrint       = %+8.3e 
YPrint       = %+8.3e 
infPrint     = %+10.16e 

                         Time(sec)  Ratio(% : MainLoop) 
 Predictor time  =       0.042494,  44.124855
 Corrector time  =       0.011965,  12.424198
 Make bMat time  =       0.010988,  11.409703
 Make bDia time  =       0.000000,  0.000000
 Make bF1  time  =       0.000000,  0.000000
 Make bF2  time  =       0.000000,  0.000000
 Make bF3  time  =       0.006979,  7.246843
 Make bPRE time  =       0.000000,  0.000000
 Make rMat time  =       0.000996,  1.034225
 Make gVec Mul   =       0.000000,  0.000000
 Make gVec time  =       0.000996,  1.034225
 Cholesky bMat   =       0.018545,  19.256729
 Ste Pre time    =       0.000000,  0.000000
 Ste Cor time    =       0.033914,  35.215567
 solve           =       0.000997,  1.035263
 sumDz           =       0.000997,  1.035263
 makedX          =       0.004990,  5.181509
 symmetriseDx    =       0.016948,  17.598438
 makedXdZ        =       0.022935,  23.815210
 xMatTime        =       0.002995,  3.109944
 zMatTime        =       0.000997,  1.035263
 invzMatTime     =       0.000000,  0.000000
 xMatzMatTime    =       0.000000,  0.000000
 EigxMatTime     =       0.016959,  17.609860
 EigzMatTime     =       0.016955,  17.605707
 EigxMatzMatTime =       0.000000,  0.000000
 updateRes       =       0.000997,  1.035263
 EigTime         =       0.033914,  35.215567
 sub_total_bMat  =       0.085316,  88.590297
 Main Loop       =       0.096304,  100.000000
 File Check      =       0.000000,  0.000000
 File Change     =       0.000000,  0.000000
 File Read       =       0.000959,  0.995805
 Total           =       0.097263,  100.995805

xVec = 
{+9.916e+001,+4.973e-007,+1.480e+000,+8.172e-001,+4.972e-001,+3.390e-001,+2.204e-001,+3.996e-007,+1.035e+000,+4.580e-007,+1.055e+000,+5.726e-001,+1.572e+000,+8.184e-001,+4.245e-007,+3.644e-001,+5.984e-007,+3.741e-001,+4.467e-001,+1.221e-006,+4.299e-007,-1.004e-001,-7.123e-001,-1.603e-001,-1.509e-001,-6.821e-001,-3.040e-001,-4.692e-001,-8.359e-001,-8.655e-001,-1.760e-001,-2.498e-001,-7.708e-001,-1.133e+000,-2.370e-001,-4.194e-001,-8.167e-001,-7.371e-001,-8.922e-001,-3.665e-001,-5.668e-003,-8.292e-001,-1.266e+000,-5.668e-003,-8.514e-001,-6.342e-001,-9.982e-001,-6.125e-001,-5.705e-001,-9.840e-001,-8.109e-001,-2.311e-001,-3.376e-001,-8.109e-001,-2.940e-001,-8.642e-001,-3.655e-001,-8.078e-001,-1.373e+000,-8.884e-001,-1.489e-001,-5.067e-001,+5.319e-008,-1.072e-001,-5.366e-001,-3.089e-001,-3.447e-001,-1.046e-001,-2.738e-001,-9.349e-001,+3.425e-007,-8.792e-001,-5.383e-001,-9.062e-001,-7.025e-001,-1.172e+000,-8.856e-002,+1.352e-001,-7.284e-001,-8.505e-001,-7.594e-001,-3.369e-001,-3.090e-001,-2.067e-001,-6.746e-001,-5.212e-001,-9.673e-001,-7.576e-001,-8.763e-001,-7.576e-001,-2.786e-001,-5.289e-001,-8.561e-001,-3.626e-001,-8.290e-001,-1.686e+000,-1.205e+000,-1.808e-001,-1.474e-001,-1.474e-001,-7.922e-001,-5.543e-001,-7.368e-001,-8.512e-001,-9.536e-001,-1.424e-001,-5.130e-001,-5.695e-001,-6.061e-001,-4.895e-001,-3.616e-001,-4.895e-001,-2.347e-001,-7.617e-001,-2.541e-001,-9.537e-001,-9.537e-001,+3.928e-007,-1.000e+000,+1.372e-007,-8.557e-001}
xMat = 
{
{ {+1.002e+002,-4.706e+000,-9.912e+000,-7.813e+000,-6.490e+000,-5.006e+000,-5.181e+000,-3.824e+000,-8.904e+000,-4.006e+000,-9.242e+000,-7.266e+000,-1.251e+001,-7.783e+000,-3.625e+000,-5.531e+000,-4.165e+000,-5.917e+000,-4.432e+000,-4.165e+000,-3.266e+000 },
  {-4.706e+000,+1.000e+000,+1.004e-001,+7.123e-001,+1.603e-001,+1.509e-001,+6.821e-001,+0.000e+000,+3.040e-001,+0.000e+000,+4.692e-001,+8.359e-001,+8.655e-001,+0.000e+000,+0.000e+000,+1.760e-001,+0.000e+000,+2.498e-001,+0.000e+000,+0.000e+000,+0.000e+000 },
  {-9.912e+000,+1.004e-001,+3.961e+000,+0.000e+000,+7.708e-001,+1.133e+000,+2.370e-001,+4.194e-001,+8.167e-001,+7.371e-001,+0.000e+000,+0.000e+000,+8.922e-001,+0.000e+000,+3.665e-001,+0.000e+000,+5.668e-003,+8.292e-001,+1.266e+000,+5.668e-003,+8.514e-001 },
  {-7.813e+000,+7.123e-001,+0.000e+000,+2.634e+000,+0.000e+000,+0.000e+000,+6.342e-001,+0.000e+000,+9.982e-001,+0.000e+000,+0.000e+000,+6.125e-001,+5.705e-001,+0.000e+000,+0.000e+000,+9.840e-001,+8.109e-001,+2.311e-001,+3.376e-001,+8.109e-001,+2.940e-001 },
  {-6.490e+000,+1.603e-001,+7.708e-001,+0.000e+000,+1.994e+000,+0.000e+000,+0.000e+000,+8.642e-001,+0.000e+000,+3.655e-001,+8.078e-001,+0.000e+000,+1.373e+000,+8.884e-001,+0.000e+000,+1.489e-001,+0.000e+000,+5.067e-001,+0.000e+000,-5.319e-008,+1.072e-001 },
  {-5.006e+000,+1.509e-001,+1.133e+000,+0.000e+000,+0.000e+000,+1.678e+000,+0.000e+000,+0.000e+000,+5.366e-001,+3.089e-001,+3.447e-001,+1.046e-001,+2.738e-001,+0.000e+000,+0.000e+000,+0.000e+000,+0.000e+000,+0.000e+000,+9.349e-001,-3.425e-007,+8.792e-001 },
  {-5.181e+000,+6.821e-001,+2.370e-001,+6.342e-001,+0.000e+000,+0.000e+000,+1.441e+000,+0.000e+000,+0.000e+000,+5.383e-001,+9.062e-001,+7.025e-001,+1.172e+000,+8.856e-002,+0.000e+000,+0.000e+000,+0.000e+000,+0.000e+000,+0.000e+000,+0.000e+000,+0.000e+000 },
  {-3.824e+000,+0.000e+000,+4.194e-001,+0.000e+000,+8.642e-001,+0.000e+000,+0.000e+000,+1.000e+000,-1.352e-001,+0.000e+000,+7.284e-001,+0.000e+000,+8.505e-001,+7.594e-001,+0.000e+000,+0.000e+000,+0.000e+000,+0.000e+000,+3.369e-001,+0.000e+000,+0.000e+000 },
  {-8.904e+000,+3.040e-001,+8.167e-001,+9.982e-001,+0.000e+000,+5.366e-001,+0.000e+000,-1.352e-001,+3.070e+000,+3.090e-001,+2.067e-001,+6.746e-001,+0.000e+000,+0.000e+000,+5.212e-001,+9.673e-001,+7.576e-001,+8.763e-001,+0.000e+000,+7.576e-001,+2.786e-001 },
  {-4.006e+000,+0.000e+000,+7.371e-001,+0.000e+000,+3.655e-001,+3.089e-001,+5.383e-001,+0.000e+000,+3.090e-001,+1.000e+000,+5.289e-001,+0.000e+000,+8.561e-001,+0.000e+000,+0.000e+000,+0.000e+000,+0.000e+000,+3.626e-001,+0.000e+000,+0.000e+000,+0.000e+000 },
  {-9.242e+000,+4.692e-001,+0.000e+000,+0.000e+000,+8.078e-001,+3.447e-001,+9.062e-001,+7.284e-001,+2.067e-001,+5.289e-001,+3.110e+000,+8.290e-001,+1.686e+000,+1.205e+000,+1.808e-001,+0.000e+000,+1.474e-001,+0.000e+000,+0.000e+000,+1.474e-001,+0.000e+000 },
  {-7.266e+000,+8.359e-001,+0.000e+000,+6.125e-001,+0.000e+000,+1.046e-001,+7.025e-001,+0.000e+000,+6.746e-001,+0.000e+000,+8.290e-001,+2.145e+000,+7.922e-001,+5.543e-001,+7.368e-001,+0.000e+000,+0.000e+000,+8.512e-001,+0.000e+000,+0.000e+000,+0.000e+000 },
  {-1.251e+001,+8.655e-001,+8.922e-001,+5.705e-001,+1.373e+000,+2.738e-001,+1.172e+000,+8.505e-001,+0.000e+000,+8.561e-001,+1.686e+000,+7.922e-001,+4.144e+000,+9.536e-001,+0.000e+000,+1.424e-001,+0.000e+000,+5.130e-001,+0.000e+000,+0.000e+000,+0.000e+000 },
  {-7.783e+000,+0.000e+000,+0.000e+000,+0.000e+000,+8.884e-001,+0.000e+000,+8.856e-002,+7.594e-001,+0.000e+000,+0.000e+000,+1.205e+000,+5.543e-001,+9.536e-001,+2.637e+000,+5.695e-001,+6.061e-001,+4.895e-001,+3.616e-001,+0.000e+000,+4.895e-001,+0.000e+000 },
  {-3.625e+000,+0.000e+000,+3.665e-001,+0.000e+000,+0.000e+000,+0.000e+000,+0.000e+000,+0.000e+000,+5.212e-001,+0.000e+000,+1.808e-001,+7.368e-001,+0.000e+000,+5.695e-001,+1.000e+000,+2.347e-001,+0.000e+000,+7.617e-001,+2.541e-001,+0.000e+000,+0.000e+000 },
  {-5.531e+000,+1.760e-001,+0.000e+000,+9.840e-001,+1.489e-001,+0.000e+000,+0.000e+000,+0.000e+000,+9.673e-001,+0.000e+000,+0.000e+000,+0.000e+000,+1.424e-001,+6.061e-001,+2.347e-001,+1.729e+000,+9.537e-001,+0.000e+000,+0.000e+000,+9.537e-001,+0.000e+000 },
  {-4.165e+000,+0.000e+000,+5.668e-003,+8.109e-001,+0.000e+000,+0.000e+000,+0.000e+000,+0.000e+000,+7.576e-001,+0.000e+000,+1.474e-001,+0.000e+000,+0.000e+000,+4.895e-001,+0.000e+000,+9.537e-001,+1.000e+000,-3.928e-007,+0.000e+000,+1.000e+000,+0.000e+000 },
  {-5.917e+000,+2.498e-001,+8.292e-001,+2.311e-001,+5.067e-001,+0.000e+000,+0.000e+000,+0.000e+000,+8.763e-001,+3.626e-001,+0.000e+000,+8.512e-001,+5.130e-001,+3.616e-001,+7.617e-001,+0.000e+000,-3.928e-007,+1.748e+000,+0.000e+000,+0.000e+000,+0.000e+000 },
  {-4.432e+000,+0.000e+000,+1.266e+000,+3.376e-001,+0.000e+000,+9.349e-001,+0.000e+000,+3.369e-001,+0.000e+000,+0.000e+000,+0.000e+000,+0.000e+000,+0.000e+000,+0.000e+000,+2.541e-001,+0.000e+000,+0.000e+000,+0.000e+000,+1.893e+000,-1.372e-007,+8.557e-001 },
  {-4.165e+000,+0.000e+000,+5.668e-003,+8.109e-001,-5.319e-008,-3.425e-007,+0.000e+000,+0.000e+000,+7.576e-001,+0.000e+000,+1.474e-001,+0.000e+000,+0.000e+000,+4.895e-001,+0.000e+000,+9.537e-001,+1.000e+000,+0.000e+000,-1.372e-007,+1.000e+000,+0.000e+000 },
  {-3.266e+000,+0.000e+000,+8.514e-001,+2.940e-001,+1.072e-001,+8.792e-001,+0.000e+000,+0.000e+000,+2.786e-001,+0.000e+000,+0.000e+000,+0.000e+000,+0.000e+000,+0.000e+000,+0.000e+000,+0.000e+000,+0.000e+000,+0.000e+000,+8.557e-001,+0.000e+000,+1.000e+000 }   }
}
yMat = 
{
{ {+1.000e+000,+1.600e-006,+1.000e+000,+1.000e+000,+1.000e+000,+1.000e+000,+1.000e+000,+9.621e-007,+1.000e+000,+1.321e-006,+1.000e+000,+1.000e+000,+1.000e+000,+1.000e+000,+1.177e-006,+1.000e+000,+5.101e-001,+1.000e+000,+1.000e+000,+4.899e-001,+1.144e-006 },
  {+1.600e-006,+1.600e-006,+1.486e-006,+1.409e-006,+1.287e-006,+1.144e-006,+8.477e-007,+6.643e-007,+1.445e-006,+1.148e-006,+1.447e-006,+1.335e-006,+1.499e-006,+1.542e-006,+9.094e-007,+1.161e-006,+2.191e-007,+1.176e-006,+1.291e-006,+2.139e-006,+9.189e-007 },
  {+1.000e+000,+1.486e-006,+1.000e+000,+1.000e+000,+1.000e+000,+1.000e+000,+1.000e+000,+8.481e-007,+1.000e+000,+1.207e-006,+1.000e+000,+1.000e+000,+1.000e+000,+1.000e+000,+1.063e-006,+1.000e+000,+5.101e-001,+1.000e+000,+1.000e+000,+4.899e-001,+1.030e-006 },
  {+1.000e+000,+1.409e-006,+1.000e+000,+1.000e+000,+1.000e+000,+1.000e+000,+1.000e+000,+8.290e-007,+1.000e+000,+1.210e-006,+1.000e+000,+1.000e+000,+1.000e+000,+1.000e+000,+1.118e-006,+1.000e+000,+5.101e-001,+1.000e+000,+1.000e+000,+4.899e-001,+9.532e-007 },
  {+1.000e+000,+1.287e-006,+1.000e+000,+1.000e+000,+1.000e+000,+1.000e+000,+1.000e+000,+6.486e-007,+1.000e+000,+1.008e-006,+1.000e+000,+1.000e+000,+1.000e+000,+1.000e+000,+1.082e-006,+1.000e+000,+5.101e-001,+1.000e+000,+1.000e+000,+4.899e-001,+8.306e-007 },
  {+1.000e+000,+1.144e-006,+1.000e+000,+1.000e+000,+1.000e+000,+1.000e+000,+1.000e+000,+8.380e-007,+1.000e+000,+8.651e-007,+1.000e+000,+1.000e+000,+1.000e+000,+1.000e+000,+1.043e-006,+1.000e+000,+5.101e-001,+1.000e+000,+1.000e+000,+4.899e-001,+6.882e-007 },
  {+1.000e+000,+8.477e-007,+1.000e+000,+1.000e+000,+1.000e+000,+1.000e+000,+1.000e+000,+7.287e-007,+1.000e+000,+5.685e-007,+1.000e+000,+1.000e+000,+1.000e+000,+1.000e+000,+8.113e-007,+1.000e+000,+5.101e-001,+1.000e+000,+1.000e+000,+4.899e-001,+6.627e-007 },
  {+9.621e-007,+6.643e-007,+8.481e-007,+8.290e-007,+6.486e-007,+8.380e-007,+7.287e-007,+9.621e-007,+8.067e-007,+6.360e-007,+8.091e-007,+8.897e-007,+8.613e-007,+7.746e-007,+5.278e-007,+8.412e-007,+5.056e-008,+8.638e-007,+5.918e-007,+1.379e-006,+6.549e-007 },
  {+1.000e+000,+1.445e-006,+1.000e+000,+1.000e+000,+1.000e+000,+1.000e+000,+1.000e+000,+8.067e-007,+1.000e+000,+1.166e-006,+1.000e+000,+1.000e+000,+1.000e+000,+1.000e+000,+1.021e-006,+1.000e+000,+5.101e-001,+1.000e+000,+1.000e+000,+4.899e-001,+9.887e-007 },
  {+1.321e-006,+1.148e-006,+1.207e-006,+1.210e-006,+1.008e-006,+8.651e-007,+5.685e-007,+6.360e-007,+1.166e-006,+1.321e-006,+1.168e-006,+1.277e-006,+1.220e-006,+1.277e-006,+6.837e-007,+1.020e-006,+1.005e-007,+8.970e-007,+1.061e-006,+1.771e-006,+8.498e-007 },
  {+1.000e+000,+1.447e-006,+1.000e+000,+1.000e+000,+1.000e+000,+1.000e+000,+1.000e+000,+8.091e-007,+1.000e+000,+1.168e-006,+1.000e+000,+1.000e+000,+1.000e+000,+1.000e+000,+1.024e-006,+1.000e+000,+5.101e-001,+1.000e+000,+1.000e+000,+4.899e-001,+1.042e-006 },
  {+1.000e+000,+1.335e-006,+1.000e+000,+1.000e+000,+1.000e+000,+1.000e+000,+1.000e+000,+8.897e-007,+1.000e+000,+1.277e-006,+1.000e+000,+1.000e+000,+1.000e+000,+1.000e+000,+9.114e-007,+1.000e+000,+5.101e-001,+1.000e+000,+1.000e+000,+4.899e-001,+1.052e-006 },
  {+1.000e+000,+1.499e-006,+1.000e+000,+1.000e+000,+1.000e+000,+1.000e+000,+1.000e+000,+8.613e-007,+1.000e+000,+1.220e-006,+1.000e+000,+1.000e+000,+1.000e+000,+1.000e+000,+1.150e-006,+1.000e+000,+5.101e-001,+1.000e+000,+1.000e+000,+4.899e-001,+1.099e-006 },
  {+1.000e+000,+1.542e-006,+1.000e+000,+1.000e+000,+1.000e+000,+1.000e+000,+1.000e+000,+7.746e-007,+1.000e+000,+1.277e-006,+1.000e+000,+1.000e+000,+1.000e+000,+1.000e+000,+9.891e-007,+1.000e+000,+5.101e-001,+1.000e+000,+1.000e+000,+4.899e-001,+1.014e-006 },
  {+1.177e-006,+9.094e-007,+1.063e-006,+1.118e-006,+1.082e-006,+1.043e-006,+8.113e-007,+5.278e-007,+1.021e-006,+6.837e-007,+1.024e-006,+9.114e-007,+1.150e-006,+9.891e-007,+1.177e-006,+7.376e-007,+3.413e-007,+7.525e-007,+8.063e-007,+1.548e-006,+6.146e-007 },
  {+1.000e+000,+1.161e-006,+1.000e+000,+1.000e+000,+1.000e+000,+1.000e+000,+1.000e+000,+8.412e-007,+1.000e+000,+1.020e-006,+1.000e+000,+1.000e+000,+1.000e+000,+1.000e+000,+7.376e-007,+1.000e+000,+5.101e-001,+1.000e+000,+1.000e+000,+4.899e-001,+9.465e-007 },
  {+5.101e-001,+2.191e-007,+5.101e-001,+5.101e-001,+5.101e-001,+5.101e-001,+5.101e-001,+5.056e-008,+5.101e-001,+1.005e-007,+5.101e-001,+5.101e-001,+5.101e-001,+5.101e-001,+3.413e-007,+5.101e-001,+5.101e-001,+5.101e-001,+5.101e-001,+9.959e-007,+5.379e-007 },
  {+1.000e+000,+1.176e-006,+1.000e+000,+1.000e+000,+1.000e+000,+1.000e+000,+1.000e+000,+8.638e-007,+1.000e+000,+8.970e-007,+1.000e+000,+1.000e+000,+1.000e+000,+1.000e+000,+7.525e-007,+1.000e+000,+5.101e-001,+1.000e+000,+1.000e+000,+4.899e-001,+9.168e-007 },
  {+1.000e+000,+1.291e-006,+1.000e+000,+1.000e+000,+1.000e+000,+1.000e+000,+1.000e+000,+5.918e-007,+1.000e+000,+1.061e-006,+1.000e+000,+1.000e+000,+1.000e+000,+1.000e+000,+8.063e-007,+1.000e+000,+5.101e-001,+1.000e+000,+1.000e+000,+4.899e-001,+7.738e-007 },
  {+4.899e-001,+2.139e-006,+4.899e-001,+4.899e-001,+4.899e-001,+4.899e-001,+4.899e-001,+1.379e-006,+4.899e-001,+1.771e-006,+4.899e-001,+4.899e-001,+4.899e-001,+4.899e-001,+1.548e-006,+4.899e-001,+9.959e-007,+4.899e-001,+4.899e-001,+4.899e-001,+1.160e-006 },
  {+1.144e-006,+9.189e-007,+1.030e-006,+9.532e-007,+8.306e-007,+6.882e-007,+6.627e-007,+6.549e-007,+9.887e-007,+8.498e-007,+1.042e-006,+1.052e-006,+1.099e-006,+1.014e-006,+6.146e-007,+9.465e-007,+5.379e-007,+9.168e-007,+7.738e-007,+1.160e-006,+1.144e-006 }   }
}
    main loop time = 0.096304
        total time = 0.097263
  file  check time = 0.000000
  file change time = 0.000000
  file   read time = 0.000959
SDPA end at [Thu Jul 15 21:27:33 2021]
ALL TIME = 0.099308
