Answer of test tests/vertexcover2-2/vertexcover209.dat-s
[General Setting]
Primal solution:
[[ 9.99999983e-01  9.99999958e-01  7.22615159e-07  4.80684973e-07
   9.99999763e-01  9.99999578e-01  5.66534661e-08  4.68075208e-07
   3.62442086e-07  9.99999777e-01  9.99999605e-01  9.99999573e-01
   9.99998843e-01  4.36460652e-07  1.00000000e+00  9.99999492e-01
   9.99999645e-01  8.75578177e-08  1.89835797e-07  9.99999729e-01
   9.99999461e-01]
 [ 9.99999958e-01  9.99999965e-01  6.80476847e-07  4.49607836e-07
   9.99999898e-01  9.99999553e-01  2.56786616e-08  4.37063821e-07
   4.16490230e-07  9.99999677e-01  9.99999532e-01  9.99999593e-01
   9.99998994e-01  4.72488355e-07  9.99999990e-01  9.99999467e-01
   9.99999814e-01  5.65322519e-08  2.72351419e-07  9.99999867e-01
   9.99999724e-01]
 [ 7.22615159e-07  6.80476847e-07  7.22615167e-07  5.50080425e-07
   6.52196479e-07  2.62447385e-07  9.01448365e-08  4.94764971e-07
   5.94297500e-07  5.06788373e-07  1.18281492e-07  3.03050074e-07
  -4.25651053e-07  6.09246192e-07  8.11334227e-07  2.24771168e-07
   3.73508932e-07  1.86120051e-07  5.27576623e-07  4.61546351e-07
   1.85373102e-07]
 [ 4.80684973e-07  4.49607836e-07  5.50080425e-07  4.80684980e-07
   3.07126691e-07  6.61378992e-08  1.62559306e-07  4.43120179e-07
   2.92650017e-07 -4.38018721e-09  9.12382908e-08  1.96466165e-07
  -6.67580235e-07  5.23795415e-07  4.91962366e-07 -1.90197339e-07
   1.31604956e-07  5.57690841e-08  3.17957971e-07  1.18284789e-07
  -1.57970777e-07]
 [ 9.99999763e-01  9.99999898e-01  6.52196479e-07  3.07126691e-07
   9.99999772e-01  9.99999357e-01 -3.61922103e-07  2.38589444e-07
   4.52017074e-07  1.00000055e+00  9.99999384e-01  9.99999352e-01
   9.99998274e-01 -4.08324255e-08  9.99999731e-01  9.99999272e-01
   9.99999425e-01 -1.41939729e-07 -1.68013583e-07  9.99999509e-01
   9.99999241e-01]
 [ 9.99999578e-01  9.99999553e-01  2.62447385e-07  6.61378992e-08
   9.99999357e-01  9.99999587e-01 -6.24408452e-08  5.35064499e-08
  -5.21122290e-08  1.00000015e+00  9.99999681e-01  9.99999437e-01
   9.99999304e-01 -1.98833360e-07  9.99999597e-01  9.99999552e-01
   9.99999239e-01  6.67298604e-08 -3.03415081e-07  9.99999324e-01
   9.99999055e-01]
 [ 5.66534661e-08  2.56786616e-08  9.01448365e-08  1.62559306e-07
  -3.61922103e-07 -6.24408452e-08  5.66534664e-08  5.04336454e-08
  -1.10375302e-07  1.65095036e-07  1.38024088e-07  5.51588814e-08
  -1.95428774e-07 -3.89778823e-08 -1.17773062e-08 -6.80481923e-08
  -2.78028583e-07  8.24975395e-08 -1.17390098e-07 -2.84095365e-07
  -4.68560351e-07]
 [ 4.68075208e-07  4.37063821e-07  4.94764971e-07  4.43120179e-07
   2.38589444e-07  5.35064499e-08  5.04336454e-08  4.68075216e-07
   4.07159418e-07  2.52245517e-07  7.86414315e-08  4.85024774e-08
  -8.48543341e-07  4.05902989e-07  4.15209082e-07  1.94115874e-07
   1.18996227e-07 -2.17830641e-09  2.13563819e-07  2.06994456e-07
  -6.34729957e-08]
 [ 3.62442086e-07  4.16490230e-07  5.94297500e-07  2.92650017e-07
   4.52017074e-07 -5.21122290e-08 -1.10375302e-07  4.07159418e-07
   3.62442092e-07  2.97553272e-07 -2.70103289e-08 -1.13362825e-08
  -7.85817861e-07  3.74719786e-07  3.73750918e-07 -1.35380184e-07
   2.00443245e-07 -7.48407968e-09  2.73972994e-07  3.36380135e-07
   1.50921080e-07]
 [ 9.99999777e-01  9.99999677e-01  5.06788373e-07 -4.38018721e-09
   1.00000055e+00  1.00000015e+00  1.65095036e-07  2.52245517e-07
   2.97553272e-07  9.99999787e-01  9.99999398e-01  9.99999287e-01
   9.99998637e-01  2.20662347e-07  1.00000005e+00  9.99999286e-01
   9.99999438e-01 -1.28270817e-07 -2.60063215e-08  9.99999510e-01
   9.99999210e-01]
 [ 9.99999605e-01  9.99999532e-01  1.18281492e-07  9.12382908e-08
   9.99999384e-01  9.99999681e-01  1.38024088e-07  7.86414315e-08
  -2.70103289e-08  9.99999398e-01  9.99999616e-01  9.99999486e-01
   9.99999273e-01  4.69726214e-08  9.99999625e-01  9.99999572e-01
   9.99999376e-01 -2.39993606e-08 -1.99597890e-07  9.99999351e-01
   9.99999202e-01]
 [ 9.99999573e-01  9.99999593e-01  3.03050074e-07  1.96466165e-07
   9.99999352e-01  9.99999437e-01  5.51588814e-08  4.85024774e-08
  -1.13362825e-08  9.99999287e-01  9.99999486e-01  9.99999582e-01
   9.99999317e-01  1.69335218e-07  9.99999592e-01  9.99999082e-01
   9.99999446e-01  4.91809724e-08 -8.84690449e-09  9.99999319e-01
   9.99999357e-01]
 [ 9.99998843e-01  9.99998994e-01 -4.25651053e-07 -6.67580235e-07
   9.99998274e-01  9.99999304e-01 -1.95428774e-07 -8.48543341e-07
  -7.85817861e-07  9.99998637e-01  9.99999273e-01  9.99999317e-01
   9.99998852e-01 -7.11798965e-07  9.99998863e-01  9.99998352e-01
   9.99998505e-01 -3.07451073e-07 -9.67663500e-07  9.99997815e-01
   9.99998321e-01]
 [ 4.36460652e-07  4.72488355e-07  6.09246192e-07  5.23795415e-07
  -4.08324255e-08 -1.98833360e-07 -3.89778823e-08  4.05902989e-07
   3.74719786e-07  2.20662347e-07  4.69726214e-08  1.69335218e-07
  -7.11798965e-07  4.36460660e-07  3.71863432e-07 -6.13444802e-08
   8.73750132e-08  1.16217874e-07  3.13974205e-07  1.75332455e-07
  -6.84326619e-08]
 [ 1.00000000e+00  9.99999990e-01  8.11334227e-07  4.91962366e-07
   9.99999731e-01  9.99999597e-01 -1.17773062e-08  4.15209082e-07
   3.73750918e-07  1.00000005e+00  9.99999625e-01  9.99999592e-01
   9.99998863e-01  3.71863432e-07  1.00000001e+00  9.99999512e-01
   9.99999545e-01  1.79123111e-07  2.01186850e-07  9.99999749e-01
   9.99999481e-01]
 [ 9.99999492e-01  9.99999467e-01  2.24771168e-07 -1.90197339e-07
   9.99999272e-01  9.99999552e-01 -6.80481923e-08  1.94115874e-07
  -1.35380184e-07  9.99999286e-01  9.99999572e-01  9.99999082e-01
   9.99998352e-01 -6.13444802e-08  9.99999512e-01  9.99999499e-01
   9.99999154e-01 -2.31018972e-07 -4.76717403e-07  9.99999239e-01
   9.99998970e-01]
 [ 9.99999645e-01  9.99999814e-01  3.73508932e-07  1.31604956e-07
   9.99999425e-01  9.99999239e-01 -2.78028583e-07  1.18996227e-07
   2.00443245e-07  9.99999438e-01  9.99999376e-01  9.99999446e-01
   9.99998505e-01  8.73750132e-08  9.99999545e-01  9.99999154e-01
   9.99999655e-01 -2.61560889e-07 -1.59280334e-07  9.99999391e-01
   9.99999650e-01]
 [ 8.75578177e-08  5.65322519e-08  1.86120051e-07  5.57690841e-08
  -1.41939729e-07  6.67298604e-08  8.24975395e-08 -2.17830641e-09
  -7.48407968e-09 -1.28270817e-07 -2.39993606e-08  4.91809724e-08
  -3.07451073e-07  1.16217874e-07  1.79123111e-07 -2.31018972e-07
  -2.61560889e-07  8.75578189e-08  3.64888469e-08 -3.33257206e-07
  -4.43941176e-07]
 [ 1.89835797e-07  2.72351419e-07  5.27576623e-07  3.17957971e-07
  -1.68013583e-07 -3.03415081e-07 -1.17390098e-07  2.13563819e-07
   2.73972994e-07 -2.60063215e-08 -1.99597890e-07 -8.84690449e-09
  -9.67663500e-07  3.13974205e-07  2.01186850e-07 -4.76717403e-07
  -1.59280334e-07  3.64888469e-08  1.89835804e-07 -2.32417711e-07
  -3.41661144e-07]
 [ 9.99999729e-01  9.99999867e-01  4.61546351e-07  1.18284789e-07
   9.99999509e-01  9.99999324e-01 -2.84095365e-07  2.06994456e-07
   3.36380135e-07  9.99999510e-01  9.99999351e-01  9.99999319e-01
   9.99997815e-01  1.75332455e-07  9.99999749e-01  9.99999239e-01
   9.99999391e-01 -3.33257206e-07 -2.32417711e-07  9.99999737e-01
   9.99999207e-01]
 [ 9.99999461e-01  9.99999724e-01  1.85373102e-07 -1.57970777e-07
   9.99999241e-01  9.99999055e-01 -4.68560351e-07 -6.34729957e-08
   1.50921080e-07  9.99999210e-01  9.99999202e-01  9.99999357e-01
   9.99998321e-01 -6.84326619e-08  9.99999481e-01  9.99998970e-01
   9.99999650e-01 -4.43941176e-07 -3.41661144e-07  9.99999207e-01
   9.99999470e-01]]
Dual solution:
0
Tr(CX) = 12.999998319822872
Primal and dual gap: 0
Number of iterations: 19999
Max error in symmetry of Q: 0
Maximum h bound: 0.01
Method name is: Physarum SDC modified (v.2)
Restart factor: 1000
Infeasibility: 1.9049941035377572e-06
Time spent (seconds): 1155.7692472934723
