SDPA start at [Thu Jul 15 21:27:33 2021]
param  is ./param.sdpa 
data   is G:\Research\PhysarumSDPSolver\SDPA\testSet\vertexcover2\vertexcover204.dat-s  : sparse
"Vertexcover tests with graphs with 20 vertices and 1-190 edges"
out    is G:\Research\PhysarumSDPSolver\SDPA\testSet\vertexcover2\vertexcover204.dat-s.res
NumThreads  is set as 1
Schur computation : DENSE 
   mu      thetaP  thetaD  objP      objD      alphaP  alphaD  beta 
 0 1.0e+004 1.0e+000 1.0e+000 -0.00e+000 -2.10e+003 1.0e+000 8.8e-001 2.00e-001
 1 1.7e+003 0.0e+000 1.2e-001 +1.44e+003 -2.74e+002 8.2e-001 8.2e-001 2.00e-001
 2 4.5e+002 2.7e-016 2.1e-002 +1.74e+003 -5.82e+001 1.2e+000 7.0e-001 2.00e-001
 3 1.9e+002 3.6e-016 6.5e-003 +1.23e+003 -2.67e+001 7.3e-001 6.0e-001 2.00e-001
 4 9.2e+001 4.3e-016 2.6e-003 +8.12e+002 -1.97e+001 5.3e-001 5.5e-001 2.00e-001
 5 5.0e+001 4.3e-016 1.2e-003 +5.15e+002 -1.78e+001 4.2e-001 6.3e-001 2.00e-001
 6 2.6e+001 2.9e-016 4.3e-004 +3.32e+002 -1.74e+001 3.8e-001 8.4e-001 2.00e-001
 7 1.3e+001 5.7e-016 6.7e-005 +2.14e+002 -1.75e+001 6.2e-001 1.0e+000 2.00e-001
 8 5.6e+000 5.7e-016 9.2e-016 +9.94e+001 -1.78e+001 9.6e-001 2.7e+001 1.00e-001
 9 7.4e-001 4.3e-016 1.9e-013 -1.98e+000 -1.76e+001 9.1e-001 2.1e+000 1.00e-001
10 1.2e-001 5.4e-016 2.1e-013 -1.46e+001 -1.72e+001 8.1e-001 9.8e-001 1.00e-001
11 3.0e-002 5.4e-016 5.7e-015 -1.62e+001 -1.69e+001 8.7e-001 8.5e-001 1.00e-001
12 6.7e-003 5.5e-016 3.0e-015 -1.66e+001 -1.67e+001 8.9e-001 9.1e-001 1.00e-001
13 1.3e-003 5.5e-016 2.9e-015 -1.66e+001 -1.67e+001 9.1e-001 9.4e-001 1.00e-001
14 2.2e-004 5.5e-016 6.0e-015 -1.66e+001 -1.66e+001 9.4e-001 9.8e-001 1.00e-001
15 3.0e-005 5.5e-016 1.4e-014 -1.66e+001 -1.66e+001 9.7e-001 9.6e-001 1.00e-001
16 3.9e-006 5.6e-016 1.5e-014 -1.66e+001 -1.66e+001 9.8e-001 1.0e+000 1.00e-001
17 4.4e-007 5.6e-016 1.8e-014 -1.66e+001 -1.66e+001 9.9e-001 1.0e+000 1.00e-001
18 4.5e-008 5.7e-016 2.1e-013 -1.66e+001 -1.66e+001 9.9e-001 1.0e+000 1.00e-001

phase.value  = pdOPT     
   Iteration = 18
          mu = +4.5491446038730439e-008
relative gap = +5.7400730971777474e-008
        gap  = +9.5530803534416009e-007
     digits  = +7.2410825770273215e+000
objValPrimal = -1.6642784712901509e+001
objValDual   = -1.6642785668209545e+001
p.feas.error = +5.5955240441107890e-014
d.feas.error = +4.2544190392845849e-011
total time   = 0.100056
** Paramters **
maxIteration = 100
epsilonStar  = +9.9999999999999995e-008
lambdaStar   = +1.0000000000000000e+002
omegaStar    = +2.0000000000000000e+000
lowerBound   = -1.0000000000000000e+005
upperBound   = +1.0000000000000000e+005
betaStar     = +1.0000000000000001e-001
betaBar      = +2.0000000000000001e-001
gammaStar    = +9.0000000000000002e-001
epsilonDash  = +9.9999999999999995e-008
xPrint       = %+8.3e 
XPrint       = %+8.3e 
YPrint       = %+8.3e 
infPrint     = %+10.16e 

                         Time(sec)  Ratio(% : MainLoop) 
 Predictor time  =       0.045177,  45.619049
 Corrector time  =       0.012960,  13.086811
 Make bMat time  =       0.010971,  11.078349
 Make bDia time  =       0.000000,  0.000000
 Make bF1  time  =       0.000000,  0.000000
 Make bF2  time  =       0.000000,  0.000000
 Make bF3  time  =       0.007979,  8.057073
 Make bPRE time  =       0.000000,  0.000000
 Make rMat time  =       0.001995,  2.014521
 Make gVec Mul   =       0.000000,  0.000000
 Make gVec time  =       0.000997,  1.006755
 Cholesky bMat   =       0.021236,  21.443790
 Ste Pre time    =       0.000000,  0.000000
 Ste Cor time    =       0.034910,  35.251588
 solve           =       0.001995,  2.014521
 sumDz           =       0.000999,  1.008775
 makedX          =       0.001996,  2.015530
 symmetriseDx    =       0.017948,  18.123618
 makedXdZ        =       0.020943,  21.147923
 xMatTime        =       0.001996,  2.015530
 zMatTime        =       0.000997,  1.006755
 invzMatTime     =       0.000000,  0.000000
 xMatzMatTime    =       0.000000,  0.000000
 EigxMatTime     =       0.017948,  18.123618
 EigzMatTime     =       0.016962,  17.127970
 EigxMatzMatTime =       0.000000,  0.000000
 updateRes       =       0.001994,  2.013511
 EigTime         =       0.034910,  35.251588
 sub_total_bMat  =       0.088060,  88.921651
 Main Loop       =       0.099031,  100.000000
 File Check      =       0.000000,  0.000000
 File Change     =       0.000000,  0.000000
 File Read       =       0.001025,  1.035029
 Total           =       0.100056,  101.035029

xVec = 
{+5.886e+001,-2.268e-007,-4.685e-007,+8.531e-008,+5.779e-007,+1.409e-001,-3.802e-006,+3.445e-007,+7.344e-007,+8.245e-007,+9.881e-008,-1.803e-006,+5.728e-007,+1.691e-006,+3.927e-007,+5.926e-007,+2.668e-006,-2.003e-006,+1.714e-007,-9.503e-007,-1.053e-006,+3.038e-001,-5.211e-001,-6.776e-001,-3.172e-001,-4.734e-001,-6.680e-001,-6.075e-001,-3.566e-001,-2.973e-001,-6.624e-001,-5.011e-001,-6.293e-001,-2.007e-001,-7.133e-001,-7.202e-001,-2.657e-001,-2.917e-001,-7.124e-003,-5.665e-001,-8.442e-001,-5.335e-001,-4.814e-001,-6.163e-001,-1.998e-001,-5.372e-001,-7.478e-001,-7.946e-001,-3.996e-001,-2.821e-001,-5.279e-001,-1.101e-001,-3.198e-001,-2.582e-001,-1.888e-001,-5.558e-001,-5.176e-001,-6.237e-001,+6.075e-002,-2.264e-001,-4.577e-001,-5.644e-003,+2.768e-001,-5.927e-001,-5.570e-001,+1.788e-001,-2.415e-001,-4.600e-001,-2.952e-001,-5.808e-001,-6.338e-002,-1.039e-001,+2.290e-001,-4.380e-001,-3.632e-001,-5.081e-001,-5.855e-001,+1.535e-001,+8.514e-003,-3.465e-001,-4.190e-001,+1.326e-001,-6.664e-001,+1.936e-001,-1.795e-001,+5.915e-002,-1.456e-001,-3.049e-001,-7.542e-001,+2.498e-001,-7.110e-001,+3.015e-001,-4.883e-001,-3.521e-002,-5.727e-001,-8.910e-001,-5.222e-001,-5.809e-001,-6.311e-001,+1.990e-001,-7.730e-001,+1.281e-001,-5.396e-001,-5.508e-001,-1.548e-001,-5.234e-001,-3.283e-001,-1.391e-001,-4.089e-001,-6.161e-001,-5.759e-001,-3.811e-001,-2.421e-001,-6.562e-001,+3.207e-001,-3.888e-001,-1.375e-001,-6.427e-001,-4.861e-001,-4.337e-001,-7.060e-001,-3.139e-001,-8.486e-001,+1.859e-002,-7.813e-001,-1.958e-001}
xMat = 
{
{ {+5.986e+001,-4.277e+000,-2.726e+000,-4.078e+000,-4.150e+000,-4.587e+000,-3.621e+000,-2.902e+000,-3.491e+000,-2.819e+000,-4.255e+000,-3.473e+000,-3.694e+000,-4.329e+000,-3.106e+000,-3.638e+000,-4.539e+000,-4.395e+000,-3.288e+000,-4.022e+000,-4.255e+000 },
  {-4.277e+000,+1.000e+000,-3.038e-001,+0.000e+000,+5.211e-001,+6.776e-001,+3.172e-001,+0.000e+000,+4.734e-001,+0.000e+000,+0.000e+000,+6.680e-001,+6.075e-001,+0.000e+000,+0.000e+000,+3.566e-001,+2.973e-001,+0.000e+000,+0.000e+000,+6.624e-001,+0.000e+000 },
  {-2.726e+000,-3.038e-001,+1.000e+000,+0.000e+000,+0.000e+000,+0.000e+000,+0.000e+000,+5.011e-001,+0.000e+000,+6.293e-001,+0.000e+000,+0.000e+000,+0.000e+000,+2.007e-001,+7.133e-001,+0.000e+000,+0.000e+000,+0.000e+000,+7.202e-001,+0.000e+000,+2.657e-001 },
  {-4.078e+000,+0.000e+000,+0.000e+000,+1.000e+000,+0.000e+000,+0.000e+000,+0.000e+000,+0.000e+000,+2.917e-001,+7.124e-003,+5.665e-001,+0.000e+000,+0.000e+000,+8.442e-001,+0.000e+000,+5.335e-001,+4.814e-001,+6.163e-001,+1.998e-001,+0.000e+000,+5.372e-001 },
  {-4.150e+000,+5.211e-001,+0.000e+000,+0.000e+000,+1.000e+000,+7.478e-001,+7.946e-001,+0.000e+000,+3.996e-001,+2.821e-001,+5.279e-001,+0.000e+000,+0.000e+000,+0.000e+000,+0.000e+000,+0.000e+000,+1.101e-001,+3.198e-001,+2.582e-001,+1.888e-001,+0.000e+000 },
  {-4.587e+000,+6.776e-001,+0.000e+000,+0.000e+000,+7.478e-001,+1.282e+000,+5.558e-001,+5.176e-001,+6.237e-001,-6.075e-002,+2.264e-001,+4.577e-001,+0.000e+000,+5.644e-003,-2.768e-001,+5.927e-001,+0.000e+000,+0.000e+000,+0.000e+000,+5.570e-001,-1.788e-001 },
  {-3.621e+000,+3.172e-001,+0.000e+000,+0.000e+000,+7.946e-001,+5.558e-001,+1.000e+000,+2.415e-001,+4.600e-001,+2.952e-001,+5.808e-001,+6.338e-002,+1.039e-001,-2.290e-001,+0.000e+000,+0.000e+000,+0.000e+000,+4.380e-001,+0.000e+000,+0.000e+000,+0.000e+000 },
  {-2.902e+000,+0.000e+000,+5.011e-001,+0.000e+000,+0.000e+000,+5.176e-001,+2.415e-001,+1.000e+000,+3.632e-001,+0.000e+000,+0.000e+000,+5.081e-001,+0.000e+000,+0.000e+000,+0.000e+000,+5.855e-001,-1.535e-001,-8.514e-003,+0.000e+000,+3.465e-001,+0.000e+000 },
  {-3.491e+000,+4.734e-001,+0.000e+000,+2.917e-001,+3.996e-001,+6.237e-001,+4.600e-001,+3.632e-001,+1.000e+000,+0.000e+000,+0.000e+000,+4.190e-001,+0.000e+000,+0.000e+000,-1.326e-001,+6.664e-001,-1.936e-001,+0.000e+000,+1.795e-001,+0.000e+000,-5.915e-002 },
  {-2.819e+000,+0.000e+000,+6.293e-001,+7.124e-003,+2.821e-001,-6.075e-002,+2.952e-001,+0.000e+000,+0.000e+000,+1.000e+000,+1.456e-001,+0.000e+000,+3.049e-001,+0.000e+000,+7.542e-001,-2.498e-001,+0.000e+000,+0.000e+000,+7.110e-001,+0.000e+000,+0.000e+000 },
  {-4.255e+000,+0.000e+000,+0.000e+000,+5.665e-001,+5.279e-001,+2.264e-001,+5.808e-001,+0.000e+000,+0.000e+000,+1.456e-001,+1.000e+000,-3.015e-001,+0.000e+000,+4.883e-001,+3.521e-002,+0.000e+000,+5.727e-001,+8.910e-001,+0.000e+000,+0.000e+000,+5.222e-001 },
  {-3.473e+000,+6.680e-001,+0.000e+000,+0.000e+000,+0.000e+000,+4.577e-001,+6.338e-002,+5.081e-001,+4.190e-001,+0.000e+000,-3.015e-001,+1.000e+000,+5.809e-001,+0.000e+000,+0.000e+000,+6.311e-001,+0.000e+000,-1.990e-001,+0.000e+000,+7.730e-001,-1.281e-001 },
  {-3.694e+000,+6.075e-001,+0.000e+000,+0.000e+000,+0.000e+000,+0.000e+000,+1.039e-001,+0.000e+000,+0.000e+000,+3.049e-001,+0.000e+000,+5.809e-001,+1.000e+000,+0.000e+000,+5.396e-001,+0.000e+000,+5.508e-001,+1.548e-001,+0.000e+000,+5.234e-001,+3.283e-001 },
  {-4.329e+000,+0.000e+000,+2.007e-001,+8.442e-001,+0.000e+000,+5.644e-003,-2.290e-001,+0.000e+000,+0.000e+000,+0.000e+000,+4.883e-001,+0.000e+000,+0.000e+000,+1.000e+000,+1.391e-001,+4.089e-001,+6.161e-001,+5.759e-001,+3.811e-001,+2.421e-001,+6.562e-001 },
  {-3.106e+000,+0.000e+000,+7.133e-001,+0.000e+000,+0.000e+000,-2.768e-001,+0.000e+000,+0.000e+000,-1.326e-001,+7.542e-001,+3.521e-002,+0.000e+000,+5.396e-001,+1.391e-001,+1.000e+000,-3.207e-001,+3.888e-001,+1.375e-001,+6.427e-001,+0.000e+000,+4.861e-001 },
  {-3.638e+000,+3.566e-001,+0.000e+000,+5.335e-001,+0.000e+000,+5.927e-001,+0.000e+000,+5.855e-001,+6.664e-001,-2.498e-001,+0.000e+000,+6.311e-001,+0.000e+000,+4.089e-001,-3.207e-001,+1.000e+000,+0.000e+000,+0.000e+000,+0.000e+000,+4.337e-001,+0.000e+000 },
  {-4.539e+000,+2.973e-001,+0.000e+000,+4.814e-001,+1.101e-001,+0.000e+000,+0.000e+000,-1.535e-001,-1.936e-001,+0.000e+000,+5.727e-001,+0.000e+000,+5.508e-001,+6.161e-001,+3.888e-001,+0.000e+000,+1.000e+000,+7.060e-001,+0.000e+000,+3.139e-001,+8.486e-001 },
  {-4.395e+000,+0.000e+000,+0.000e+000,+6.163e-001,+3.198e-001,+0.000e+000,+4.380e-001,-8.514e-003,+0.000e+000,+0.000e+000,+8.910e-001,-1.990e-001,+1.548e-001,+5.759e-001,+1.375e-001,+0.000e+000,+7.060e-001,+1.000e+000,+0.000e+000,-1.859e-002,+7.813e-001 },
  {-3.288e+000,+0.000e+000,+7.202e-001,+1.998e-001,+2.582e-001,+0.000e+000,+0.000e+000,+0.000e+000,+1.795e-001,+7.110e-001,+0.000e+000,+0.000e+000,+0.000e+000,+3.811e-001,+6.427e-001,+0.000e+000,+0.000e+000,+0.000e+000,+1.000e+000,+0.000e+000,+1.958e-001 },
  {-4.022e+000,+6.624e-001,+0.000e+000,+0.000e+000,+1.888e-001,+5.570e-001,+0.000e+000,+3.465e-001,+0.000e+000,+0.000e+000,+0.000e+000,+7.730e-001,+5.234e-001,+2.421e-001,+0.000e+000,+4.337e-001,+3.139e-001,-1.859e-002,+0.000e+000,+1.000e+000,+0.000e+000 },
  {-4.255e+000,+0.000e+000,+2.657e-001,+5.372e-001,+0.000e+000,-1.788e-001,+0.000e+000,+0.000e+000,-5.915e-002,+0.000e+000,+5.222e-001,-1.281e-001,+3.283e-001,+6.562e-001,+4.861e-001,+0.000e+000,+8.486e-001,+7.813e-001,+1.958e-001,+0.000e+000,+1.000e+000 }   }
}
yMat = 
{
{ {+1.000e+000,+8.226e-001,+5.670e-001,+4.582e-001,+4.481e-001,+1.000e+000,+9.129e-001,+5.082e-001,+8.671e-001,+9.393e-001,+7.311e-001,+9.106e-001,+4.293e-001,+9.321e-001,+7.059e-001,+7.478e-001,+9.594e-001,+9.664e-001,+8.459e-001,+8.979e-001,+9.929e-001 },
  {+8.226e-001,+8.226e-001,+3.896e-001,+3.807e-001,+2.707e-001,+8.226e-001,+7.355e-001,+5.085e-001,+6.898e-001,+8.138e-001,+6.346e-001,+7.332e-001,+2.519e-001,+7.504e-001,+6.173e-001,+5.705e-001,+7.820e-001,+8.231e-001,+7.332e-001,+7.205e-001,+8.174e-001 },
  {+5.670e-001,+3.896e-001,+5.670e-001,+1.995e-001,+2.705e-001,+5.670e-001,+5.021e-001,+7.524e-002,+5.478e-001,+5.063e-001,+4.698e-001,+5.707e-001,+3.277e-001,+4.991e-001,+2.730e-001,+4.965e-001,+5.464e-001,+5.687e-001,+4.129e-001,+5.199e-001,+5.600e-001 },
  {+4.582e-001,+3.807e-001,+1.995e-001,+4.582e-001,+3.674e-001,+4.582e-001,+3.937e-001,+3.418e-001,+3.253e-001,+3.975e-001,+1.893e-001,+4.749e-001,+1.162e-001,+3.903e-001,+4.582e-001,+2.060e-001,+4.176e-001,+4.246e-001,+3.041e-001,+4.128e-001,+4.511e-001 },
  {+4.481e-001,+2.707e-001,+2.705e-001,+3.674e-001,+4.481e-001,+4.481e-001,+3.610e-001,+2.732e-001,+3.153e-001,+3.874e-001,+1.792e-001,+4.601e-001,+2.730e-001,+4.268e-001,+3.334e-001,+2.908e-001,+4.075e-001,+4.145e-001,+2.940e-001,+3.460e-001,+4.427e-001 },
  {+1.000e+000,+8.226e-001,+5.670e-001,+4.582e-001,+4.481e-001,+1.000e+000,+9.129e-001,+5.082e-001,+8.671e-001,+9.393e-001,+7.311e-001,+9.106e-001,+4.293e-001,+9.321e-001,+7.059e-001,+7.478e-001,+9.594e-001,+9.664e-001,+8.459e-001,+8.979e-001,+9.929e-001 },
  {+9.129e-001,+7.355e-001,+5.021e-001,+3.937e-001,+3.610e-001,+9.129e-001,+9.129e-001,+4.211e-001,+7.800e-001,+8.521e-001,+6.440e-001,+8.234e-001,+3.421e-001,+8.449e-001,+6.852e-001,+7.387e-001,+9.074e-001,+8.793e-001,+7.822e-001,+8.530e-001,+9.082e-001 },
  {+5.082e-001,+5.085e-001,+7.524e-002,+3.418e-001,+2.732e-001,+5.082e-001,+4.211e-001,+5.082e-001,+3.754e-001,+5.067e-001,+3.023e-001,+4.188e-001,+1.828e-001,+5.043e-001,+4.362e-001,+2.561e-001,+4.676e-001,+4.746e-001,+4.794e-001,+4.061e-001,+5.034e-001 },
  {+8.671e-001,+6.898e-001,+5.478e-001,+3.253e-001,+3.153e-001,+8.671e-001,+7.800e-001,+3.754e-001,+8.671e-001,+8.256e-001,+7.098e-001,+7.777e-001,+3.815e-001,+8.347e-001,+5.731e-001,+6.150e-001,+8.266e-001,+8.349e-001,+7.130e-001,+8.448e-001,+8.601e-001 },
  {+9.393e-001,+8.138e-001,+5.063e-001,+3.975e-001,+3.874e-001,+9.393e-001,+8.521e-001,+5.067e-001,+8.256e-001,+9.393e-001,+6.704e-001,+8.470e-001,+3.686e-001,+9.046e-001,+6.452e-001,+6.871e-001,+9.136e-001,+9.308e-001,+7.851e-001,+8.329e-001,+9.396e-001 },
  {+7.311e-001,+6.346e-001,+4.698e-001,+1.893e-001,+1.792e-001,+7.311e-001,+6.440e-001,+3.023e-001,+7.098e-001,+6.704e-001,+7.311e-001,+6.417e-001,+3.582e-001,+6.632e-001,+4.370e-001,+5.896e-001,+6.905e-001,+6.975e-001,+7.022e-001,+6.710e-001,+7.241e-001 },
  {+9.106e-001,+7.332e-001,+5.707e-001,+4.749e-001,+4.601e-001,+9.106e-001,+8.234e-001,+4.188e-001,+7.777e-001,+8.470e-001,+6.417e-001,+9.106e-001,+3.398e-001,+8.250e-001,+6.699e-001,+6.584e-001,+8.873e-001,+8.770e-001,+7.058e-001,+8.084e-001,+9.035e-001 },
  {+4.293e-001,+2.519e-001,+3.277e-001,+1.162e-001,+2.730e-001,+4.293e-001,+3.421e-001,+1.828e-001,+3.815e-001,+3.686e-001,+3.582e-001,+3.398e-001,+4.293e-001,+4.320e-001,+1.352e-001,+3.966e-001,+3.887e-001,+3.957e-001,+4.172e-001,+3.272e-001,+4.222e-001 },
  {+9.321e-001,+7.504e-001,+4.991e-001,+3.903e-001,+4.268e-001,+9.321e-001,+8.449e-001,+5.043e-001,+8.347e-001,+9.046e-001,+6.632e-001,+8.250e-001,+4.320e-001,+9.321e-001,+6.380e-001,+6.799e-001,+8.915e-001,+8.985e-001,+7.779e-001,+8.300e-001,+9.250e-001 },
  {+7.059e-001,+6.173e-001,+2.730e-001,+4.582e-001,+3.334e-001,+7.059e-001,+6.852e-001,+4.362e-001,+5.731e-001,+6.452e-001,+4.370e-001,+6.699e-001,+1.352e-001,+6.380e-001,+7.059e-001,+4.538e-001,+6.653e-001,+6.724e-001,+5.518e-001,+6.870e-001,+6.989e-001 },
  {+7.478e-001,+5.705e-001,+4.965e-001,+2.060e-001,+2.908e-001,+7.478e-001,+7.387e-001,+2.561e-001,+6.150e-001,+6.871e-001,+5.896e-001,+6.584e-001,+3.966e-001,+6.799e-001,+4.538e-001,+7.478e-001,+7.407e-001,+7.411e-001,+6.894e-001,+6.457e-001,+7.468e-001 },
  {+9.594e-001,+7.820e-001,+5.464e-001,+4.176e-001,+4.075e-001,+9.594e-001,+9.074e-001,+4.676e-001,+8.266e-001,+9.136e-001,+6.905e-001,+8.873e-001,+3.887e-001,+8.915e-001,+6.653e-001,+7.407e-001,+9.594e-001,+9.258e-001,+8.209e-001,+8.573e-001,+9.524e-001 },
  {+9.664e-001,+8.231e-001,+5.687e-001,+4.246e-001,+4.145e-001,+9.664e-001,+8.793e-001,+4.746e-001,+8.349e-001,+9.308e-001,+6.975e-001,+8.770e-001,+3.957e-001,+8.985e-001,+6.724e-001,+7.411e-001,+9.258e-001,+9.664e-001,+8.023e-001,+8.643e-001,+9.594e-001 },
  {+8.459e-001,+7.332e-001,+4.129e-001,+3.041e-001,+2.940e-001,+8.459e-001,+7.822e-001,+4.794e-001,+7.130e-001,+7.851e-001,+7.022e-001,+7.058e-001,+4.172e-001,+7.779e-001,+5.518e-001,+6.894e-001,+8.209e-001,+8.023e-001,+8.459e-001,+7.298e-001,+8.388e-001 },
  {+8.979e-001,+7.205e-001,+5.199e-001,+4.128e-001,+3.460e-001,+8.979e-001,+8.530e-001,+4.061e-001,+8.448e-001,+8.329e-001,+6.710e-001,+8.084e-001,+3.272e-001,+8.300e-001,+6.870e-001,+6.457e-001,+8.573e-001,+8.643e-001,+7.298e-001,+8.979e-001,+8.930e-001 },
  {+9.929e-001,+8.174e-001,+5.600e-001,+4.511e-001,+4.427e-001,+9.929e-001,+9.082e-001,+5.034e-001,+8.601e-001,+9.396e-001,+7.241e-001,+9.035e-001,+4.222e-001,+9.250e-001,+6.989e-001,+7.468e-001,+9.524e-001,+9.594e-001,+8.388e-001,+8.930e-001,+9.929e-001 }   }
}
    main loop time = 0.099031
        total time = 0.100056
  file  check time = 0.000000
  file change time = 0.000000
  file   read time = 0.001025
SDPA end at [Thu Jul 15 21:27:33 2021]
ALL TIME = 0.102894
