Answer of test tests/vertexcover2-2/vertexcover2017.dat-s
[General Setting]
Primal solution:
[[9.99999996e-01 5.48599313e-01 9.99999802e-01 5.48517904e-01
  4.51538943e-01 9.99888844e-01 4.51586600e-01 4.51589218e-01
  2.57937264e-04 9.99836050e-01 9.99931190e-01 9.99999847e-01
  9.99978722e-01 9.99983434e-01 4.51638223e-01 9.99976560e-01
  9.99820802e-01 9.99878807e-01 9.99913837e-01 5.48624146e-01
  5.48614585e-01]
 [5.48599313e-01 5.48599313e-01 5.48598867e-01 5.48469835e-01
  1.73754113e-04 5.48519171e-01 1.85914981e-04 1.88532996e-04
  2.42404680e-04 5.48436767e-01 5.48540210e-01 5.48599162e-01
  5.48578038e-01 5.48597177e-01 2.40896973e-04 5.48575875e-01
  5.48420117e-01 5.48478123e-01 5.48512799e-01 5.48597436e-01
  5.48590772e-01]
 [9.99999802e-01 5.48598867e-01 9.99999804e-01 5.48517708e-01
  4.51538749e-01 9.99888650e-01 4.51587105e-01 4.51589025e-01
  2.58140940e-04 9.99835856e-01 9.99930997e-01 9.99999653e-01
  9.99978528e-01 9.99983171e-01 4.51638029e-01 9.99976366e-01
  9.99820608e-01 9.99878614e-01 9.99913643e-01 5.48623950e-01
  5.48614389e-01]
 [5.48517904e-01 5.48469835e-01 5.48517708e-01 5.48517904e-01
  5.68488175e-05 5.48406750e-01 1.04505959e-04 1.33892953e-04
  1.50966034e-04 5.48458762e-01 5.48449097e-01 5.48517753e-01
  5.48496629e-01 5.48501340e-01 1.56128521e-04 5.48494466e-01
  5.48453796e-01 5.48476526e-01 5.48486826e-01 5.48511157e-01
  5.48505305e-01]
 [4.51538943e-01 1.73754113e-04 4.51538749e-01 5.68488175e-05
  4.51538944e-01 4.51495093e-01 4.51495796e-01 4.51473335e-01
  1.57068021e-04 4.51420990e-01 4.51528390e-01 4.51538793e-01
  4.51517669e-01 4.51522380e-01 4.51532966e-01 4.51515506e-01
  4.51426685e-01 4.51417754e-01 4.51512788e-01 1.63090865e-04
  1.63584690e-04]
 [9.99888844e-01 5.48519171e-01 9.99888650e-01 5.48406750e-01
  4.51495093e-01 9.99888846e-01 4.51501317e-01 4.51478065e-01
  1.46782884e-04 9.99803675e-01 9.99845580e-01 9.99888694e-01
  9.99871267e-01 9.99883716e-01 4.51527070e-01 9.99865407e-01
  9.99774819e-01 9.99834392e-01 9.99802685e-01 5.48512992e-01
  5.48501076e-01]
 [4.51586600e-01 1.85914981e-04 4.51587105e-01 1.04505959e-04
  4.51495796e-01 4.51501317e-01 4.51586602e-01 4.51574547e-01
  1.96947989e-04 4.51422653e-01 4.51564082e-01 4.51586683e-01
  4.51579335e-01 4.51570037e-01 4.51582940e-01 4.51588484e-01
  4.51407405e-01 4.51488936e-01 4.51500441e-01 2.10748007e-04
  2.01186866e-04]
 [4.51589218e-01 1.88532996e-04 4.51589025e-01 1.33892953e-04
  4.51473335e-01 4.51478065e-01 4.51574547e-01 4.51589220e-01
  2.06961469e-04 4.51425271e-01 4.51547527e-01 4.51589068e-01
  4.51588058e-01 4.51572655e-01 4.51584696e-01 4.51596867e-01
  4.51410023e-01 4.51495621e-01 4.51503059e-01 2.13366022e-04
  2.20862928e-04]
 [2.57937264e-04 2.42404680e-04 2.58140940e-04 1.50966034e-04
  1.57068021e-04 1.46782884e-04 1.96947989e-04 2.06961469e-04
  2.57937266e-04 9.39889257e-05 1.89129770e-04 2.57944990e-04
  2.36661435e-04 2.41373076e-04 2.52789553e-04 2.34498981e-04
  7.87409071e-05 1.36746605e-04 1.71776450e-04 2.58039849e-04
  2.57821638e-04]
 [9.99836050e-01 5.48436767e-01 9.99835856e-01 5.48458762e-01
  4.51420990e-01 9.99803675e-01 4.51422653e-01 4.51425271e-01
  9.39889257e-05 9.99836052e-01 9.99767244e-01 9.99835900e-01
  9.99814776e-01 9.99819487e-01 4.51474276e-01 9.99800546e-01
  9.99819627e-01 9.99828135e-01 9.99802352e-01 5.48460198e-01
  5.48450637e-01]
 [9.99931190e-01 5.48540210e-01 9.99930997e-01 5.48449097e-01
  4.51528390e-01 9.99845580e-01 4.51564082e-01 4.51547527e-01
  1.89129770e-04 9.99767244e-01 9.99931193e-01 9.99931041e-01
  9.99909917e-01 9.99914628e-01 4.51569417e-01 9.99924706e-01
  9.99770667e-01 9.99810002e-01 9.99882559e-01 5.48555339e-01
  5.48545778e-01]
 [9.99999847e-01 5.48599162e-01 9.99999653e-01 5.48517753e-01
  4.51538793e-01 9.99888694e-01 4.51586683e-01 4.51589068e-01
  2.57944990e-04 9.99835900e-01 9.99931041e-01 9.99999849e-01
  9.99978573e-01 9.99983284e-01 4.51638138e-01 9.99976410e-01
  9.99820652e-01 9.99878658e-01 9.99913758e-01 5.48623995e-01
  5.48614434e-01]
 [9.99978722e-01 5.48578038e-01 9.99978528e-01 5.48496629e-01
  4.51517669e-01 9.99871267e-01 4.51579335e-01 4.51588058e-01
  2.36661435e-04 9.99814776e-01 9.99909917e-01 9.99978573e-01
  9.99978724e-01 9.99975471e-01 4.51620737e-01 9.99973187e-01
  9.99799528e-01 9.99857534e-01 9.99892563e-01 5.48602871e-01
  5.48593309e-01]
 [9.99983434e-01 5.48597177e-01 9.99983171e-01 5.48501340e-01
  4.51522380e-01 9.99883716e-01 4.51570037e-01 4.51572655e-01
  2.41373076e-04 9.99819487e-01 9.99914628e-01 9.99983284e-01
  9.99975471e-01 9.99983436e-01 4.51621660e-01 9.99968237e-01
  9.99804239e-01 9.99862245e-01 9.99897056e-01 5.48616391e-01
  5.48598021e-01]
 [4.51638223e-01 2.40896973e-04 4.51638029e-01 1.56128521e-04
  4.51532966e-01 4.51527070e-01 4.51582940e-01 4.51584696e-01
  2.52789553e-04 4.51474276e-01 4.51569417e-01 4.51638138e-01
  4.51620737e-01 4.51621660e-01 4.51638224e-01 4.51614786e-01
  4.51459028e-01 4.51517034e-01 4.51553683e-01 2.62370569e-04
  2.52809428e-04]
 [9.99976560e-01 5.48575875e-01 9.99976366e-01 5.48494466e-01
  4.51515506e-01 9.99865407e-01 4.51588484e-01 4.51596867e-01
  2.34498981e-04 9.99800546e-01 9.99924706e-01 9.99976410e-01
  9.99973187e-01 9.99968237e-01 4.51614786e-01 9.99976562e-01
  9.99788053e-01 9.99855371e-01 9.99890401e-01 5.48600708e-01
  5.48596225e-01]
 [9.99820802e-01 5.48420117e-01 9.99820608e-01 5.48453796e-01
  4.51426685e-01 9.99774819e-01 4.51407405e-01 4.51410023e-01
  7.87409071e-05 9.99819627e-01 9.99770667e-01 9.99820652e-01
  9.99799528e-01 9.99804239e-01 4.51459028e-01 9.99788053e-01
  9.99820804e-01 9.99794182e-01 9.99821112e-01 5.48444950e-01
  5.48435389e-01]
 [9.99878807e-01 5.48478123e-01 9.99878614e-01 5.48476526e-01
  4.51417754e-01 9.99834392e-01 4.51488936e-01 4.51495621e-01
  1.36746605e-04 9.99828135e-01 9.99810002e-01 9.99878658e-01
  9.99857534e-01 9.99862245e-01 4.51517034e-01 9.99855371e-01
  9.99794182e-01 9.99878809e-01 9.99792649e-01 5.48502956e-01
  5.48495436e-01]
 [9.99913837e-01 5.48512799e-01 9.99913643e-01 5.48486826e-01
  4.51512788e-01 9.99802685e-01 4.51500441e-01 4.51503059e-01
  1.71776450e-04 9.99802352e-01 9.99882559e-01 9.99913758e-01
  9.99892563e-01 9.99897056e-01 4.51553683e-01 9.99890401e-01
  9.99821112e-01 9.99792649e-01 9.99913839e-01 5.48537986e-01
  5.48528424e-01]
 [5.48624146e-01 5.48597436e-01 5.48623950e-01 5.48511157e-01
  1.63090865e-04 5.48512992e-01 2.10748007e-04 2.13366022e-04
  2.58039849e-04 5.48460198e-01 5.48555339e-01 5.48623995e-01
  5.48602871e-01 5.48616391e-01 2.62370569e-04 5.48600708e-01
  5.48444950e-01 5.48502956e-01 5.48537986e-01 5.48624146e-01
  5.48604466e-01]
 [5.48614585e-01 5.48590772e-01 5.48614389e-01 5.48505305e-01
  1.63584690e-04 5.48501076e-01 2.01186866e-04 2.20862928e-04
  2.57821638e-04 5.48450637e-01 5.48545778e-01 5.48614434e-01
  5.48593309e-01 5.48598021e-01 2.52809428e-04 5.48596225e-01
  5.48435389e-01 5.48495436e-01 5.48528424e-01 5.48604466e-01
  5.48614585e-01]]
Dual solution:
0
Tr(CX) = 16.000174789755405
Primal and dual gap: 0
Number of iterations: 19999
Max error in symmetry of Q: 0
Maximum h bound: 0.01
Method name is: Physarum SDC modified (v.2)
Restart factor: 1000
Infeasibility: 5.978023376635585e-07
Time spent (seconds): 2290.2887432575226
