Answer of test tests/vertexcover2-2/vertexcover200.dat-s
[General Setting]
Primal solution:
[[1.00000000e+00 9.92587354e-01 9.92600848e-01 7.84716780e-01
  5.97532790e-01 8.48850356e-01 8.46153574e-01 5.32040257e-01
  2.22781429e-01 6.31223969e-01 5.10030550e-01 9.99992467e-01
  7.71273981e-01 7.84700975e-01 2.22803577e-01 9.99993794e-01
  7.94981039e-01 9.99969489e-01 7.77251955e-01 6.90715903e-01
  9.99989338e-01]
 [9.92587354e-01 9.92587354e-01 9.92413084e-01 7.77304134e-01
  5.87551651e-01 8.45117181e-01 8.42290213e-01 5.28663267e-01
  2.15368783e-01 6.31157773e-01 5.02617904e-01 9.92583380e-01
  7.66449482e-01 7.77288329e-01 2.15390930e-01 9.92581148e-01
  7.87568393e-01 9.92609147e-01 7.77203934e-01 6.79354384e-01
  9.92576692e-01]
 [9.92600848e-01 9.92413084e-01 9.92600848e-01 7.77317628e-01
  5.90133637e-01 8.41451203e-01 8.38754422e-01 5.24641105e-01
  2.15382277e-01 6.32128313e-01 5.09846101e-01 9.92597791e-01
  7.62976459e-01 7.77301823e-01 2.15404424e-01 9.92594642e-01
  7.87581887e-01 9.92570337e-01 7.77283647e-01 6.83316751e-01
  9.92590966e-01]
 [7.84716780e-01 7.77304134e-01 7.77317628e-01 7.84716780e-01
  5.96045027e-01 6.34441224e-01 6.29934445e-01 3.15994254e-01
  7.49820969e-03 4.17350911e-01 5.10087982e-01 7.84709247e-01
  5.55990761e-01 7.84691935e-01 7.52035693e-03 7.84715844e-01
  5.79697819e-01 7.84686269e-01 7.77227913e-01 4.76181563e-01
  7.84715433e-01]
 [5.97532790e-01 5.87551651e-01 5.90133637e-01 5.96045027e-01
  5.97532790e-01 4.66384217e-01 4.43686364e-01 1.29573047e-01
  1.03020644e-02 2.28756759e-01 4.28700683e-01 5.97526766e-01
  3.68806771e-01 5.95845196e-01 1.06034592e-02 5.97526584e-01
  4.53771958e-01 5.97502279e-01 5.87953163e-01 4.77465030e-01
  5.97692559e-01]
 [8.48850356e-01 8.45117181e-01 8.41451203e-01 6.34441224e-01
  4.66384217e-01 8.48850356e-01 6.95003930e-01 5.30267446e-01
  2.19968633e-01 6.10523837e-01 3.58880906e-01 8.48842822e-01
  6.20124337e-01 6.33551330e-01 2.20776795e-01 8.48844150e-01
  6.43831395e-01 8.49532917e-01 6.28008348e-01 5.39566259e-01
  8.48839693e-01]
 [8.46153574e-01 8.42290213e-01 8.38754422e-01 6.29934445e-01
  4.43686364e-01 6.95003930e-01 8.46153574e-01 5.06508928e-01
  2.21903132e-01 4.77377543e-01 3.56184124e-01 8.46146041e-01
  7.70962789e-01 6.30854549e-01 2.21012467e-01 8.46159694e-01
  6.41134613e-01 8.46434478e-01 6.23405529e-01 5.62378121e-01
  8.46142912e-01]
 [5.32040257e-01 5.28663267e-01 5.24641105e-01 3.15994254e-01
  1.29573047e-01 5.30267446e-01 5.06508928e-01 5.32040257e-01
  2.21584781e-01 4.02557468e-01 1.37702374e-01 5.32032724e-01
  5.31971625e-01 3.16741232e-01 2.20685633e-01 5.32034051e-01
  4.21955329e-01 5.32009746e-01 3.09292212e-01 2.22756160e-01
  5.31763894e-01]
 [2.22781429e-01 2.15368783e-01 2.15382277e-01 7.49820969e-03
  1.03020644e-02 2.19968633e-01 2.21903132e-01 2.21584781e-01
  2.22781429e-01 2.13387754e-01 3.95038686e-03 2.22776316e-01
  2.21975259e-01 7.50873769e-03 2.22780184e-01 2.22775223e-01
  2.22714068e-01 2.22750918e-01 3.33844815e-05 2.23947768e-01
  2.22770767e-01]
 [6.31223969e-01 6.31157773e-01 6.32128313e-01 4.17350911e-01
  2.28756759e-01 6.10523837e-01 4.77377543e-01 4.02557468e-01
  2.13387754e-01 6.31223969e-01 3.11101877e-01 6.31216436e-01
  4.02497950e-01 4.15924944e-01 2.14687800e-01 6.31217763e-01
  4.94578169e-01 6.31193458e-01 4.17961796e-01 4.42087303e-01
  6.31213307e-01]
 [5.10030550e-01 5.02617904e-01 5.09846101e-01 5.10087982e-01
  4.28700683e-01 3.58880906e-01 3.56184124e-01 1.37702374e-01
  3.95038686e-03 3.11101877e-01 5.10030550e-01 5.10023017e-01
  2.81304531e-01 5.10034142e-01 3.96430427e-03 5.10011443e-01
  3.05011589e-01 5.08930027e-01 5.07548985e-01 3.74658720e-01
  5.10019888e-01]
 [9.99992467e-01 9.92583380e-01 9.92597791e-01 7.84709247e-01
  5.97526766e-01 8.48842822e-01 8.46146041e-01 5.32032724e-01
  2.22776316e-01 6.31216436e-01 5.10023017e-01 9.99992467e-01
  7.71263992e-01 7.84693442e-01 2.22795468e-01 9.99990828e-01
  7.94973506e-01 9.99969905e-01 7.77244422e-01 6.90708370e-01
  9.99988453e-01]
 [7.71273981e-01 7.66449482e-01 7.62976459e-01 5.55990761e-01
  3.68806771e-01 6.20124337e-01 7.70962789e-01 5.31971625e-01
  2.21975259e-01 4.02497950e-01 2.81304531e-01 7.71263992e-01
  7.71273981e-01 5.57585947e-01 2.20418120e-01 7.71267775e-01
  6.41613580e-01 7.71243470e-01 5.48525936e-01 4.61989884e-01
  7.71098819e-01]
 [7.84700975e-01 7.77288329e-01 7.77301823e-01 7.84691935e-01
  5.95845196e-01 6.33551330e-01 6.30854549e-01 3.16741232e-01
  7.50873769e-03 4.15924944e-01 5.10034142e-01 7.84693442e-01
  5.57585947e-01 7.84700975e-01 7.50455144e-03 7.84694769e-01
  5.79682014e-01 7.84670464e-01 7.77211192e-01 4.75416878e-01
  7.84690313e-01]
 [2.22803577e-01 2.15390930e-01 2.15404424e-01 7.52035693e-03
  1.06034592e-02 2.20776795e-01 2.21012467e-01 2.20685633e-01
  2.22780184e-01 2.14687800e-01 3.96430427e-03 2.22795468e-01
  2.20418120e-01 7.50455144e-03 2.22803577e-01 2.22797371e-01
  2.22847315e-01 2.22773066e-01 5.55317277e-05 2.24874396e-01
  2.22795721e-01]
 [9.99993794e-01 9.92581148e-01 9.92594642e-01 7.84715844e-01
  5.97526584e-01 8.48844150e-01 8.46159694e-01 5.32034051e-01
  2.22775223e-01 6.31217763e-01 5.10011443e-01 9.99990828e-01
  7.71267775e-01 7.84694769e-01 2.22797371e-01 9.99993794e-01
  7.94974833e-01 9.99968563e-01 7.77245749e-01 6.90711628e-01
  9.99989831e-01]
 [7.94981039e-01 7.87568393e-01 7.87581887e-01 5.79697819e-01
  4.53771958e-01 6.43831395e-01 6.41134613e-01 4.21955329e-01
  2.22714068e-01 4.94578169e-01 3.05011589e-01 7.94973506e-01
  6.41613580e-01 5.79682014e-01 2.22847315e-01 7.94974833e-01
  7.94981039e-01 7.95020800e-01 5.72626976e-01 5.95434289e-01
  7.94970377e-01]
 [9.99969489e-01 9.92609147e-01 9.92570337e-01 7.84686269e-01
  5.97502279e-01 8.49532917e-01 8.46434478e-01 5.32009746e-01
  2.22750918e-01 6.31193458e-01 5.08930027e-01 9.99969905e-01
  7.71243470e-01 7.84670464e-01 2.22773066e-01 9.99968563e-01
  7.95020800e-01 9.99969489e-01 7.77244927e-01 6.90685392e-01
  9.99962523e-01]
 [7.77251955e-01 7.77203934e-01 7.77283647e-01 7.77227913e-01
  5.87953163e-01 6.28008348e-01 6.23405529e-01 3.09292212e-01
  3.33844815e-05 4.17961796e-01 5.07548985e-01 7.77244422e-01
  5.48525936e-01 7.77211192e-01 5.55317277e-05 7.77245749e-01
  5.72626976e-01 7.77244927e-01 7.77251955e-01 4.67967858e-01
  7.77241293e-01]
 [6.90715903e-01 6.79354384e-01 6.83316751e-01 4.76181563e-01
  4.77465030e-01 5.39566259e-01 5.62378121e-01 2.22756160e-01
  2.23947768e-01 4.42087303e-01 3.74658720e-01 6.90708370e-01
  4.61989884e-01 4.75416878e-01 2.24874396e-01 6.90711628e-01
  5.95434289e-01 6.90685392e-01 4.67967858e-01 6.90715903e-01
  6.90975669e-01]
 [9.99989338e-01 9.92576692e-01 9.92590966e-01 7.84715433e-01
  5.97692559e-01 8.48839693e-01 8.46142912e-01 5.31763894e-01
  2.22770767e-01 6.31213307e-01 5.10019888e-01 9.99988453e-01
  7.71098819e-01 7.84690313e-01 2.22795721e-01 9.99989831e-01
  7.94970377e-01 9.99962523e-01 7.77241293e-01 6.90975669e-01
  9.99989338e-01]]
Dual solution:
0
Tr(CX) = 16.00019042447228
Primal and dual gap: 0
Number of iterations: 19999
Max error in symmetry of Q: 0
Maximum h bound: 0.01
Method name is: Physarum SDC modified (v.2)
Restart factor: 1000
Infeasibility: 5.837261751085377e-10
Time spent (seconds): 2246.7738292217255
