Answer of test tests/vertexcover2-2/vertexcover2014.dat-s
[General Setting]
Primal solution:
[[ 1.00000012e+00  9.41843802e-01  7.89193975e-01  9.93095689e-01
   3.48519026e-01  9.97293947e-01  2.31591356e-01  8.12661548e-01
   6.28939727e-02  9.97765478e-01  9.41340125e-01  4.52189414e-01
   2.73574345e-01  9.98777785e-01  9.61492641e-03  9.99993192e-01
   7.87265297e-01  9.68273658e-01  6.51492126e-01  9.91068596e-01
   7.61855662e-01]
 [ 9.41843802e-01  9.41843747e-01  7.31037677e-01  9.33426218e-01
   2.90362753e-01  9.43510591e-01  1.76535353e-01  7.71099158e-01
   4.73771582e-03  9.39609167e-01  9.33727711e-01  3.94033134e-01
   2.15418076e-01  9.41895453e-01  6.81078654e-03  9.41871156e-01
   7.51289551e-01  9.41319167e-01  6.50800661e-01  9.40178234e-01
   7.31641460e-01]
 [ 7.89193975e-01  7.31037677e-01  7.89193930e-01  7.79775682e-01
   3.78795333e-01  7.86487819e-01  2.32491247e-01  6.00243175e-01
   6.26235056e-02  7.87201251e-01  7.30534000e-01  2.41383317e-01
   6.27682582e-02  7.87631664e-01  1.19950414e-02  7.89096524e-01
   6.80938000e-01  7.58176374e-01  4.09845963e-01  7.80262468e-01
   6.57925408e-01]
 [ 9.93095689e-01  9.33426218e-01  7.79775682e-01  9.93095631e-01
   3.41614636e-01  9.90389520e-01  2.24686973e-01  8.05757132e-01
   6.24661701e-02  9.93046510e-01  9.34435701e-01  4.58619750e-01
   2.76784063e-01  9.91873358e-01  2.71055665e-03  9.93088765e-01
   7.74041814e-01  9.61369232e-01  6.51450948e-01  9.88308349e-01
   7.54951250e-01]
 [ 3.48519026e-01  2.90362753e-01  3.78795333e-01  3.41614636e-01
   3.48519006e-01  3.48405832e-01  2.28371188e-01  1.61180507e-01
   7.61965719e-02  3.37930105e-01  2.66486383e-01  1.06701161e-02
   4.70795244e-02  3.46672292e-01  7.61766911e-03  3.48512135e-01
   3.47692723e-01  3.18787208e-01  1.10944701e-05  3.48346335e-01
   3.47914489e-01]
 [ 9.97293947e-01  9.43510591e-01  7.86487819e-01  9.90389520e-01
   3.48405832e-01  9.97293889e-01  2.30051309e-01  8.09955390e-01
   6.04876821e-02  9.95059309e-01  9.38633960e-01  4.37630664e-01
   2.70868218e-01  9.97160386e-01  6.90881486e-03  9.97287023e-01
   7.92288898e-01  9.66879834e-01  6.48785978e-01  9.87369101e-01
   7.65675802e-01]
 [ 2.31591356e-01  1.76535353e-01  2.32491247e-01  2.24686973e-01
   2.28371188e-01  2.30051309e-01  2.31591342e-01  4.42528437e-02
   6.27329083e-02  2.29356762e-01  1.72931413e-01  5.15613059e-02
   6.12977634e-02  2.30369069e-01  8.77322335e-03  2.31756328e-01
   2.11192401e-01  1.99864944e-01  4.18616901e-03  2.22659881e-01
   2.08551965e-01]
 [ 8.12661548e-01  7.71099158e-01  6.00243175e-01  8.05757132e-01
   1.61180507e-01  8.09955390e-01  4.42528437e-02  8.12661501e-01
   4.27807503e-02  8.10426921e-01  7.74524970e-01  4.25564216e-01
   2.54041146e-01  8.11439228e-01  9.47988525e-03  8.12654634e-01
   6.24178413e-01  7.80935103e-01  6.50999347e-01  8.03730040e-01
   5.74517120e-01]
 [ 6.28939727e-02  4.73771582e-03  6.26235056e-02  6.24661701e-02
   7.61965719e-02  6.04876821e-02  6.27329083e-02  4.27807503e-02
   6.28939689e-02  6.06593889e-02  4.23403955e-03  3.48965057e-02
   6.29394677e-02  6.16716956e-02  2.98299719e-03  6.28870961e-02
   5.18615457e-02  3.11675705e-02 -1.27153748e-02  5.39625077e-02
   4.78627472e-02]
 [ 9.97765478e-01  9.39609167e-01  7.87201251e-01  9.93046510e-01
   3.37930105e-01  9.95059309e-01  2.29356762e-01  8.10426921e-01
   6.06593889e-02  9.97765420e-01  9.42331475e-01  4.61310205e-01
   2.71339749e-01  9.96543147e-01  7.38034588e-03  9.97758554e-01
   7.81577736e-01  9.66039022e-01  6.59881172e-01  9.88833959e-01
   7.53606720e-01]
 [ 9.41340125e-01  9.33727711e-01  7.30534000e-01  9.34435701e-01
   2.66486383e-01  9.38633960e-01  1.72931413e-01  7.74524970e-01
   4.23403955e-03  9.42331475e-01  9.41340071e-01  4.43785687e-01
   2.14914399e-01  9.41205682e-01  9.26900379e-03  9.41333205e-01
   7.28605322e-01  9.36797780e-01  6.74489775e-01  9.40787358e-01
   7.03195689e-01]
 [ 4.52189414e-01  3.94033134e-01  2.41383317e-01  4.58619750e-01
   1.06701161e-02  4.37630664e-01  5.15613059e-02  4.25564216e-01
   3.48965057e-02  4.61310205e-01  4.43785687e-01  4.52189388e-01
   2.45446423e-01  4.51989167e-01  6.94833265e-03  4.52182518e-01
   2.39454638e-01  4.20462989e-01  4.43025576e-01  4.50990543e-01
   2.14045006e-01]
 [ 2.73574345e-01  2.15418076e-01  6.27682582e-02  2.76784063e-01
   4.70795244e-02  2.70868218e-01  6.12977634e-02  2.54041146e-01
   6.29394677e-02  2.71339749e-01  2.14914399e-01  2.45446423e-01
   2.73574329e-01  2.72352055e-01 -1.86088933e-04  2.73654240e-01
   1.57324161e-01  2.41847930e-01  2.27622738e-01  2.65495087e-01
   1.52666000e-01]
 [ 9.98777785e-01  9.41895453e-01  7.87631664e-01  9.91873358e-01
   3.46672292e-01  9.97160386e-01  2.30369069e-01  8.11439228e-01
   6.16716956e-02  9.96543147e-01  9.41205682e-01  4.51989167e-01
   2.72352055e-01  9.98777727e-01  8.39265261e-03  9.98770861e-01
   7.86042978e-01  9.67051328e-01  6.52111018e-01  9.89846266e-01
   7.60633346e-01]
 [ 9.61492641e-03  6.81078654e-03  1.19950414e-02  2.71055665e-03
   7.61766911e-03  6.90881486e-03  8.77322335e-03  9.47988525e-03
   2.98299719e-03  7.38034588e-03  9.26900379e-03  6.94833265e-03
  -1.86088933e-04  8.39265261e-03  9.61492589e-03  9.60805300e-03
   8.61048468e-03  8.35166898e-03  2.13040173e-03  6.36593038e-03
   3.87741594e-03]
 [ 9.99993192e-01  9.41871156e-01  7.89096524e-01  9.93088765e-01
   3.48512135e-01  9.97287023e-01  2.31756328e-01  8.12654634e-01
   6.28870961e-02  9.97758554e-01  9.41333205e-01  4.52182518e-01
   2.73654240e-01  9.98770861e-01  9.60805300e-03  9.99993141e-01
   7.87258383e-01  9.68112296e-01  6.51485221e-01  9.91061673e-01
   7.61848752e-01]
 [ 7.87265297e-01  7.51289551e-01  6.80938000e-01  7.74041814e-01
   3.47692723e-01  7.92288898e-01  2.11192401e-01  6.24178413e-01
   5.18615457e-02  7.81577736e-01  7.28605322e-01  2.39454638e-01
   1.57324161e-01  7.86042978e-01  8.61048468e-03  7.87258383e-01
   7.87265251e-01  7.55538853e-01  4.38757340e-01  7.78333790e-01
   5.49120870e-01]
 [ 9.68273658e-01  9.41319167e-01  7.58176374e-01  9.61369232e-01
   3.18787208e-01  9.66879834e-01  1.99864944e-01  7.80935103e-01
   3.11675705e-02  9.66039022e-01  9.36797780e-01  4.20462989e-01
   2.41847930e-01  9.67051328e-01  8.35166898e-03  9.68112296e-01
   7.55538853e-01  9.68273602e-01  6.49153032e-01  9.59342141e-01
   7.57591479e-01]
 [ 6.51492126e-01  6.50800661e-01  4.09845963e-01  6.51450948e-01
   1.10944701e-05  6.48785978e-01  4.18616901e-03  6.50999347e-01
  -1.27153748e-02  6.59881172e-01  6.74489775e-01  4.43025576e-01
   2.27622738e-01  6.52111018e-01  2.13040173e-03  6.51485221e-01
   4.38757340e-01  6.49153032e-01  6.51492089e-01  6.42560628e-01
   4.13347708e-01]
 [ 9.91068596e-01  9.40178234e-01  7.80262468e-01  9.88308349e-01
   3.48346335e-01  9.87369101e-01  2.22659881e-01  8.03730040e-01
   5.39625077e-02  9.88833959e-01  9.40787358e-01  4.50990543e-01
   2.65495087e-01  9.89846266e-01  6.36593038e-03  9.91061673e-01
   7.78333790e-01  9.59342141e-01  6.42560628e-01  9.91068539e-01
   7.52924158e-01]
 [ 7.61855662e-01  7.31641460e-01  6.57925408e-01  7.54951250e-01
   3.47914489e-01  7.65675802e-01  2.08551965e-01  5.74517120e-01
   4.78627472e-02  7.53606720e-01  7.03195689e-01  2.14045006e-01
   1.52666000e-01  7.60633346e-01  3.87741594e-03  7.61848752e-01
   5.49120870e-01  7.57591479e-01  4.13347708e-01  7.52924158e-01
   7.61855619e-01]]
Dual solution:
0
Tr(CX) = 15.010303231060018
Primal and dual gap: 0
Number of iterations: 19999
Max error in symmetry of Q: 0
Maximum h bound: 0.01
Method name is: Physarum SDC modified (v.2)
Restart factor: 1000
Infeasibility: 3.3194904898161415e-05
Time spent (seconds): 1460.1496093273163
