SDPA start at [Tue Sep 07 12:29:39 2021]
param  is ./param.sdpa 
data   is G:\Research\PhysarumSDPSolver\SDPA\testSet\large1\large-501.dat-s  : sparse
""Large randomly generated test with n = 50 and at most 10 conditions""
out    is G:\Research\PhysarumSDPSolver\SDPA\testSet\large1\large-501.dat-s.res
NumThreads  is set as 1
Schur computation : DENSE 
   mu      thetaP  thetaD  objP      objD      alphaP  alphaD  beta 
 0 1.0e+004 1.0e+000 1.0e+000 -0.00e+000 -3.04e+004 9.1e-001 1.0e+000 2.00e-001
 1 1.9e+003 9.2e-002 6.3e-016 +1.22e+000 -3.77e+004 1.0e+000 1.6e+000 2.00e-001
 2 2.9e+002 2.1e-004 9.9e-016 +6.22e-001 -1.43e+004 1.0e+000 1.1e+000 2.00e-001
 3 4.6e+001 9.3e-018 6.9e-016 +5.76e-001 -2.28e+003 2.9e+001 9.7e-001 1.00e-001
 4 5.5e+000 9.3e-018 1.1e-016 -5.96e+000 -2.83e+002 9.4e+000 9.7e-001 1.00e-001
 5 6.7e-001 9.3e-018 8.2e-018 -6.67e+000 -4.01e+001 1.5e+000 8.0e-001 1.00e-001
 6 1.9e-001 1.9e-017 4.1e-018 -6.94e+000 -1.62e+001 1.1e+000 8.9e-001 1.00e-001
 7 3.6e-002 1.9e-017 4.1e-018 -7.11e+000 -8.91e+000 1.0e+000 9.6e-001 1.00e-001
 8 5.0e-003 1.9e-017 6.6e-018 -7.15e+000 -7.40e+000 1.0e+000 9.8e-001 1.00e-001
 9 5.6e-004 1.9e-017 1.8e-017 -7.15e+000 -7.18e+000 1.0e+000 1.0e+000 1.00e-001
10 5.8e-005 1.9e-017 1.3e-017 -7.16e+000 -7.16e+000 1.0e+000 1.0e+000 1.00e-001
11 5.8e-006 1.9e-017 5.8e-017 -7.16e+000 -7.16e+000 1.0e+000 1.0e+000 1.00e-001
12 5.8e-007 1.9e-017 9.6e-017 -7.16e+000 -7.16e+000 1.0e+000 1.0e+000 1.00e-001
13 5.8e-008 1.9e-017 2.4e-016 -7.16e+000 -7.16e+000 1.0e+000 1.0e+000 1.00e-001
14 5.8e-009 1.9e-017 7.2e-016 -7.16e+000 -7.16e+000 1.0e+000 1.0e+000 1.00e-001

phase.value  = pdOPT     
   Iteration = 14
          mu = +5.8444966022364039e-009
relative gap = +4.0840706293415549e-008
        gap  = +2.9222498199032998e-007
     digits  = +7.3889067558926538e+000
objValPrimal = -7.1552380588997302e+000
objValDual   = -7.1552383511247122e+000
p.feas.error = +1.7763568394002505e-015
d.feas.error = +1.2377654456940945e-011
total time   = 0.187198
** Paramters **
maxIteration = 100
epsilonStar  = +9.9999999999999995e-008
lambdaStar   = +1.0000000000000000e+002
omegaStar    = +2.0000000000000000e+000
lowerBound   = -1.0000000000000000e+005
upperBound   = +1.0000000000000000e+005
betaStar     = +1.0000000000000001e-001
betaBar      = +2.0000000000000001e-001
gammaStar    = +9.0000000000000002e-001
epsilonDash  = +9.9999999999999995e-008
xPrint       = %+8.3e 
XPrint       = %+8.3e 
YPrint       = %+8.3e 
infPrint     = %+10.16e 

                         Time(sec)  Ratio(% : MainLoop) 
 Predictor time  =       0.048013,  29.422615
 Corrector time  =       0.009005,  5.518311
 Make bMat time  =       0.023983,  14.696907
 Make bDia time  =       0.000000,  0.000000
 Make bF1  time  =       0.023983,  14.696907
 Make bF2  time  =       0.000000,  0.000000
 Make bF3  time  =       0.000000,  0.000000
 Make bPRE time  =       0.023983,  14.696907
 Make rMat time  =       0.000000,  0.000000
 Make gVec Mul   =       0.000000,  0.000000
 Make gVec time  =       0.000000,  0.000000
 Cholesky bMat   =       0.000000,  0.000000
 Ste Pre time    =       0.000000,  0.000000
 Ste Cor time    =       0.097571,  59.792014
 solve           =       0.000000,  0.000000
 sumDz           =       0.000000,  0.000000
 makedX          =       0.000000,  0.000000
 symmetriseDx    =       0.033035,  20.244019
 makedXdZ        =       0.033035,  20.244019
 xMatTime        =       0.008595,  5.267060
 zMatTime        =       0.000000,  0.000000
 invzMatTime     =       0.000000,  0.000000
 xMatzMatTime    =       0.000000,  0.000000
 EigxMatTime     =       0.048869,  29.947176
 EigzMatTime     =       0.048702,  29.844838
 EigxMatzMatTime =       0.000000,  0.000000
 updateRes       =       0.000000,  0.000000
 EigTime         =       0.097571,  59.792014
 sub_total_bMat  =       0.139201,  85.303093
 Main Loop       =       0.163184,  100.000000
 File Check      =       0.000000,  0.000000
 File Change     =       0.000000,  0.000000
 File Read       =       0.024014,  14.715904
 Total           =       0.187198,  114.715904

xVec = 
{-1.229e-002,+5.353e-003,+2.765e-003,+4.042e-003,-1.176e-002,-3.496e-003,+9.735e-003,+7.256e-003}
xMat = 
{
{ {+5.950e+000,-1.793e-001,-6.771e-001,+1.678e-001,-4.206e-001,-1.729e-001,-1.271e-001,+3.131e-001,+1.268e-001,-2.154e-001,+7.179e-002,-2.759e-001,-5.207e-002,+5.274e-001,+3.094e-001,+5.293e-001,+6.192e-001,-3.481e-001,-3.391e-001,-8.820e-001,+3.135e-001,+1.790e-001,+6.607e-001,+3.060e-001,-3.275e-001,+4.766e-001,-2.978e-001,+8.606e-002,-1.162e+000,+5.757e-001,+3.194e-001,-3.344e-001,-1.902e-001,-3.670e-001,+3.784e-002,+3.503e-001,-7.233e-001,+9.486e-001,-5.761e-001,+1.962e-001,-1.375e-001,-2.135e-001,+1.646e-002,+6.498e-001,-6.019e-001,-3.725e-001,+4.232e-001,-1.458e-001,-3.522e-002,-2.336e-001 },
  {-1.793e-001,+6.407e+000,-5.517e-001,-7.875e-001,-7.862e-001,-3.237e-001,+3.768e-001,-3.399e-001,-2.877e-001,+1.967e-001,-1.689e-001,+3.607e-001,-9.556e-002,+3.905e-001,-6.772e-002,+2.059e-001,-5.531e-001,-7.803e-001,-6.478e-001,-3.205e-001,-3.861e-001,+4.270e-003,+5.231e-001,-1.698e-001,-5.737e-001,+1.468e-001,-8.707e-001,-4.179e-001,-1.042e-001,-2.066e-001,+1.940e-002,-5.100e-001,-6.829e-001,-6.375e-002,-6.032e-001,+3.138e-001,+2.745e-001,+8.271e-001,-5.959e-001,+1.877e-001,-6.438e-002,+1.822e-001,-1.254e+000,-1.578e-001,+6.126e-002,-1.119e-001,+8.183e-001,+2.916e-002,+4.014e-001,-7.387e-002 },
  {-6.771e-001,-5.517e-001,+6.599e+000,-2.244e-001,+5.870e-001,+3.403e-001,-5.787e-001,+1.560e-002,-2.699e-001,+2.092e-001,-1.515e-001,+3.584e-001,-1.072e+000,-3.766e-001,+2.026e-002,+1.698e-001,-4.095e-001,+8.598e-002,-3.457e-001,-4.822e-001,+2.917e-001,+6.547e-001,+9.889e-001,+9.613e-001,-2.583e-001,+1.023e+000,+4.832e-001,+3.653e-001,-1.434e-001,+2.480e-001,+5.430e-002,+1.009e-001,-9.717e-001,-2.047e-001,+2.869e-001,+5.413e-001,+7.460e-002,+9.129e-001,-6.526e-001,-7.154e-002,+5.821e-001,+4.239e-001,-4.568e-002,-1.907e-001,-2.954e-001,+4.382e-001,+5.846e-003,-4.176e-001,-1.834e-002,-6.940e-002 },
  {+1.678e-001,-7.875e-001,-2.244e-001,+5.813e+000,-1.555e-001,+6.274e-002,+1.061e-001,-1.353e-001,-5.356e-001,-1.046e+000,-1.199e-001,+2.659e-001,-5.764e-002,+1.154e-001,+6.713e-001,+3.984e-001,-2.750e-001,-2.634e-001,-8.952e-002,-4.116e-001,-3.989e-001,-6.685e-001,-4.990e-001,+4.623e-001,+4.634e-001,+3.590e-001,+1.503e-001,-5.081e-001,+3.623e-001,-5.466e-001,-7.750e-002,+3.377e-001,+2.656e-001,+7.365e-001,-1.890e-001,-6.818e-001,-1.610e-001,+3.492e-001,-2.622e-001,+2.450e-001,-6.180e-001,-1.545e-001,-1.249e+000,+2.132e-001,-6.268e-001,-1.947e-001,-1.042e-001,-2.916e-001,-7.418e-001,+2.172e-001 },
  {-4.206e-001,-7.862e-001,+5.870e-001,-1.555e-001,+6.033e+000,+1.134e-001,+2.696e-001,+8.702e-001,-6.410e-001,-7.600e-001,+1.807e-001,+1.133e+000,+3.698e-001,-8.479e-001,-4.077e-001,+3.506e-001,-6.056e-002,-1.103e+000,-9.128e-001,+2.638e-001,+2.372e-001,+4.876e-001,+2.973e-001,-4.059e-001,-4.468e-001,-5.118e-001,+5.136e-001,+8.584e-002,+2.512e-001,-3.618e-001,+7.776e-001,-3.113e-001,-3.932e-001,+2.800e-001,+2.786e-002,-1.174e+000,-2.384e-001,-2.224e-001,+2.619e-001,+7.623e-001,+5.794e-002,+1.146e-001,+7.999e-002,+1.475e-001,+4.583e-001,-3.498e-001,+2.334e-001,-5.507e-002,+1.571e-001,-3.490e-001 },
  {-1.729e-001,-3.237e-001,+3.403e-001,+6.274e-002,+1.134e-001,+5.599e+000,+4.920e-002,-6.555e-002,-1.657e-001,-8.778e-001,+3.773e-001,+7.654e-001,-5.273e-002,+3.238e-001,+2.142e-001,+6.637e-001,-7.022e-003,-8.571e-001,-6.208e-001,-2.992e-001,+7.157e-001,+5.094e-001,-2.646e-001,+7.939e-002,-8.655e-002,-2.037e-001,-1.518e-001,+7.439e-002,-4.463e-001,-1.157e-002,-7.652e-001,+1.949e-001,+4.816e-001,+2.531e-001,+8.811e-002,-9.779e-001,+3.095e-001,-1.054e-001,+1.109e+000,+9.283e-002,+1.744e-001,+6.428e-001,+1.667e-001,-2.145e-002,-5.703e-002,-5.860e-001,-2.109e-001,-1.577e-001,-6.710e-001,-2.767e-001 },
  {-1.271e-001,+3.768e-001,-5.787e-001,+1.061e-001,+2.696e-001,+4.920e-002,+6.066e+000,+1.711e-002,-4.586e-001,-1.166e-001,-7.476e-002,-6.579e-001,-5.186e-001,-6.614e-001,+2.237e-002,-2.862e-001,-1.033e-001,-9.154e-002,-8.123e-001,-3.982e-001,-8.849e-002,+4.456e-001,+1.888e-001,+2.499e-001,+9.913e-002,-7.057e-003,-3.156e-001,+2.117e-001,+9.538e-002,-5.627e-001,-6.269e-001,+9.721e-001,+7.048e-001,+5.461e-001,-1.532e-001,+5.245e-001,-4.737e-001,+1.424e-002,-8.005e-001,+1.288e+000,+1.740e-001,+6.936e-002,-3.857e-001,-5.222e-001,-7.537e-003,-1.727e-001,-8.689e-001,-4.639e-001,-3.649e-001,+5.881e-001 },
  {+3.131e-001,-3.399e-001,+1.560e-002,-1.353e-001,+8.702e-001,-6.555e-002,+1.711e-002,+6.724e+000,-2.255e-001,-7.201e-002,-5.947e-001,-7.896e-001,-1.073e-001,-1.515e-001,-1.781e-001,-1.309e+000,-1.073e-002,-2.116e-001,+6.147e-001,-5.547e-002,-1.607e-001,+4.859e-001,-3.324e-001,+4.556e-001,-5.909e-001,-3.742e-001,+3.902e-001,-1.893e-001,-7.137e-001,+5.607e-001,+9.396e-003,-2.870e-001,-7.816e-002,-8.207e-001,-4.111e-001,+4.112e-001,-4.085e-002,-4.549e-001,-4.444e-001,+4.068e-001,+5.681e-001,-5.682e-001,-3.016e-001,-1.481e-001,-2.105e-002,-3.092e-001,+9.259e-001,-9.171e-001,+6.207e-002,-3.918e-002 },
  {+1.268e-001,-2.877e-001,-2.699e-001,-5.356e-001,-6.410e-001,-1.657e-001,-4.586e-001,-2.255e-001,+6.244e+000,-5.071e-001,+1.740e-001,+7.833e-001,-6.555e-001,-2.087e-001,+2.107e-001,-1.415e-001,-7.062e-001,+1.928e-001,+5.651e-001,+3.853e-001,-1.047e+000,-1.657e-001,-3.206e-001,-6.163e-001,+6.189e-001,-7.889e-002,-7.052e-002,-3.826e-001,-3.932e-001,+2.236e-001,+3.136e-001,+2.550e-001,-6.087e-001,-9.852e-002,-7.246e-001,-2.718e-001,-3.029e-001,+6.736e-001,-9.128e-001,+2.077e-001,-8.266e-001,+6.743e-002,-5.843e-001,-6.375e-001,+3.229e-001,+3.912e-002,+1.880e-001,-2.201e-001,+4.051e-001,+6.601e-001 },
  {-2.154e-001,+1.967e-001,+2.092e-001,-1.046e+000,-7.600e-001,-8.778e-001,-1.166e-001,-7.201e-002,-5.071e-001,+4.855e+000,-2.780e-001,-7.674e-001,-1.627e-001,+4.986e-001,+3.306e-001,-9.765e-001,-5.101e-001,-7.042e-001,+1.017e-001,+3.799e-001,+2.514e-001,-6.304e-001,+7.208e-001,-5.050e-002,+1.021e+000,-4.219e-002,+1.565e-001,+7.487e-001,-2.877e-001,+2.448e-001,-6.198e-002,-9.659e-001,+4.836e-001,-1.474e-001,-6.237e-001,-3.928e-001,-4.268e-001,+3.582e-002,+2.456e-001,+5.448e-001,+5.632e-001,-7.338e-002,+3.838e-001,-1.160e+000,-1.123e-001,-2.944e-001,+6.334e-002,-2.717e-001,+2.226e-001,+4.777e-001 },
  {+7.179e-002,-1.689e-001,-1.515e-001,-1.199e-001,+1.807e-001,+3.773e-001,-7.476e-002,-5.947e-001,+1.740e-001,-2.780e-001,+5.338e+000,-2.318e-001,-5.566e-002,+7.112e-001,-2.354e-001,-8.038e-001,-2.704e-001,+6.771e-001,-9.496e-003,-6.441e-002,-2.902e-001,-3.758e-001,-2.200e-001,+1.929e-001,-7.358e-001,+2.448e-001,-4.050e-001,+2.934e-001,-3.950e-001,-1.622e-001,-2.358e-001,-3.596e-001,-5.978e-001,+1.417e-001,-3.459e-001,-2.366e-002,-2.772e-001,+4.805e-001,-1.156e-001,-5.302e-001,-1.256e-001,-7.429e-001,-2.540e-001,-1.567e-001,-3.078e-001,+6.801e-001,+9.969e-003,+2.844e-001,+5.404e-001,+1.416e-001 },
  {-2.759e-001,+3.607e-001,+3.584e-001,+2.659e-001,+1.133e+000,+7.654e-001,-6.579e-001,-7.896e-001,+7.833e-001,-7.674e-001,-2.318e-001,+5.681e+000,+2.942e-002,-1.373e+000,-6.466e-001,-2.634e-001,+7.165e-001,+5.693e-001,+7.524e-001,+2.262e-001,-2.963e-002,-4.597e-001,+9.461e-003,+4.159e-001,-3.944e-001,+8.318e-001,+5.755e-002,-1.913e-001,-9.502e-002,-7.120e-001,-3.785e-001,+1.598e-001,-2.523e-001,+1.744e-001,-7.244e-001,+2.075e-002,-8.137e-001,-6.354e-001,-1.356e-001,+1.645e-001,+7.229e-001,+6.231e-001,+5.845e-002,+8.347e-001,+5.238e-001,+3.083e-001,-2.710e-001,+1.309e-001,-5.634e-001,-4.957e-001 },
  {-5.207e-002,-9.556e-002,-1.072e+000,-5.764e-002,+3.698e-001,-5.273e-002,-5.186e-001,-1.073e-001,-6.555e-001,-1.627e-001,-5.566e-002,+2.942e-002,+6.131e+000,-7.933e-001,+2.341e-002,-4.157e-001,+7.440e-001,-5.710e-001,+1.046e-001,+4.162e-002,-9.898e-001,-3.335e-001,-2.573e-001,+9.236e-001,+5.036e-001,-2.296e-001,+3.145e-001,+2.399e-001,-1.887e-001,+3.933e-002,+4.588e-001,-4.020e-001,+5.072e-002,+1.899e-001,-2.059e-001,-2.818e-001,-1.153e-001,+3.585e-001,+2.837e-001,-1.751e-001,-5.191e-001,-2.782e-001,+1.849e-001,-2.430e-001,+1.962e-001,-3.841e-001,-2.757e-001,+3.327e-001,-2.854e-001,+8.869e-002 },
  {+5.274e-001,+3.905e-001,-3.766e-001,+1.154e-001,-8.479e-001,+3.238e-001,-6.614e-001,-1.515e-001,-2.087e-001,+4.986e-001,+7.112e-001,-1.373e+000,-7.933e-001,+5.626e+000,+5.863e-002,-5.145e-001,-1.645e-001,-2.284e-001,-3.360e-001,-8.278e-002,-4.043e-001,+1.503e-001,+2.841e-001,-3.560e-001,+1.697e-001,+1.248e-001,+2.524e-001,+9.338e-002,+5.492e-001,+2.926e-002,+2.571e-001,+6.225e-001,-6.487e-001,+1.824e-001,+3.710e-002,+4.213e-001,-4.059e-001,+1.341e-001,-8.660e-002,+3.127e-001,+1.688e-001,-1.168e-001,-4.871e-001,-2.456e-001,+2.464e-001,+5.360e-001,-5.641e-001,+3.020e-001,-5.518e-001,-9.026e-001 },
  {+3.094e-001,-6.772e-002,+2.026e-002,+6.713e-001,-4.077e-001,+2.142e-001,+2.237e-002,-1.781e-001,+2.107e-001,+3.306e-001,-2.354e-001,-6.466e-001,+2.341e-002,+5.863e-002,+5.684e+000,-9.225e-002,-6.806e-001,-6.937e-001,+4.536e-001,+3.019e-001,-1.345e-002,-5.181e-001,-4.325e-001,+3.283e-001,+2.094e-001,-7.683e-001,-1.599e-001,+5.452e-001,+5.950e-001,-3.355e-002,-1.152e-001,-3.752e-001,-1.187e+000,+1.024e+000,-5.159e-001,+1.406e-001,-6.314e-001,+2.655e-001,-2.843e-001,-7.795e-002,-1.750e-001,-3.242e-001,-6.563e-003,-3.212e-001,+2.131e-001,-6.179e-001,-9.061e-001,+5.455e-001,-7.839e-001,-5.299e-001 },
  {+5.293e-001,+2.059e-001,+1.698e-001,+3.984e-001,+3.506e-001,+6.637e-001,-2.862e-001,-1.309e+000,-1.415e-001,-9.765e-001,-8.038e-001,-2.634e-001,-4.157e-001,-5.145e-001,-9.225e-002,+6.249e+000,+2.957e-001,-5.000e-001,+5.283e-001,-7.703e-001,-1.129e+000,+8.700e-001,-3.431e-001,-3.041e-001,+4.118e-001,-1.376e-001,+3.248e-001,+5.465e-001,-3.241e-001,+1.165e-001,+2.803e-001,-4.928e-001,+1.743e-001,+3.932e-001,-6.580e-001,+3.684e-001,+1.436e-001,-5.907e-001,+7.537e-001,-5.365e-001,-6.025e-001,+1.199e-001,+5.725e-001,+9.220e-002,-4.791e-001,-2.343e-001,-1.400e-001,+3.889e-001,+1.106e-001,+2.133e-001 },
  {+6.192e-001,-5.531e-001,-4.095e-001,-2.750e-001,-6.056e-002,-7.022e-003,-1.033e-001,-1.073e-002,-7.062e-001,-5.101e-001,-2.704e-001,+7.165e-001,+7.440e-001,-1.645e-001,-6.806e-001,+2.957e-001,+6.281e+000,-1.995e-001,+4.997e-001,-4.282e-001,-2.839e-002,+2.241e-001,-1.351e-001,+1.234e-001,-3.052e-001,+1.794e-001,+4.199e-001,+2.355e-001,+2.363e-001,-5.482e-001,-7.989e-001,+2.761e-001,-2.536e-001,-3.979e-001,+2.513e-001,+5.889e-001,+3.927e-001,+3.087e-001,+1.800e-002,+3.187e-001,+1.360e-001,-1.307e-001,-6.111e-001,+5.357e-001,-1.347e-001,+6.216e-001,-8.315e-002,-1.809e-001,+2.340e-001,+4.018e-001 },
  {-3.481e-001,-7.803e-001,+8.598e-002,-2.634e-001,-1.103e+000,-8.571e-001,-9.154e-002,-2.116e-001,+1.928e-001,-7.042e-001,+6.771e-001,+5.693e-001,-5.710e-001,-2.284e-001,-6.937e-001,-5.000e-001,-1.995e-001,+6.853e+000,-5.499e-001,+7.168e-001,-1.402e-001,+6.524e-002,-6.244e-001,+2.723e-001,+5.890e-001,+7.988e-001,-2.529e-001,-1.790e-001,-3.556e-001,-5.020e-002,-3.100e-001,-7.502e-002,+3.808e-001,+1.810e-001,+5.696e-001,-2.256e-001,+2.840e-001,-5.432e-001,-4.134e-001,+6.313e-001,-1.854e-001,-2.737e-001,+5.232e-001,+3.744e-001,-3.399e-001,+3.643e-001,+4.906e-001,+5.774e-001,+1.587e-001,-8.405e-001 },
  {-3.391e-001,-6.478e-001,-3.457e-001,-8.952e-002,-9.128e-001,-6.208e-001,-8.123e-001,+6.147e-001,+5.651e-001,+1.017e-001,-9.496e-003,+7.524e-001,+1.046e-001,-3.360e-001,+4.536e-001,+5.283e-001,+4.997e-001,-5.499e-001,+6.516e+000,+4.095e-001,+5.007e-001,-7.821e-001,+1.747e-001,-1.575e-001,-4.209e-002,-5.488e-001,-8.322e-001,+5.105e-002,+5.654e-001,+3.276e-001,+2.589e-001,+2.151e-001,+4.321e-001,+1.969e-001,+1.271e-001,+1.458e-001,-2.717e-001,-3.107e-001,-3.625e-001,-2.396e-001,+1.886e-001,-4.623e-002,+7.828e-001,-2.419e-001,+7.884e-001,-6.253e-001,-4.820e-001,+4.990e-001,+7.648e-002,+4.112e-001 },
  {-8.820e-001,-3.205e-001,-4.822e-001,-4.116e-001,+2.638e-001,-2.992e-001,-3.982e-001,-5.547e-002,+3.853e-001,+3.799e-001,-6.441e-002,+2.262e-001,+4.162e-002,-8.278e-002,+3.019e-001,-7.703e-001,-4.282e-001,+7.168e-001,+4.095e-001,+6.020e+000,+6.130e-001,+7.198e-003,-4.864e-001,+2.734e-001,-4.274e-001,-7.166e-001,-1.947e-001,+7.137e-001,-7.033e-001,+6.590e-001,+4.237e-001,+1.377e-001,+4.565e-001,+4.184e-001,-1.921e-001,+3.360e-001,+5.210e-001,+6.215e-001,+7.181e-002,-3.797e-001,-3.072e-001,+6.406e-001,+6.415e-001,+3.155e-001,+3.770e-001,-1.869e-001,-1.544e-002,+5.968e-001,+4.920e-001,-6.865e-001 },
  {+3.135e-001,-3.861e-001,+2.917e-001,-3.989e-001,+2.372e-001,+7.157e-001,-8.849e-002,-1.607e-001,-1.047e+000,+2.514e-001,-2.902e-001,-2.963e-002,-9.898e-001,-4.043e-001,-1.345e-002,-1.129e+000,-2.839e-002,-1.402e-001,+5.007e-001,+6.130e-001,+6.245e+000,+1.014e+000,+2.731e-001,+4.206e-002,-5.101e-001,-2.303e-001,+1.745e-001,+6.033e-001,-6.506e-001,+5.812e-002,+4.502e-002,+4.741e-002,-4.491e-002,+5.465e-002,+2.073e-001,-9.389e-001,-7.536e-001,-6.648e-002,-5.587e-001,-3.141e-001,-1.381e+000,+2.494e-001,-2.640e-002,+1.740e-001,-2.157e-001,+3.196e-001,-5.135e-002,-3.863e-001,-4.120e-001,+3.600e-001 },
  {+1.790e-001,+4.270e-003,+6.547e-001,-6.685e-001,+4.876e-001,+5.094e-001,+4.456e-001,+4.859e-001,-1.657e-001,-6.304e-001,-3.758e-001,-4.597e-001,-3.335e-001,+1.503e-001,-5.181e-001,+8.700e-001,+2.241e-001,+6.524e-002,-7.821e-001,+7.198e-003,+1.014e+000,+5.674e+000,-1.281e-001,-3.631e-001,+2.595e-002,+3.062e-001,-2.590e-002,-3.518e-001,-1.520e-001,+1.624e-001,-4.923e-002,-1.828e-001,-2.250e-003,-1.055e+000,-1.561e-001,-1.391e-001,+8.787e-002,+2.495e-001,-3.049e-001,-1.952e-001,+1.952e-001,-8.895e-001,-5.979e-001,+1.881e-001,-8.473e-002,-9.072e-001,-1.237e+000,-4.335e-001,-6.424e-002,+3.909e-001 },
  {+6.607e-001,+5.231e-001,+9.889e-001,-4.990e-001,+2.973e-001,-2.646e-001,+1.888e-001,-3.324e-001,-3.206e-001,+7.208e-001,-2.200e-001,+9.461e-003,-2.573e-001,+2.841e-001,-4.325e-001,-3.431e-001,-1.351e-001,-6.244e-001,+1.747e-001,-4.864e-001,+2.731e-001,-1.281e-001,+5.035e+000,+6.236e-001,+1.220e+000,-4.716e-001,+1.284e-001,-4.943e-001,-3.021e-001,+4.561e-001,+4.308e-002,+3.759e-001,-2.565e-002,-7.929e-001,+2.570e-001,-5.040e-001,+4.553e-001,-1.151e+000,+2.943e-003,-5.967e-001,-4.106e-001,+2.027e-002,+7.845e-001,+7.749e-001,-6.226e-001,+3.205e-001,-1.324e-001,+3.334e-001,+1.111e-001,-6.125e-001 },
  {+3.060e-001,-1.698e-001,+9.613e-001,+4.623e-001,-4.059e-001,+7.939e-002,+2.499e-001,+4.556e-001,-6.163e-001,-5.050e-002,+1.929e-001,+4.159e-001,+9.236e-001,-3.560e-001,+3.283e-001,-3.041e-001,+1.234e-001,+2.723e-001,-1.575e-001,+2.734e-001,+4.206e-002,-3.631e-001,+6.236e-001,+6.219e+000,-7.311e-001,+4.976e-001,-3.961e-001,-5.492e-001,-4.631e-001,-1.365e-001,-5.697e-001,-3.241e-001,-1.090e-001,+2.039e-001,-3.761e-001,-4.155e-001,+1.498e-001,-8.074e-001,-2.793e-001,+2.591e-001,+1.403e-001,+1.415e-002,+1.914e-001,+5.857e-001,+2.740e-001,-8.196e-001,+1.224e-001,-1.826e-001,+3.364e-001,+2.242e-002 },
  {-3.275e-001,-5.737e-001,-2.583e-001,+4.634e-001,-4.468e-001,-8.655e-002,+9.913e-002,-5.909e-001,+6.189e-001,+1.021e+000,-7.358e-001,-3.944e-001,+5.036e-001,+1.697e-001,+2.094e-001,+4.118e-001,-3.052e-001,+5.890e-001,-4.209e-002,-4.274e-001,-5.101e-001,+2.595e-002,+1.220e+000,-7.311e-001,+4.751e+000,+1.789e-001,-7.714e-001,-2.130e-001,-3.795e-001,+3.235e-001,-7.046e-001,+5.742e-001,+3.006e-002,-2.355e-001,+3.041e-001,+3.781e-001,+5.991e-001,+1.418e-001,+1.560e-001,-6.357e-001,-5.749e-002,+4.688e-001,-1.660e-001,-1.136e+000,+1.941e-001,-7.841e-001,+5.595e-001,+4.457e-001,+2.320e-001,+4.321e-001 },
  {+4.766e-001,+1.468e-001,+1.023e+000,+3.590e-001,-5.118e-001,-2.037e-001,-7.057e-003,-3.742e-001,-7.889e-002,-4.219e-002,+2.448e-001,+8.318e-001,-2.296e-001,+1.248e-001,-7.683e-001,-1.376e-001,+1.794e-001,+7.988e-001,-5.488e-001,-7.166e-001,-2.303e-001,+3.062e-001,-4.716e-001,+4.976e-001,+1.789e-001,+5.686e+000,+2.627e-001,-1.098e-002,+1.551e-001,+2.659e-001,+6.649e-002,-2.028e-001,+2.579e-001,-1.794e-001,+5.157e-001,+1.887e-001,-1.977e-001,-1.294e-001,-2.553e-001,-3.015e-002,-2.840e-002,-1.224e+000,+9.135e-001,+6.432e-001,+5.264e-001,+9.158e-002,-2.342e-001,+3.329e-001,+6.528e-003,+4.110e-002 },
  {-2.978e-001,-8.707e-001,+4.832e-001,+1.503e-001,+5.136e-001,-1.518e-001,-3.156e-001,+3.902e-001,-7.052e-002,+1.565e-001,-4.050e-001,+5.755e-002,+3.145e-001,+2.524e-001,-1.599e-001,+3.248e-001,+4.199e-001,-2.529e-001,-8.322e-001,-1.947e-001,+1.745e-001,-2.590e-002,+1.284e-001,-3.961e-001,-7.714e-001,+2.627e-001,+6.526e+000,-2.065e-001,-3.483e-001,-2.008e-001,-7.661e-001,+8.619e-001,-6.064e-001,-2.266e-002,+2.030e-001,-1.907e-002,-7.570e-002,-6.141e-001,-2.531e-001,+2.376e-001,-2.822e-001,-1.099e-001,+7.134e-002,-1.316e-001,-5.259e-001,+4.303e-001,-2.396e-002,-4.091e-001,+1.995e-001,-3.953e-001 },
  {+8.606e-002,-4.179e-001,+3.653e-001,-5.081e-001,+8.584e-002,+7.439e-002,+2.117e-001,-1.893e-001,-3.826e-001,+7.487e-001,+2.934e-001,-1.913e-001,+2.399e-001,+9.338e-002,+5.452e-001,+5.465e-001,+2.355e-001,-1.790e-001,+5.105e-002,+7.137e-001,+6.033e-001,-3.518e-001,-4.943e-001,-5.492e-001,-2.130e-001,-1.098e-002,-2.065e-001,+6.110e+000,-5.489e-001,+1.580e-001,-4.592e-001,-1.821e-001,-5.932e-001,-6.818e-001,+7.743e-002,-2.483e-001,-8.324e-001,+1.600e-002,-2.248e-001,-1.093e+000,-3.426e-001,+3.679e-001,-9.166e-001,+1.050e+000,-6.926e-001,-5.383e-002,-1.440e-001,-4.162e-001,-2.479e-002,-4.720e-001 },
  {-1.162e+000,-1.042e-001,-1.434e-001,+3.623e-001,+2.512e-001,-4.463e-001,+9.538e-002,-7.137e-001,-3.932e-001,-2.877e-001,-3.950e-001,-9.502e-002,-1.887e-001,+5.492e-001,+5.950e-001,-3.241e-001,+2.363e-001,-3.556e-001,+5.654e-001,-7.033e-001,-6.506e-001,-1.520e-001,-3.021e-001,-4.631e-001,-3.795e-001,+1.551e-001,-3.483e-001,-5.489e-001,+6.726e+000,+4.989e-002,+1.071e-001,+1.238e-001,-1.262e-001,+1.016e-001,+1.708e-001,-2.352e-001,-1.171e-002,-4.891e-001,-5.515e-001,-2.709e-001,+2.817e-002,+4.436e-002,+6.997e-002,+4.988e-002,-9.464e-001,-3.601e-001,-2.588e-001,-1.396e-001,+9.228e-001,+4.215e-002 },
  {+5.757e-001,-2.066e-001,+2.480e-001,-5.466e-001,-3.618e-001,-1.157e-002,-5.627e-001,+5.607e-001,+2.236e-001,+2.448e-001,-1.622e-001,-7.120e-001,+3.933e-002,+2.926e-002,-3.355e-002,+1.165e-001,-5.482e-001,-5.020e-002,+3.276e-001,+6.590e-001,+5.812e-002,+1.624e-001,+4.561e-001,-1.365e-001,+3.235e-001,+2.659e-001,-2.008e-001,+1.580e-001,+4.989e-002,+6.265e+000,+1.660e-001,-3.475e-001,+2.202e-001,+1.753e-001,-2.556e-001,-6.088e-001,+5.329e-002,+1.944e-001,-2.653e-001,+2.017e-002,-2.446e-001,+4.140e-001,-8.892e-001,+2.990e-001,+3.684e-002,-5.319e-001,-6.312e-001,-1.806e-001,-1.120e-001,+3.238e-001 },
  {+3.194e-001,+1.940e-002,+5.430e-002,-7.750e-002,+7.776e-001,-7.652e-001,-6.269e-001,+9.396e-003,+3.136e-001,-6.198e-002,-2.358e-001,-3.785e-001,+4.588e-001,+2.571e-001,-1.152e-001,+2.803e-001,-7.989e-001,-3.100e-001,+2.589e-001,+4.237e-001,+4.502e-002,-4.923e-002,+4.308e-002,-5.697e-001,-7.046e-001,+6.649e-002,-7.661e-001,-4.592e-001,+1.071e-001,+1.660e-001,+6.062e+000,+6.646e-001,-2.790e-002,+4.201e-001,-1.793e-001,-5.020e-001,+9.423e-001,-7.166e-001,+1.947e-001,-1.143e-001,+1.182e-001,+2.070e-001,+4.704e-002,-2.175e-001,-1.260e+000,+5.550e-001,-1.634e-003,-1.350e-001,+6.049e-002,-4.605e-002 },
  {-3.344e-001,-5.100e-001,+1.009e-001,+3.377e-001,-3.113e-001,+1.949e-001,+9.721e-001,-2.870e-001,+2.550e-001,-9.659e-001,-3.596e-001,+1.598e-001,-4.020e-001,+6.225e-001,-3.752e-001,-4.928e-001,+2.761e-001,-7.502e-002,+2.151e-001,+1.377e-001,+4.741e-002,-1.828e-001,+3.759e-001,-3.241e-001,+5.742e-001,-2.028e-001,+8.619e-001,-1.821e-001,+1.238e-001,-3.475e-001,+6.646e-001,+5.318e+000,-5.815e-001,-5.714e-001,-6.019e-001,-5.761e-001,-2.384e-001,+6.353e-002,+5.617e-002,-1.772e-001,+6.709e-001,-2.357e-001,-2.904e-001,+3.282e-001,+1.111e-001,+1.361e-001,+2.078e-001,-2.538e-001,+2.089e-001,+5.709e-001 },
  {-1.902e-001,-6.829e-001,-9.717e-001,+2.656e-001,-3.932e-001,+4.816e-001,+7.048e-001,-7.816e-002,-6.087e-001,+4.836e-001,-5.978e-001,-2.523e-001,+5.072e-002,-6.487e-001,-1.187e+000,+1.743e-001,-2.536e-001,+3.808e-001,+4.321e-001,+4.565e-001,-4.491e-002,-2.250e-003,-2.565e-002,-1.090e-001,+3.006e-002,+2.579e-001,-6.064e-001,-5.932e-001,-1.262e-001,+2.202e-001,-2.790e-002,-5.815e-001,+5.331e+000,-2.307e-001,-4.664e-001,-6.349e-001,-3.480e-001,+9.528e-001,-7.123e-002,-2.537e-001,+6.962e-001,-8.438e-001,-1.074e-001,-2.035e-001,-3.088e-001,+1.072e-001,-8.082e-002,+1.227e+000,+9.581e-002,-8.976e-001 },
  {-3.670e-001,-6.375e-002,-2.047e-001,+7.365e-001,+2.800e-001,+2.531e-001,+5.461e-001,-8.207e-001,-9.852e-002,-1.474e-001,+1.417e-001,+1.744e-001,+1.899e-001,+1.824e-001,+1.024e+000,+3.932e-001,-3.979e-001,+1.810e-001,+1.969e-001,+4.184e-001,+5.465e-002,-1.055e+000,-7.929e-001,+2.039e-001,-2.355e-001,-1.794e-001,-2.266e-002,-6.818e-001,+1.016e-001,+1.753e-001,+4.201e-001,-5.714e-001,-2.307e-001,+6.084e+000,+1.559e-001,-1.785e-001,+4.322e-001,+3.624e-002,-4.136e-001,+8.589e-002,-4.461e-001,-2.435e-001,+1.661e-001,+4.921e-001,-4.142e-001,-9.258e-001,+5.082e-002,-3.113e-001,+1.255e-001,+4.307e-002 },
  {+3.784e-002,-6.032e-001,+2.869e-001,-1.890e-001,+2.786e-002,+8.811e-002,-1.532e-001,-4.111e-001,-7.246e-001,-6.237e-001,-3.459e-001,-7.244e-001,-2.059e-001,+3.710e-002,-5.159e-001,-6.580e-001,+2.513e-001,+5.696e-001,+1.271e-001,-1.921e-001,+2.073e-001,-1.561e-001,+2.570e-001,-3.761e-001,+3.041e-001,+5.157e-001,+2.030e-001,+7.743e-002,+1.708e-001,-2.556e-001,-1.793e-001,-6.019e-001,-4.664e-001,+1.559e-001,+5.944e+000,-1.637e-001,-8.799e-002,-5.961e-001,+4.130e-001,-4.804e-001,+8.497e-002,-2.805e-001,-4.885e-002,-8.699e-001,+2.116e-001,-5.247e-001,+3.770e-001,-6.460e-001,-4.103e-001,+4.714e-002 },
  {+3.503e-001,+3.138e-001,+5.413e-001,-6.818e-001,-1.174e+000,-9.779e-001,+5.245e-001,+4.112e-001,-2.718e-001,-3.928e-001,-2.366e-002,+2.075e-002,-2.818e-001,+4.213e-001,+1.406e-001,+3.684e-001,+5.889e-001,-2.256e-001,+1.458e-001,+3.360e-001,-9.389e-001,-1.391e-001,-5.040e-001,-4.155e-001,+3.781e-001,+1.887e-001,-1.907e-002,-2.483e-001,-2.352e-001,-6.088e-001,-5.020e-001,-5.761e-001,-6.349e-001,-1.785e-001,-1.637e-001,+6.293e+000,-1.209e+000,-5.850e-001,+4.014e-001,+9.918e-002,-2.236e-001,-4.032e-001,-8.303e-002,-5.569e-001,-9.767e-002,+2.006e-001,-5.522e-001,+3.280e-001,+5.104e-001,-2.388e-001 },
  {-7.233e-001,+2.745e-001,+7.460e-002,-1.610e-001,-2.384e-001,+3.095e-001,-4.737e-001,-4.085e-002,-3.029e-001,-4.268e-001,-2.772e-001,-8.137e-001,-1.153e-001,-4.059e-001,-6.314e-001,+1.436e-001,+3.927e-001,+2.840e-001,-2.717e-001,+5.210e-001,-7.536e-001,+8.787e-002,+4.553e-001,+1.498e-001,+5.991e-001,-1.977e-001,-7.570e-002,-8.324e-001,-1.171e-002,+5.329e-002,+9.423e-001,-2.384e-001,-3.480e-001,+4.322e-001,-8.799e-002,-1.209e+000,+5.769e+000,-6.275e-001,-3.930e-001,+4.906e-001,-1.294e-001,-1.740e-002,-2.359e-002,-1.122e+000,+1.831e-001,+2.049e-001,+3.002e-001,+1.766e-001,-8.921e-002,+1.047e-001 },
  {+9.486e-001,+8.271e-001,+9.129e-001,+3.492e-001,-2.224e-001,-1.054e-001,+1.424e-002,-4.549e-001,+6.736e-001,+3.582e-002,+4.805e-001,-6.354e-001,+3.585e-001,+1.341e-001,+2.655e-001,-5.907e-001,+3.087e-001,-5.432e-001,-3.107e-001,+6.215e-001,-6.648e-002,+2.495e-001,-1.151e+000,-8.074e-001,+1.418e-001,-1.294e-001,-6.141e-001,+1.600e-002,-4.891e-001,+1.944e-001,-7.166e-001,+6.353e-002,+9.528e-001,+3.624e-002,-5.961e-001,-5.850e-001,-6.275e-001,+4.712e+000,+1.085e-001,-2.762e-001,-1.897e-001,-7.628e-002,-4.583e-001,+6.330e-002,+3.689e-001,+6.934e-003,-3.395e-001,-7.741e-001,-2.426e-001,+4.879e-001 },
  {-5.761e-001,-5.959e-001,-6.526e-001,-2.622e-001,+2.619e-001,+1.109e+000,-8.005e-001,-4.444e-001,-9.128e-001,+2.456e-001,-1.156e-001,-1.356e-001,+2.837e-001,-8.660e-002,-2.843e-001,+7.537e-001,+1.800e-002,-4.134e-001,-3.625e-001,+7.181e-002,-5.587e-001,-3.049e-001,+2.943e-003,-2.793e-001,+1.560e-001,-2.553e-001,-2.531e-001,-2.248e-001,-5.515e-001,-2.653e-001,+1.947e-001,+5.617e-002,-7.123e-002,-4.136e-001,+4.130e-001,+4.014e-001,-3.930e-001,+1.085e-001,+5.571e+000,+4.117e-001,-5.028e-001,-4.089e-001,-3.574e-001,+3.431e-001,-5.128e-003,-1.963e-001,-6.850e-001,+1.183e-001,+1.575e-001,-2.772e-001 },
  {+1.962e-001,+1.877e-001,-7.154e-002,+2.450e-001,+7.623e-001,+9.283e-002,+1.288e+000,+4.068e-001,+2.077e-001,+5.448e-001,-5.302e-001,+1.645e-001,-1.751e-001,+3.127e-001,-7.795e-002,-5.365e-001,+3.187e-001,+6.313e-001,-2.396e-001,-3.797e-001,-3.141e-001,-1.952e-001,-5.967e-001,+2.591e-001,-6.357e-001,-3.015e-002,+2.376e-001,-1.093e+000,-2.709e-001,+2.017e-002,-1.143e-001,-1.772e-001,-2.537e-001,+8.589e-002,-4.804e-001,+9.918e-002,+4.906e-001,-2.762e-001,+4.117e-001,+5.625e+000,-6.919e-001,-3.040e-002,+5.615e-002,-4.939e-002,-1.029e-001,-7.297e-001,+5.269e-001,+7.002e-002,+4.396e-002,-4.991e-001 },
  {-1.375e-001,-6.438e-002,+5.821e-001,-6.180e-001,+5.794e-002,+1.744e-001,+1.740e-001,+5.681e-001,-8.266e-001,+5.632e-001,-1.256e-001,+7.229e-001,-5.191e-001,+1.688e-001,-1.750e-001,-6.025e-001,+1.360e-001,-1.854e-001,+1.886e-001,-3.072e-001,-1.381e+000,+1.952e-001,-4.106e-001,+1.403e-001,-5.749e-002,-2.840e-002,-2.822e-001,-3.426e-001,+2.817e-002,-2.446e-001,+1.182e-001,+6.709e-001,+6.962e-001,-4.461e-001,+8.497e-002,-2.236e-001,-1.294e-001,-1.897e-001,-5.028e-001,-6.919e-001,+6.101e+000,+1.155e+000,-6.137e-001,+2.540e-001,+3.615e-001,+1.036e-001,+1.144e-001,-5.736e-002,-2.149e-001,+7.829e-001 },
  {-2.135e-001,+1.822e-001,+4.239e-001,-1.545e-001,+1.146e-001,+6.428e-001,+6.936e-002,-5.682e-001,+6.743e-002,-7.338e-002,-7.429e-001,+6.231e-001,-2.782e-001,-1.168e-001,-3.242e-001,+1.199e-001,-1.307e-001,-2.737e-001,-4.623e-002,+6.406e-001,+2.494e-001,-8.895e-001,+2.027e-002,+1.415e-002,+4.688e-001,-1.224e+000,-1.099e-001,+3.679e-001,+4.436e-002,+4.140e-001,+2.070e-001,-2.357e-001,-8.438e-001,-2.435e-001,-2.805e-001,-4.032e-001,-1.740e-002,-7.628e-002,-4.089e-001,-3.040e-002,+1.155e+000,+6.764e+000,-2.664e-001,+2.792e-001,-4.047e-001,+1.622e-001,-6.015e-001,-1.079e-001,+2.754e-001,+4.285e-001 },
  {+1.646e-002,-1.254e+000,-4.568e-002,-1.249e+000,+7.999e-002,+1.667e-001,-3.857e-001,-3.016e-001,-5.843e-001,+3.838e-001,-2.540e-001,+5.845e-002,+1.849e-001,-4.871e-001,-6.563e-003,+5.725e-001,-6.111e-001,+5.232e-001,+7.828e-001,+6.415e-001,-2.640e-002,-5.979e-001,+7.845e-001,+1.914e-001,-1.660e-001,+9.135e-001,+7.134e-002,-9.166e-001,+6.997e-002,-8.892e-001,+4.704e-002,-2.904e-001,-1.074e-001,+1.661e-001,-4.885e-002,-8.303e-002,-2.359e-002,-4.583e-001,-3.574e-001,+5.615e-002,-6.137e-001,-2.664e-001,+5.812e+000,-1.265e-001,-8.827e-001,-2.761e-001,+3.735e-001,+2.823e-001,-2.782e-001,+7.572e-001 },
  {+6.498e-001,-1.578e-001,-1.907e-001,+2.132e-001,+1.475e-001,-2.145e-002,-5.222e-001,-1.481e-001,-6.375e-001,-1.160e+000,-1.567e-001,+8.347e-001,-2.430e-001,-2.456e-001,-3.212e-001,+9.220e-002,+5.357e-001,+3.744e-001,-2.419e-001,+3.155e-001,+1.740e-001,+1.881e-001,+7.749e-001,+5.857e-001,-1.136e+000,+6.432e-001,-1.316e-001,+1.050e+000,+4.988e-002,+2.990e-001,-2.175e-001,+3.282e-001,-2.035e-001,+4.921e-001,-8.699e-001,-5.569e-001,-1.122e+000,+6.330e-002,+3.431e-001,-4.939e-002,+2.540e-001,+2.792e-001,-1.265e-001,+6.351e+000,-4.295e-001,+5.485e-001,-1.054e+000,-3.726e-001,+2.779e-001,-1.040e-001 },
  {-6.019e-001,+6.126e-002,-2.954e-001,-6.268e-001,+4.583e-001,-5.703e-002,-7.537e-003,-2.105e-002,+3.229e-001,-1.123e-001,-3.078e-001,+5.238e-001,+1.962e-001,+2.464e-001,+2.131e-001,-4.791e-001,-1.347e-001,-3.399e-001,+7.884e-001,+3.770e-001,-2.157e-001,-8.473e-002,-6.226e-001,+2.740e-001,+1.941e-001,+5.264e-001,-5.259e-001,-6.926e-001,-9.464e-001,+3.684e-002,-1.260e+000,+1.111e-001,-3.088e-001,-4.142e-001,+2.116e-001,-9.767e-002,+1.831e-001,+3.689e-001,-5.128e-003,-1.029e-001,+3.615e-001,-4.047e-001,-8.827e-001,-4.295e-001,+5.643e+000,+1.246e+000,-2.342e-001,+8.912e-002,+2.361e-001,-5.601e-001 },
  {-3.725e-001,-1.119e-001,+4.382e-001,-1.947e-001,-3.498e-001,-5.860e-001,-1.727e-001,-3.092e-001,+3.912e-002,-2.944e-001,+6.801e-001,+3.083e-001,-3.841e-001,+5.360e-001,-6.179e-001,-2.343e-001,+6.216e-001,+3.643e-001,-6.253e-001,-1.869e-001,+3.196e-001,-9.072e-001,+3.205e-001,-8.196e-001,-7.841e-001,+9.158e-002,+4.303e-001,-5.383e-002,-3.601e-001,-5.319e-001,+5.550e-001,+1.361e-001,+1.072e-001,-9.258e-001,-5.247e-001,+2.006e-001,+2.049e-001,+6.934e-003,-1.963e-001,-7.297e-001,+1.036e-001,+1.622e-001,-2.761e-001,+5.485e-001,+1.246e+000,+5.272e+000,-2.926e-001,-6.167e-003,-1.239e+000,-1.882e-001 },
  {+4.232e-001,+8.183e-001,+5.846e-003,-1.042e-001,+2.334e-001,-2.109e-001,-8.689e-001,+9.259e-001,+1.880e-001,+6.334e-002,+9.969e-003,-2.710e-001,-2.757e-001,-5.641e-001,-9.061e-001,-1.400e-001,-8.315e-002,+4.906e-001,-4.820e-001,-1.544e-002,-5.135e-002,-1.237e+000,-1.324e-001,+1.224e-001,+5.595e-001,-2.342e-001,-2.396e-002,-1.440e-001,-2.588e-001,-6.312e-001,-1.634e-003,+2.078e-001,-8.082e-002,+5.082e-002,+3.770e-001,-5.522e-001,+3.002e-001,-3.395e-001,-6.850e-001,+5.269e-001,+1.144e-001,-6.015e-001,+3.735e-001,-1.054e+000,-2.342e-001,-2.926e-001,+5.198e+000,-1.076e-002,+6.193e-001,-1.759e-001 },
  {-1.458e-001,+2.916e-002,-4.176e-001,-2.916e-001,-5.507e-002,-1.577e-001,-4.639e-001,-9.171e-001,-2.201e-001,-2.717e-001,+2.844e-001,+1.309e-001,+3.327e-001,+3.020e-001,+5.455e-001,+3.889e-001,-1.809e-001,+5.774e-001,+4.990e-001,+5.968e-001,-3.863e-001,-4.335e-001,+3.334e-001,-1.826e-001,+4.457e-001,+3.329e-001,-4.091e-001,-4.162e-001,-1.396e-001,-1.806e-001,-1.350e-001,-2.538e-001,+1.227e+000,-3.113e-001,-6.460e-001,+3.280e-001,+1.766e-001,-7.741e-001,+1.183e-001,+7.002e-002,-5.736e-002,-1.079e-001,+2.823e-001,-3.726e-001,+8.912e-002,-6.167e-003,-1.076e-002,+6.353e+000,-7.052e-001,+7.053e-001 },
  {-3.522e-002,+4.014e-001,-1.834e-002,-7.418e-001,+1.571e-001,-6.710e-001,-3.649e-001,+6.207e-002,+4.051e-001,+2.226e-001,+5.404e-001,-5.634e-001,-2.854e-001,-5.518e-001,-7.839e-001,+1.106e-001,+2.340e-001,+1.587e-001,+7.648e-002,+4.920e-001,-4.120e-001,-6.424e-002,+1.111e-001,+3.364e-001,+2.320e-001,+6.528e-003,+1.995e-001,-2.479e-002,+9.228e-001,-1.120e-001,+6.049e-002,+2.089e-001,+9.581e-002,+1.255e-001,-4.103e-001,+5.104e-001,-8.921e-002,-2.426e-001,+1.575e-001,+4.396e-002,-2.149e-001,+2.754e-001,-2.782e-001,+2.779e-001,+2.361e-001,-1.239e+000,+6.193e-001,-7.052e-001,+6.820e+000,-5.176e-002 },
  {-2.336e-001,-7.387e-002,-6.940e-002,+2.172e-001,-3.490e-001,-2.767e-001,+5.881e-001,-3.918e-002,+6.601e-001,+4.777e-001,+1.416e-001,-4.957e-001,+8.869e-002,-9.026e-001,-5.299e-001,+2.133e-001,+4.018e-001,-8.405e-001,+4.112e-001,-6.865e-001,+3.600e-001,+3.909e-001,-6.125e-001,+2.242e-002,+4.321e-001,+4.110e-002,-3.953e-001,-4.720e-001,+4.215e-002,+3.238e-001,-4.605e-002,+5.709e-001,-8.976e-001,+4.307e-002,+4.714e-002,-2.388e-001,+1.047e-001,+4.879e-001,-2.772e-001,-4.991e-001,+7.829e-001,+4.285e-001,+7.572e-001,-1.040e-001,-5.601e-001,-1.882e-001,-1.759e-001,+7.053e-001,-5.176e-002,+5.915e+000 }   }
}
yMat = 
{
{ {+9.097e-002,+1.283e-001,+1.317e-001,+3.160e-002,-1.824e-002,-5.992e-002,+1.447e-005,+7.445e-003,+4.416e-002,-6.465e-002,+7.272e-002,-2.358e-002,-1.044e-002,+4.407e-004,-1.426e-002,-6.393e-002,+5.897e-002,-3.487e-002,-2.631e-002,+2.466e-002,+1.146e-002,-1.515e-003,-1.211e-001,-1.294e-002,+1.289e-001,-8.606e-002,+4.178e-002,+3.971e-002,+3.179e-002,+3.848e-003,+1.099e-002,-7.725e-003,+1.206e-001,+1.577e-002,-1.448e-002,-5.614e-002,-1.608e-002,-1.771e-001,+7.666e-002,+7.242e-003,-4.092e-003,-3.607e-003,+1.088e-001,+2.288e-002,+7.175e-002,-2.726e-002,-5.395e-002,-2.811e-002,-3.578e-002,+9.526e-003 },
  {+1.283e-001,+2.055e-001,+2.025e-001,+8.997e-002,-9.008e-004,-1.038e-001,+3.023e-002,+1.727e-002,+1.162e-001,-2.995e-002,+1.208e-001,-1.615e-002,+1.592e-002,+2.566e-002,+3.488e-004,-8.200e-002,+9.335e-002,-4.095e-002,-4.410e-002,-4.823e-003,+5.153e-002,+1.654e-002,-2.089e-001,-2.084e-002,+1.492e-001,-1.442e-001,+4.993e-002,+5.144e-002,+4.288e-002,+3.594e-002,+5.149e-004,+2.160e-002,+1.992e-001,+9.977e-003,+1.559e-002,-4.481e-002,+3.307e-002,-2.616e-001,+1.384e-001,-2.717e-002,-2.109e-003,+1.484e-002,+2.028e-001,+7.160e-002,+1.085e-001,-4.448e-002,-5.331e-002,-2.513e-002,-4.394e-002,-1.367e-002 },
  {+1.317e-001,+2.025e-001,+2.021e-001,+7.674e-002,-9.466e-003,-9.989e-002,+2.064e-002,+1.540e-002,+1.007e-001,-5.182e-002,+1.177e-001,-2.246e-002,+5.795e-003,+1.772e-002,-6.685e-003,-8.699e-002,+9.233e-002,-4.487e-002,-4.286e-002,+8.678e-003,+4.073e-002,+1.055e-002,-2.014e-001,-2.050e-002,+1.644e-001,-1.402e-001,+5.436e-002,+5.438e-002,+4.469e-002,+2.640e-002,+5.684e-003,+1.099e-002,+1.945e-001,+1.446e-002,+3.611e-003,-5.783e-002,+1.476e-002,-2.645e-001,+1.317e-001,-1.503e-002,-3.425e-003,+8.378e-003,+1.912e-001,+5.997e-002,+1.089e-001,-4.359e-002,-6.257e-002,-3.079e-002,-4.735e-002,-4.705e-003 },
  {+3.160e-002,+8.997e-002,+7.674e-002,+9.464e-002,+3.938e-002,-5.630e-002,+5.566e-002,+1.507e-002,+1.146e-001,+9.028e-002,+5.882e-002,+2.332e-002,+5.281e-002,+4.627e-002,+3.274e-002,-7.202e-003,+3.926e-002,+3.025e-003,-2.203e-002,-6.438e-002,+6.915e-002,+3.388e-002,-1.123e-001,-9.278e-003,-1.526e-002,-7.201e-002,-2.026e-003,+5.412e-003,+7.452e-003,+5.755e-002,-2.377e-002,+5.718e-002,+9.554e-002,-1.711e-002,+6.130e-002,+4.377e-002,+9.709e-002,-8.331e-002,+8.255e-002,-6.634e-002,+5.323e-003,+3.546e-002,+1.288e-001,+8.042e-002,+3.843e-002,-2.059e-002,+2.318e-002,+1.696e-002,-4.259e-004,-4.661e-002 },
  {-1.824e-002,-9.008e-004,-9.466e-003,+3.938e-002,+2.864e-002,-7.375e-003,+3.041e-002,+5.329e-003,+4.540e-002,+7.456e-002,+3.762e-003,+2.195e-002,+3.293e-002,+2.511e-002,+2.346e-002,+2.102e-002,-1.565e-003,+1.526e-002,-1.766e-003,-4.480e-002,+3.331e-002,+1.910e-002,-1.407e-002,-1.947e-005,-5.866e-002,-5.761e-003,-1.741e-002,-1.254e-002,-8.337e-003,+2.994e-002,-1.728e-002,+3.426e-002,+5.130e-003,-1.550e-002,+3.915e-002,+4.583e-002,+5.933e-002,+2.361e-002,+1.519e-002,-3.908e-002,+4.506e-003,+2.078e-002,+2.796e-002,+3.502e-002,-7.005e-003,-6.077e-004,+3.372e-002,+2.024e-002,+1.373e-002,-2.919e-002 },
  {-5.992e-002,-1.038e-001,-9.989e-002,-5.630e-002,-7.375e-003,+5.452e-002,-2.361e-002,-1.020e-002,-7.120e-002,-5.231e-003,-6.214e-002,+2.170e-003,-1.706e-002,-1.985e-002,-6.591e-003,+3.575e-002,-4.681e-002,+1.655e-002,+2.280e-002,+1.469e-002,-3.519e-002,-1.360e-002,+1.096e-001,+1.055e-002,-5.946e-002,+7.456e-002,-2.051e-002,-2.260e-002,-1.942e-002,-2.638e-002,+4.465e-003,-2.030e-002,-1.022e-001,-8.098e-004,-1.859e-002,+1.015e-002,-3.296e-002,+1.259e-001,-7.421e-002,+2.443e-002,-1.649e-004,-1.319e-002,-1.103e-001,-4.581e-002,-5.300e-002,+2.267e-002,+1.776e-002,+7.183e-003,+1.848e-002,+1.490e-002 },
  {+1.447e-005,+3.023e-002,+2.064e-002,+5.566e-002,+3.041e-002,-2.361e-002,+3.703e-002,+8.306e-003,+6.606e-002,+7.499e-002,+2.234e-002,+2.096e-002,+3.754e-002,+3.068e-002,+2.507e-002,+9.972e-003,+1.250e-002,+1.006e-002,-8.577e-003,-4.852e-002,+4.336e-002,+2.289e-002,-4.672e-002,-3.184e-003,-3.992e-002,-2.803e-002,-1.100e-002,-5.570e-003,-2.385e-003,+3.740e-002,-1.835e-002,+3.982e-002,+3.571e-002,-1.502e-002,+4.412e-002,+4.208e-002,+6.830e-002,-1.452e-002,+3.721e-002,-4.581e-002,+4.486e-003,+2.442e-002,+6.060e-002,+4.822e-002,+8.998e-003,-7.399e-003,+2.788e-002,+1.777e-002,+7.980e-003,-3.321e-002 },
  {+7.445e-003,+1.727e-002,+1.540e-002,+1.507e-002,+5.329e-003,-1.020e-002,+8.306e-003,+2.472e-003,+1.843e-002,+1.153e-002,+1.096e-002,+2.772e-003,+7.567e-003,+6.918e-003,+4.457e-003,-2.993e-003,+7.628e-003,-5.946e-004,-4.076e-003,-8.866e-003,+1.066e-002,+5.010e-003,-2.039e-002,-1.773e-003,+1.591e-003,-1.333e-002,+9.511e-004,+1.999e-003,+2.066e-003,+8.703e-003,-3.218e-003,+8.300e-003,+1.787e-002,-2.079e-003,+8.713e-003,+4.847e-003,+1.401e-002,-1.775e-002,+1.462e-002,-9.682e-003,+6.716e-004,+5.183e-003,+2.249e-002,+1.269e-002,+7.888e-003,-3.890e-003,+1.840e-003,+1.687e-003,-1.137e-003,-6.670e-003 },
  {+4.416e-002,+1.162e-001,+1.007e-001,+1.146e-001,+4.540e-002,-7.120e-002,+6.606e-002,+1.843e-002,+1.393e-001,+1.024e-001,+7.514e-002,+2.595e-002,+6.191e-002,+5.495e-002,+3.781e-002,-1.323e-002,+5.091e-002,+1.040e-003,-2.807e-002,-7.460e-002,+8.291e-002,+4.010e-002,-1.421e-001,-1.196e-002,-8.675e-003,-9.177e-002,+6.517e-004,+9.329e-003,+1.117e-002,+6.859e-002,-2.741e-002,+6.730e-002,+1.222e-001,-1.915e-002,+7.169e-002,+4.784e-002,+1.141e-001,-1.118e-001,+1.036e-001,-7.821e-002,+6.019e-003,+4.182e-002,+1.609e-001,+9.713e-002,+5.087e-002,-2.643e-002,+2.356e-002,+1.807e-002,-3.123e-003,-5.463e-002 },
