SDPA start at [Tue Sep 07 12:29:39 2021]
param  is ./param.sdpa 
data   is G:\Research\PhysarumSDPSolver\SDPA\testSet\large1\large-504.dat-s  : sparse
""Large randomly generated test with n = 50 and at most 10 conditions""
out    is G:\Research\PhysarumSDPSolver\SDPA\testSet\large1\large-504.dat-s.res
NumThreads  is set as 1
Schur computation : DENSE 
   mu      thetaP  thetaD  objP      objD      alphaP  alphaD  beta 
 0 1.0e+004 1.0e+000 1.0e+000 -0.00e+000 -2.37e+004 9.1e-001 1.0e+000 2.00e-001
 1 1.7e+003 9.2e-002 5.5e-016 +2.04e-001 -2.98e+004 9.9e-001 1.6e+000 2.00e-001
 2 2.9e+002 1.1e-003 6.0e-016 +2.44e-001 -1.40e+004 1.0e+000 1.1e+000 2.00e-001
 3 4.4e+001 9.2e-018 8.4e-016 +2.42e-001 -2.22e+003 8.6e+001 9.8e-001 1.00e-001
 4 5.2e+000 9.2e-018 1.9e-016 -1.88e+000 -2.61e+002 9.9e-001 9.9e-001 1.00e-001
 5 5.8e-001 9.2e-018 5.2e-018 -1.77e+000 -3.07e+001 1.1e+000 9.4e-001 1.00e-001
 6 8.9e-002 9.2e-018 6.3e-018 -2.20e+000 -6.63e+000 9.9e-001 7.4e-001 1.00e-001
 7 2.9e-002 9.2e-018 5.2e-018 -2.30e+000 -3.75e+000 1.3e+000 8.8e-001 1.00e-001
 8 5.9e-003 1.8e-017 2.1e-018 -2.32e+000 -2.62e+000 1.2e+000 9.8e-001 1.00e-001
 9 7.0e-004 1.8e-017 3.1e-018 -2.33e+000 -2.36e+000 1.2e+000 9.9e-001 1.00e-001
10 7.4e-005 1.8e-017 7.3e-018 -2.33e+000 -2.33e+000 1.2e+000 1.0e+000 1.00e-001
11 7.5e-006 1.8e-017 5.9e-017 -2.33e+000 -2.33e+000 1.2e+000 1.0e+000 1.00e-001
12 7.5e-007 1.8e-017 3.4e-017 -2.33e+000 -2.33e+000 1.2e+000 1.0e+000 1.00e-001
13 7.5e-008 2.8e-017 1.0e-016 -2.33e+000 -2.33e+000 1.2e+000 1.0e+000 1.00e-001
14 7.5e-009 2.8e-017 9.8e-016 -2.33e+000 -2.33e+000 9.0e-001 9.0e-001 1.00e-001

phase.value  = pdFEAS    
   Iteration = 14
          mu = +7.5392215270753122e-009
relative gap = +1.6193558380553513e-007
        gap  = +3.7696088961425289e-007
     digits  = +6.7906577086750000e+000
objValPrimal = -2.3278445060305337e+000
objValDual   = -2.3278448829914233e+000
p.feas.error = +2.6645352591003757e-015
d.feas.error = +1.3358203432289883e-011
total time   = 0.175320
** Paramters **
maxIteration = 100
epsilonStar  = +9.9999999999999995e-008
lambdaStar   = +1.0000000000000000e+002
omegaStar    = +2.0000000000000000e+000
lowerBound   = -1.0000000000000000e+005
upperBound   = +1.0000000000000000e+005
betaStar     = +1.0000000000000001e-001
betaBar      = +2.0000000000000001e-001
gammaStar    = +9.0000000000000002e-001
epsilonDash  = +9.9999999999999995e-008
xPrint       = %+8.3e 
XPrint       = %+8.3e 
YPrint       = %+8.3e 
infPrint     = %+10.16e 

                         Time(sec)  Ratio(% : MainLoop) 
 Predictor time  =       0.032414,  20.760904
 Corrector time  =       0.024001,  15.372446
 Make bMat time  =       0.016452,  10.537373
 Make bDia time  =       0.000000,  0.000000
 Make bF1  time  =       0.016452,  10.537373
 Make bF2  time  =       0.000000,  0.000000
 Make bF3  time  =       0.000000,  0.000000
 Make bPRE time  =       0.016452,  10.537373
 Make rMat time  =       0.000000,  0.000000
 Make gVec Mul   =       0.000000,  0.000000
 Make gVec time  =       0.000000,  0.000000
 Cholesky bMat   =       0.000000,  0.000000
 Ste Pre time    =       0.000000,  0.000000
 Ste Cor time    =       0.091670,  58.713892
 solve           =       0.000000,  0.000000
 sumDz           =       0.000000,  0.000000
 makedX          =       0.000000,  0.000000
 symmetriseDx    =       0.039963,  25.595978
 makedXdZ        =       0.039963,  25.595978
 xMatTime        =       0.000000,  0.000000
 zMatTime        =       0.000000,  0.000000
 invzMatTime     =       0.000000,  0.000000
 xMatzMatTime    =       0.000000,  0.000000
 EigxMatTime     =       0.048662,  31.167617
 EigzMatTime     =       0.043008,  27.546276
 EigxMatzMatTime =       0.000000,  0.000000
 updateRes       =       0.008045,  5.152757
 EigTime         =       0.091670,  58.713892
 sub_total_bMat  =       0.139678,  89.462627
 Main Loop       =       0.156130,  100.000000
 File Check      =       0.000000,  0.000000
 File Change     =       0.000000,  0.000000
 File Read       =       0.019190,  12.291040
 Total           =       0.175320,  112.291040

xVec = 
{-4.523e-003,-9.467e-003,-1.530e-003,-1.792e-003,-8.240e-003}
xMat = 
{
{ {+4.663e+000,+1.971e-001,+9.589e-002,-4.071e-001,+1.526e-001,-4.522e-001,-3.088e-001,-4.606e-001,+6.741e-002,-5.220e-001,+4.663e-002,-5.675e-002,+9.200e-002,+1.702e-001,-3.034e-001,+1.717e-001,-3.388e-001,+2.580e-001,-4.546e-001,-1.221e-001,-5.337e-002,-5.505e-002,+8.767e-001,-2.593e-001,+4.638e-002,+2.028e-001,+2.475e-002,+1.105e+000,-2.461e-001,+8.248e-002,-4.712e-002,+3.640e-001,-1.181e+000,-1.170e-001,-3.573e-001,-2.321e-001,+6.328e-001,+2.036e-001,-2.122e-001,+4.205e-001,+2.691e-001,-1.115e-001,+4.174e-001,-4.625e-001,+5.627e-001,+4.549e-001,+5.259e-001,+7.254e-002,+8.839e-001,-3.371e-002 },
  {+1.971e-001,+4.488e+000,-5.635e-001,+3.212e-001,+3.325e-001,+3.109e-001,-4.193e-001,+4.951e-001,-5.838e-001,-3.669e-001,-4.416e-001,+1.027e-001,+1.533e-001,-9.440e-002,-1.622e-001,+1.672e-002,-6.790e-001,-2.551e-002,-7.701e-001,+1.878e-001,+2.206e-001,-1.010e-001,+6.866e-001,+3.517e-001,+3.558e-001,-1.564e-001,-3.607e-001,+1.707e-001,+7.045e-002,-8.654e-002,+7.874e-001,-1.870e-001,+8.808e-001,-1.468e-002,+3.542e-001,-2.884e-001,+5.656e-001,+3.929e-001,+2.109e-001,+1.024e-002,-1.149e-001,-7.684e-001,-2.351e-001,+2.980e-001,+5.548e-001,+4.296e-001,+1.842e-001,-2.957e-003,+1.455e-002,+5.671e-001 },
  {+9.589e-002,-5.635e-001,+4.181e+000,+7.288e-001,-2.647e-001,+2.504e-002,-2.292e-001,-4.489e-001,+3.322e-001,-1.146e-001,+3.712e-001,-3.612e-001,-5.492e-001,-6.074e-002,+2.710e-002,+1.551e-001,-1.822e-001,+9.743e-002,+6.663e-002,+5.002e-001,+4.402e-001,+1.118e+000,-5.828e-001,-3.232e-001,+1.125e-002,-6.560e-002,+1.318e-001,+4.765e-001,-1.187e+000,+6.282e-001,-1.063e+000,+5.621e-001,-2.661e-001,+6.019e-001,+5.255e-001,-7.151e-002,-1.661e-002,-7.068e-001,+1.570e-001,-1.254e+000,-6.824e-001,-6.156e-001,+2.296e-001,-2.207e-002,+6.812e-002,+2.313e-001,+4.075e-001,-4.372e-001,-2.380e-001,-1.673e-001 },
  {-4.071e-001,+3.212e-001,+7.288e-001,+3.712e+000,+2.850e-001,-4.026e-002,+6.400e-002,+4.389e-002,+4.094e-001,-5.497e-002,-3.579e-001,-5.812e-001,+5.518e-002,-8.755e-002,+4.072e-002,+5.762e-001,+4.251e-001,+1.547e-001,+9.964e-001,-5.965e-002,+3.538e-001,+7.019e-001,-2.641e-001,+1.259e-001,-2.524e-001,-5.750e-001,+1.328e-001,-2.175e-001,+1.810e-001,+5.489e-002,+3.045e-001,-5.782e-001,+1.938e-001,-1.819e-001,+8.411e-001,-5.735e-001,-7.475e-001,+2.837e-001,+1.067e-001,-6.867e-001,+2.085e-001,-5.000e-001,-3.661e-001,-2.461e-002,+8.058e-001,-1.292e-001,-1.625e-001,-1.936e-001,-5.094e-001,-8.508e-001 },
  {+1.526e-001,+3.325e-001,-2.647e-001,+2.850e-001,+4.333e+000,-1.167e-001,-6.199e-002,+7.867e-002,+1.515e-002,-4.584e-001,+1.239e-001,-2.227e-001,+8.504e-001,-4.294e-001,+1.920e-003,+1.311e-001,+3.016e-001,+1.025e-001,-8.977e-003,-8.535e-001,+5.772e-001,-3.980e-001,+3.675e-001,+6.555e-001,-4.795e-001,+2.280e-001,-5.300e-001,+8.909e-001,-3.880e-001,-2.095e-001,+1.396e+000,-2.134e-001,-3.362e-002,+2.537e-001,+3.937e-001,-9.987e-002,-3.010e-001,+4.885e-001,-2.002e-001,-1.128e+000,+1.301e-001,+3.619e-001,-5.105e-001,+8.508e-002,-5.495e-001,-5.798e-001,-1.268e-001,-4.033e-001,-5.852e-002,-3.277e-002 },
  {-4.522e-001,+3.109e-001,+2.504e-002,-4.026e-002,-1.167e-001,+3.897e+000,+4.640e-001,+7.644e-001,-2.289e-001,+1.577e-001,-2.942e-001,+2.159e-001,+8.102e-001,-4.934e-001,+3.798e-001,-4.083e-001,+4.841e-001,+1.290e-001,+4.511e-001,-3.072e-002,-9.377e-002,-1.451e-001,+3.638e-001,+5.008e-002,+5.299e-001,-1.033e-001,-3.736e-001,-4.120e-001,+7.171e-002,+1.790e-001,-1.082e-001,+9.414e-001,-1.510e-002,-2.579e-001,+4.147e-001,-1.735e-001,+3.526e-002,+3.732e-001,-3.240e-001,+1.753e-001,+2.835e-001,-1.286e+000,+1.950e-001,-4.446e-001,+1.957e-002,-3.292e-001,-2.061e-001,+1.327e-002,+5.293e-003,+5.685e-001 },
  {-3.088e-001,-4.193e-001,-2.292e-001,+6.400e-002,-6.199e-002,+4.640e-001,+4.743e+000,-1.967e-001,-2.149e-001,-3.069e-002,+1.820e-001,-9.097e-001,+3.776e-001,-5.673e-001,+6.681e-001,-7.527e-001,+5.845e-002,+5.576e-001,+5.518e-001,-4.950e-001,-9.331e-001,+4.671e-001,-4.096e-001,-8.451e-001,+3.504e-001,-3.797e-001,+1.495e-001,+6.410e-001,+1.631e-001,-4.697e-001,+4.893e-001,-7.852e-001,+1.175e-001,-5.456e-001,+4.045e-001,+3.416e-001,-1.921e-001,+3.890e-001,-8.776e-001,+1.042e+000,+3.604e-001,-2.607e-001,-2.013e-001,-3.245e-001,-1.061e-001,-5.825e-001,+3.909e-001,+5.099e-001,+4.727e-001,+6.249e-001 },
  {-4.606e-001,+4.951e-001,-4.489e-001,+4.389e-002,+7.867e-002,+7.644e-001,-1.967e-001,+4.594e+000,-1.999e-001,-3.136e-001,-2.387e-001,+2.084e-001,-2.333e-001,-2.237e-001,-2.247e-001,-2.033e-001,-7.409e-001,-8.959e-001,+5.382e-001,+1.257e-001,-9.847e-001,-2.985e-001,-4.698e-002,-2.886e-001,-7.963e-001,-2.005e-001,+2.215e-001,-3.614e-001,+9.512e-002,+1.554e+000,+4.580e-001,-4.334e-001,+6.280e-001,+4.563e-002,+3.573e-001,-5.263e-001,-3.776e-001,+8.629e-001,+4.819e-001,-3.200e-001,+4.611e-001,+4.675e-001,+2.836e-001,-3.114e-001,-5.774e-002,+2.675e-001,-4.790e-001,-2.724e-002,+1.008e-001,-8.924e-002 },
  {+6.741e-002,-5.838e-001,+3.322e-001,+4.094e-001,+1.515e-002,-2.289e-001,-2.149e-001,-1.999e-001,+5.008e+000,+5.281e-001,+5.941e-001,+5.345e-001,-5.696e-001,-2.576e-001,-8.329e-001,+4.661e-003,-6.206e-001,-2.093e-001,-7.179e-003,-6.840e-001,-7.411e-001,+7.733e-002,-6.859e-001,+5.804e-001,-1.167e+000,+4.389e-002,+1.725e-001,+1.114e-001,-3.374e-002,-4.703e-001,+1.981e-001,+1.325e-001,+3.608e-001,+4.795e-001,-6.356e-002,-1.687e-001,+6.377e-001,-7.500e-002,+5.003e-001,+3.111e-001,-2.927e-001,-1.897e-001,+5.891e-002,+4.528e-001,+2.190e-001,+8.925e-004,-1.071e-001,-1.012e+000,-1.110e-001,+2.487e-001 },
  {-5.220e-001,-3.669e-001,-1.146e-001,-5.497e-002,-4.584e-001,+1.577e-001,-3.069e-002,-3.136e-001,+5.281e-001,+5.120e+000,+1.126e-001,+9.219e-001,-3.780e-001,+1.072e-001,-3.423e-003,-8.098e-001,+9.410e-001,+1.422e-001,+4.463e-001,-1.539e-001,-2.024e-001,+1.255e-001,-4.596e-001,+6.573e-001,-2.906e-001,-3.384e-002,+9.635e-002,-4.595e-001,-2.712e-001,+6.323e-002,-5.093e-001,+3.577e-001,-2.009e-004,-3.290e-001,-1.115e+000,+4.277e-001,+3.593e-001,-7.353e-002,+3.285e-001,+5.002e-001,-4.936e-002,+5.509e-001,-5.326e-002,+1.582e-001,-2.051e-001,+4.114e-001,+1.487e-001,+1.817e-001,+4.336e-001,+5.416e-001 },
  {+4.663e-002,-4.416e-001,+3.712e-001,-3.579e-001,+1.239e-001,-2.942e-001,+1.820e-001,-2.387e-001,+5.941e-001,+1.126e-001,+4.342e+000,-3.632e-001,+7.290e-002,-8.817e-001,+1.415e-001,-3.551e-001,+1.801e-001,+4.210e-002,+2.557e-001,+2.722e-001,+9.545e-002,-3.106e-001,-1.764e-001,+5.235e-001,-2.272e-001,-4.183e-001,+3.708e-001,+3.124e-001,+3.696e-001,-1.239e+000,-1.230e-001,-3.163e-001,+2.999e-001,-1.961e-001,+5.066e-001,+3.179e-001,+8.662e-001,+6.347e-002,-3.750e-001,+1.802e-001,-6.059e-001,-1.038e+000,-5.210e-001,-2.199e-001,-1.635e-001,+1.972e-001,+1.352e-003,-2.893e-001,+7.232e-001,+7.158e-002 },
  {-5.675e-002,+1.027e-001,-3.612e-001,-5.812e-001,-2.227e-001,+2.159e-001,-9.097e-001,+2.084e-001,+5.345e-001,+9.219e-001,-3.632e-001,+5.112e+000,-3.173e-001,+1.914e-001,-3.794e-001,-6.592e-002,+1.665e-002,-1.755e-001,-9.326e-003,+6.640e-001,+3.156e-001,+3.223e-001,+5.288e-001,-5.220e-001,-6.535e-001,+8.809e-002,-5.948e-001,-5.015e-001,+4.767e-002,-3.485e-002,+1.509e-001,-3.233e-001,+8.666e-001,+7.395e-001,-5.125e-001,+6.314e-002,+3.285e-001,-2.493e-001,-2.535e-001,+1.215e-001,-4.433e-001,+1.455e-001,+3.229e-001,-4.677e-001,-1.722e-001,-7.812e-001,+3.838e-001,-1.308e+000,+3.776e-001,-9.573e-002 },
  {+9.200e-002,+1.533e-001,-5.492e-001,+5.518e-002,+8.504e-001,+8.102e-001,+3.776e-001,-2.333e-001,-5.696e-001,-3.780e-001,+7.290e-002,-3.173e-001,+5.394e+000,-4.779e-001,+3.043e-001,+7.725e-001,+1.548e-001,-3.958e-001,-3.416e-001,+1.724e-001,+8.360e-001,-2.978e-001,+1.446e-001,-2.619e-001,-4.761e-001,+4.762e-001,+3.754e-001,-3.898e-001,-1.708e-001,-5.199e-001,+3.207e-001,-8.643e-001,+6.155e-001,-6.784e-001,-3.118e-001,+6.282e-001,+6.528e-002,+4.982e-001,-2.512e-001,+1.019e+000,+1.355e-001,+2.342e-002,-1.980e-001,+5.240e-001,-4.658e-001,-2.251e-001,-5.386e-001,-3.478e-001,+8.394e-001,-8.220e-002 },
  {+1.702e-001,-9.440e-002,-6.074e-002,-8.755e-002,-4.294e-001,-4.934e-001,-5.673e-001,-2.237e-001,-2.576e-001,+1.072e-001,-8.817e-001,+1.914e-001,-4.779e-001,+5.480e+000,+5.347e-002,+1.473e-001,+5.074e-001,-1.159e-001,-6.221e-001,+6.627e-001,+1.282e-001,+3.774e-001,+1.349e-002,+1.178e-001,-4.768e-001,+3.372e-001,+2.617e-001,+3.207e-001,-4.829e-001,+5.639e-001,-8.251e-003,-1.373e-002,-7.754e-001,-6.521e-001,-2.358e-001,-4.419e-003,-5.465e-001,-2.415e-001,+5.459e-001,+6.943e-001,+3.557e-001,+7.978e-001,-1.732e-001,+5.274e-001,+1.166e+000,+1.229e+000,-3.061e-001,+3.771e-001,-6.392e-001,-1.326e-001 },
  {-3.034e-001,-1.622e-001,+2.710e-002,+4.072e-002,+1.920e-003,+3.798e-001,+6.681e-001,-2.247e-001,-8.329e-001,-3.423e-003,+1.415e-001,-3.794e-001,+3.043e-001,+5.347e-002,+4.005e+000,+2.972e-001,-1.599e-001,+1.166e-001,-1.221e-001,+4.937e-001,+7.506e-001,-9.762e-002,-5.474e-001,+7.136e-002,+8.406e-001,-3.088e-001,+9.139e-001,-5.547e-001,-1.461e-001,+3.790e-001,-2.147e-002,-6.200e-001,+1.170e-001,+6.946e-001,-7.993e-002,-1.853e-002,+6.600e-002,-3.816e-001,-3.472e-001,+5.397e-002,+4.119e-001,+4.422e-001,-5.732e-001,+5.554e-001,-1.508e-001,-1.993e-001,-5.784e-001,-3.762e-001,+2.955e-001,-7.279e-002 },
  {+1.717e-001,+1.672e-002,+1.551e-001,+5.762e-001,+1.311e-001,-4.083e-001,-7.527e-001,-2.033e-001,+4.661e-003,-8.098e-001,-3.551e-001,-6.592e-002,+7.725e-001,+1.473e-001,+2.972e-001,+5.223e+000,-1.605e-001,+3.931e-001,-1.214e+000,-2.233e-003,+2.537e-001,+7.766e-001,-6.475e-001,+1.667e-001,+2.474e-001,+1.220e-001,+1.030e+000,-3.523e-001,+1.575e-001,-5.910e-001,-3.101e-001,+4.140e-001,+1.719e-001,+3.676e-001,-1.144e-001,-1.836e-002,-1.845e-001,-1.624e-001,-2.717e-001,-7.691e-001,-5.386e-001,+2.970e-001,-9.292e-001,-8.396e-002,-8.743e-001,-3.689e-001,+4.708e-002,+7.106e-001,+2.772e-001,-5.751e-001 },
  {-3.388e-001,-6.790e-001,-1.822e-001,+4.251e-001,+3.016e-001,+4.841e-001,+5.845e-002,-7.409e-001,-6.206e-001,+9.410e-001,+1.801e-001,+1.665e-002,+1.548e-001,+5.074e-001,-1.599e-001,-1.605e-001,+5.030e+000,-1.355e-001,+6.745e-001,-9.608e-001,+2.581e-001,-8.706e-001,-4.286e-001,+8.714e-001,-8.651e-002,-6.116e-002,-1.449e-001,+1.856e-002,-6.304e-001,+4.465e-001,-8.358e-001,-3.305e-001,+2.337e-001,+1.029e+000,-3.986e-001,+2.408e-001,-2.682e-001,+5.609e-001,-3.610e-001,+4.280e-001,+6.220e-001,+9.720e-001,-2.366e-001,-9.957e-002,+6.361e-001,-1.765e-001,-2.823e-002,+1.305e-001,+5.968e-001,+3.573e-002 },
  {+2.580e-001,-2.551e-002,+9.743e-002,+1.547e-001,+1.025e-001,+1.290e-001,+5.576e-001,-8.959e-001,-2.093e-001,+1.422e-001,+4.210e-002,-1.755e-001,-3.958e-001,-1.159e-001,+1.166e-001,+3.931e-001,-1.355e-001,+4.067e+000,-1.529e-001,+3.537e-001,+3.780e-001,-2.158e-001,+2.730e-001,-8.708e-003,+9.179e-001,+8.262e-002,+7.233e-002,-4.030e-001,+6.286e-001,-4.911e-001,+9.097e-001,+7.582e-001,-2.775e-001,+1.317e-002,+1.785e-001,-1.493e-001,-1.579e-001,-2.285e-001,-2.783e-001,-3.772e-001,-1.638e-001,+5.594e-001,-4.966e-002,-4.017e-001,-1.831e-002,-4.525e-001,-1.772e-001,+1.362e-001,-4.610e-001,-2.870e-001 },
  {-4.546e-001,-7.701e-001,+6.663e-002,+9.964e-001,-8.977e-003,+4.511e-001,+5.518e-001,+5.382e-001,-7.179e-003,+4.463e-001,+2.557e-001,-9.326e-003,-3.416e-001,-6.221e-001,-1.221e-001,-1.214e+000,+6.745e-001,-1.529e-001,+5.176e+000,-5.531e-001,+4.921e-002,+2.435e-001,-4.440e-001,+2.786e-001,+2.317e-001,-3.247e-001,-2.914e-001,-2.458e-001,-1.155e+000,+3.411e-001,+1.130e-002,-4.881e-001,+3.308e-001,+7.696e-001,+2.914e-001,-1.202e-001,-5.509e-001,-6.256e-001,-4.005e-001,+2.693e-002,+3.548e-001,+2.280e-002,+6.953e-001,-1.082e-001,-1.494e-001,+4.576e-001,+1.553e-001,+8.027e-003,-5.923e-001,+1.925e-001 },
  {-1.221e-001,+1.878e-001,+5.002e-001,-5.965e-002,-8.535e-001,-3.072e-002,-4.950e-001,+1.257e-001,-6.840e-001,-1.539e-001,+2.722e-001,+6.640e-001,+1.724e-001,+6.627e-001,+4.937e-001,-2.233e-003,-9.608e-001,+3.537e-001,-5.531e-001,+4.905e+000,+6.456e-001,+1.198e-001,+6.612e-001,-8.915e-002,+1.933e-001,-9.283e-001,+1.830e-001,-6.791e-001,-7.600e-001,-9.992e-001,+3.526e-001,+5.113e-001,+8.180e-001,+1.022e-001,-2.305e-002,-2.303e-001,+3.281e-001,-1.930e-001,+2.137e-001,+5.258e-001,+9.333e-002,-4.589e-001,+7.154e-001,-1.075e+000,-2.822e-001,+4.926e-001,+5.993e-001,-1.033e+000,-3.448e-001,-4.803e-001 },
  {-5.337e-002,+2.206e-001,+4.402e-001,+3.538e-001,+5.772e-001,-9.377e-002,-9.331e-001,-9.847e-001,-7.411e-001,-2.024e-001,+9.545e-002,+3.156e-001,+8.360e-001,+1.282e-001,+7.506e-001,+2.537e-001,+2.581e-001,+3.780e-001,+4.921e-002,+6.456e-001,+5.570e+000,-3.914e-001,+7.383e-001,+4.414e-002,+3.112e-001,-7.608e-001,-1.132e-001,-9.871e-002,-7.104e-001,-7.338e-004,+2.084e-001,+3.121e-001,+2.973e-001,+5.951e-001,-1.369e-001,+7.501e-002,+1.262e-001,-7.293e-001,-1.492e-001,-2.224e-001,-1.406e-001,+3.213e-002,+2.311e-002,+8.089e-001,-4.287e-001,-1.619e-001,-9.112e-001,+2.688e-001,+5.297e-002,-2.026e-001 },
  {-5.505e-002,-1.010e-001,+1.118e+000,+7.019e-001,-3.980e-001,-1.451e-001,+4.671e-001,-2.985e-001,+7.733e-002,+1.255e-001,-3.106e-001,+3.223e-001,-2.978e-001,+3.774e-001,-9.762e-002,+7.766e-001,-8.706e-001,-2.158e-001,+2.435e-001,+1.198e-001,-3.914e-001,+4.634e+000,+1.535e-001,-6.535e-001,+1.866e-001,+1.139e+000,-6.314e-001,-7.678e-002,-2.892e-001,+3.870e-001,-8.779e-001,+4.138e-001,-3.090e-001,+7.760e-001,+8.521e-001,-8.041e-001,-8.067e-002,+4.105e-001,-4.519e-001,+1.650e-001,-6.969e-002,-8.401e-001,-4.783e-001,-3.733e-001,+6.444e-001,-1.435e-001,-3.165e-001,+2.442e-001,-5.310e-002,-1.790e-001 },
  {+8.767e-001,+6.866e-001,-5.828e-001,-2.641e-001,+3.675e-001,+3.638e-001,-4.096e-001,-4.698e-002,-6.859e-001,-4.596e-001,-1.764e-001,+5.288e-001,+1.446e-001,+1.349e-002,-5.474e-001,-6.475e-001,-4.286e-001,+2.730e-001,-4.440e-001,+6.612e-001,+7.383e-001,+1.535e-001,+5.032e+000,-2.070e-001,+3.150e-001,-1.021e+000,-3.036e-001,+1.073e+000,-1.031e-001,+1.218e-001,-4.246e-001,+5.538e-001,-3.730e-001,+3.790e-002,-6.562e-001,+5.777e-001,+9.812e-001,+6.887e-001,+2.043e-001,+3.991e-001,+2.369e-001,+5.333e-002,+8.205e-004,-2.106e-002,+6.213e-001,-2.768e-001,+1.646e-001,+8.890e-002,+2.434e-001,-2.584e-001 },
  {-2.593e-001,+3.517e-001,-3.232e-001,+1.259e-001,+6.555e-001,+5.008e-002,-8.451e-001,-2.886e-001,+5.804e-001,+6.573e-001,+5.235e-001,-5.220e-001,-2.619e-001,+1.178e-001,+7.136e-002,+1.667e-001,+8.714e-001,-8.708e-003,+2.786e-001,-8.915e-002,+4.414e-002,-6.535e-001,-2.070e-001,+5.395e+000,+6.812e-002,-5.427e-001,-6.257e-001,-1.090e-001,-2.406e-001,-3.942e-002,-5.703e-003,-5.981e-001,+8.264e-002,-5.240e-001,+1.062e+000,+3.500e-001,-6.408e-001,+1.076e-001,+9.594e-002,-3.233e-001,-4.072e-001,+3.356e-001,+4.486e-001,-2.210e-001,+6.430e-001,+7.662e-001,+3.027e-001,-1.630e-001,-1.276e+000,+1.957e-001 },
  {+4.638e-002,+3.558e-001,+1.125e-002,-2.524e-001,-4.795e-001,+5.299e-001,+3.504e-001,-7.963e-001,-1.167e+000,-2.906e-001,-2.272e-001,-6.535e-001,-4.761e-001,-4.768e-001,+8.406e-001,+2.474e-001,-8.651e-002,+9.179e-001,+2.317e-001,+1.933e-001,+3.112e-001,+1.866e-001,+3.150e-001,+6.812e-002,+5.200e+000,+2.868e-002,-6.266e-002,-5.478e-001,+5.578e-001,+6.322e-001,-4.673e-001,-2.014e-001,-5.163e-001,-1.451e-001,-1.110e-002,+6.953e-001,+1.378e-001,+5.319e-001,+2.856e-001,-5.962e-001,+7.988e-001,+1.445e-001,-2.229e-001,-7.447e-001,+4.872e-001,-6.151e-001,+2.556e-001,-3.415e-001,-1.531e-001,+5.184e-001 },
  {+2.028e-001,-1.564e-001,-6.560e-002,-5.750e-001,+2.280e-001,-1.033e-001,-3.797e-001,-2.005e-001,+4.389e-002,-3.384e-002,-4.183e-001,+8.809e-002,+4.762e-001,+3.372e-001,-3.088e-001,+1.220e-001,-6.116e-002,+8.262e-002,-3.247e-001,-9.283e-001,-7.608e-001,+1.139e+000,-1.021e+000,-5.427e-001,+2.868e-002,+4.630e+000,-5.541e-002,+8.126e-001,+4.137e-001,+7.353e-002,+5.427e-001,-5.841e-002,-3.513e-001,-4.498e-001,+7.043e-001,+9.307e-002,-5.958e-001,-4.554e-001,-5.604e-002,-3.352e-001,-3.766e-001,+7.278e-001,+1.174e-001,+2.758e-001,-1.528e-001,+3.196e-001,-1.286e-001,+4.229e-002,+1.728e-001,-7.375e-002 },
  {+2.475e-002,-3.607e-001,+1.318e-001,+1.328e-001,-5.300e-001,-3.736e-001,+1.495e-001,+2.215e-001,+1.725e-001,+9.635e-002,+3.708e-001,-5.948e-001,+3.754e-001,+2.617e-001,+9.139e-001,+1.030e+000,-1.449e-001,+7.233e-002,-2.914e-001,+1.830e-001,-1.132e-001,-6.314e-001,-3.036e-001,-6.257e-001,-6.266e-002,-5.541e-002,+4.888e+000,-7.228e-001,+4.919e-001,-7.046e-002,-2.560e-001,-1.209e-001,-1.153e-002,-7.551e-001,-4.545e-001,+6.683e-001,+3.529e-001,-2.897e-001,+9.256e-001,-4.651e-002,-9.624e-002,+3.196e-001,-9.492e-001,+4.393e-001,-1.053e+000,+5.987e-001,+7.346e-001,+2.141e-002,+6.292e-001,-4.045e-002 },
  {+1.105e+000,+1.707e-001,+4.765e-001,-2.175e-001,+8.909e-001,-4.120e-001,+6.410e-001,-3.614e-001,+1.114e-001,-4.595e-001,+3.124e-001,-5.015e-001,-3.898e-001,+3.207e-001,-5.547e-001,-3.523e-001,+1.856e-002,-4.030e-001,-2.458e-001,-6.791e-001,-9.871e-002,-7.678e-002,+1.073e+000,-1.090e-001,-5.478e-001,+8.126e-001,-7.228e-001,+4.537e+000,+6.713e-001,+5.848e-002,-2.639e-001,+5.177e-001,-2.712e-001,+3.154e-001,-4.669e-001,-4.019e-001,-3.684e-002,+4.561e-001,-7.759e-001,-2.015e-001,-7.486e-001,+4.363e-001,+2.478e-001,+4.422e-001,-2.270e-001,+2.764e-001,+1.046e-001,+1.129e+000,-8.177e-001,-1.825e-001 },
  {-2.461e-001,+7.045e-002,-1.187e+000,+1.810e-001,-3.880e-001,+7.171e-002,+1.631e-001,+9.512e-002,-3.374e-002,-2.712e-001,+3.696e-001,+4.767e-002,-1.708e-001,-4.829e-001,-1.461e-001,+1.575e-001,-6.304e-001,+6.286e-001,-1.155e+000,-7.600e-001,-7.104e-001,-2.892e-001,-1.031e-001,-2.406e-001,+5.578e-001,+4.137e-001,+4.919e-001,+6.713e-001,+4.691e+000,+2.098e-001,+9.343e-001,+1.104e+000,-1.251e-001,-2.891e-001,+1.105e-001,-2.449e-001,-4.138e-001,-1.710e-001,-4.164e-001,+3.661e-001,+1.283e-001,+4.815e-001,+7.785e-002,-6.038e-001,+1.414e-001,-1.705e-001,-1.721e-001,+1.262e-001,-7.727e-001,-2.002e-001 },
  {+8.248e-002,-8.654e-002,+6.282e-001,+5.489e-002,-2.095e-001,+1.790e-001,-4.697e-001,+1.554e+000,-4.703e-001,+6.323e-002,-1.239e+000,-3.485e-002,-5.199e-001,+5.639e-001,+3.790e-001,-5.910e-001,+4.465e-001,-4.911e-001,+3.411e-001,-9.992e-001,-7.338e-004,+3.870e-001,+1.218e-001,-3.942e-002,+6.322e-001,+7.353e-002,-7.046e-002,+5.848e-002,+2.098e-001,+4.623e+000,-7.002e-001,+3.188e-001,+2.872e-001,+9.803e-002,-1.439e-001,+3.445e-001,-3.398e-001,-1.130e-001,+1.947e-001,+2.998e-001,+5.743e-002,-2.418e-001,+5.679e-001,+5.565e-001,-1.020e-001,-3.008e-001,-6.455e-001,+2.367e-001,+2.770e-001,+5.651e-001 },
  {-4.712e-002,+7.874e-001,-1.063e+000,+3.045e-001,+1.396e+000,-1.082e-001,+4.893e-001,+4.580e-001,+1.981e-001,-5.093e-001,-1.230e-001,+1.509e-001,+3.207e-001,-8.251e-003,-2.147e-002,-3.101e-001,-8.358e-001,+9.097e-001,+1.130e-002,+3.526e-001,+2.084e-001,-8.779e-001,-4.246e-001,-5.703e-003,-4.673e-001,+5.427e-001,-2.560e-001,-2.639e-001,+9.343e-001,-7.002e-001,+5.376e+000,+1.002e-001,+2.684e-001,-6.607e-001,-4.108e-001,-6.006e-001,-4.574e-001,-1.740e-001,-5.183e-001,+2.211e-001,+4.595e-001,+3.302e-001,+1.186e-001,-4.010e-001,-7.762e-002,-2.137e-001,-5.877e-001,-9.486e-001,-7.427e-001,-8.475e-001 },
  {+3.640e-001,-1.870e-001,+5.621e-001,-5.782e-001,-2.134e-001,+9.414e-001,-7.852e-001,-4.334e-001,+1.325e-001,+3.577e-001,-3.163e-001,-3.233e-001,-8.643e-001,-1.373e-002,-6.200e-001,+4.140e-001,-3.305e-001,+7.582e-001,-4.881e-001,+5.113e-001,+3.121e-001,+4.138e-001,+5.538e-001,-5.981e-001,-2.014e-001,-5.841e-002,-1.209e-001,+5.177e-001,+1.104e+000,+3.188e-001,+1.002e-001,+4.315e+000,-4.793e-001,+7.556e-001,-1.109e-001,-2.459e-001,+2.149e-001,-1.379e-001,-3.158e-001,+7.689e-002,-1.806e-001,-1.564e-001,+7.675e-001,-3.781e-002,+2.237e-001,+5.655e-001,+5.729e-001,+7.884e-001,-8.938e-001,-3.263e-001 },
  {-1.181e+000,+8.808e-001,-2.661e-001,+1.938e-001,-3.362e-002,-1.510e-002,+1.175e-001,+6.280e-001,+3.608e-001,-2.009e-004,+2.999e-001,+8.666e-001,+6.155e-001,-7.754e-001,+1.170e-001,+1.719e-001,+2.337e-001,-2.775e-001,+3.308e-001,+8.180e-001,+2.973e-001,-3.090e-001,-3.730e-001,+8.264e-002,-5.163e-001,-3.513e-001,-1.153e-002,-2.712e-001,-1.251e-001,+2.872e-001,+2.684e-001,-4.793e-001,+3.828e+000,-1.193e-001,+6.623e-002,-7.237e-001,+1.299e-001,-1.645e-001,+7.736e-001,-6.907e-001,-2.533e-001,-5.449e-001,-1.214e-001,+3.531e-001,+2.538e-001,-1.174e-002,-7.824e-001,-3.720e-002,-2.634e-001,-5.873e-001 },
  {-1.170e-001,-1.468e-002,+6.019e-001,-1.819e-001,+2.537e-001,-2.579e-001,-5.456e-001,+4.563e-002,+4.795e-001,-3.290e-001,-1.961e-001,+7.395e-001,-6.784e-001,-6.521e-001,+6.946e-001,+3.676e-001,+1.029e+000,+1.317e-002,+7.696e-001,+1.022e-001,+5.951e-001,+7.760e-001,+3.790e-002,-5.240e-001,-1.451e-001,-4.498e-001,-7.551e-001,+3.154e-001,-2.891e-001,+9.803e-002,-6.607e-001,+7.556e-001,-1.193e-001,+4.758e+000,+3.051e-002,-8.799e-001,+1.017e-001,+9.474e-002,+3.546e-001,-5.349e-001,-3.423e-001,+3.008e-001,+3.814e-001,-1.917e-001,-5.893e-002,-2.825e-002,+5.920e-001,-1.031e+000,+5.940e-001,+2.150e-003 },
  {-3.573e-001,+3.542e-001,+5.255e-001,+8.411e-001,+3.937e-001,+4.147e-001,+4.045e-001,+3.573e-001,-6.356e-002,-1.115e+000,+5.066e-001,-5.125e-001,-3.118e-001,-2.358e-001,-7.993e-002,-1.144e-001,-3.986e-001,+1.785e-001,+2.914e-001,-2.305e-002,-1.369e-001,+8.521e-001,-6.562e-001,+1.062e+000,-1.110e-002,+7.043e-001,-4.545e-001,-4.669e-001,+1.105e-001,-1.439e-001,-4.108e-001,-1.109e-001,+6.623e-002,+3.051e-002,+4.626e+000,+1.437e-001,-6.347e-001,+3.598e-001,-7.814e-002,-5.531e-002,-1.523e-001,-1.093e+000,+6.682e-002,+1.532e-001,+1.048e-001,+2.026e-001,+2.132e-001,+3.332e-001,-3.798e-001,-3.707e-001 },
  {-2.321e-001,-2.884e-001,-7.151e-002,-5.735e-001,-9.987e-002,-1.735e-001,+3.416e-001,-5.263e-001,-1.687e-001,+4.277e-001,+3.179e-001,+6.314e-002,+6.282e-001,-4.419e-003,-1.853e-002,-1.836e-002,+2.408e-001,-1.493e-001,-1.202e-001,-2.303e-001,+7.501e-002,-8.041e-001,+5.777e-001,+3.500e-001,+6.953e-001,+9.307e-002,+6.683e-001,-4.019e-001,-2.449e-001,+3.445e-001,-6.006e-001,-2.459e-001,-7.237e-001,-8.799e-001,+1.437e-001,+4.571e+000,+2.302e-001,+4.066e-001,+6.086e-001,+8.097e-001,-6.286e-001,-4.156e-002,+4.726e-001,-1.417e-001,-1.252e+000,-2.833e-001,+3.917e-001,+3.714e-001,+1.012e-001,+4.860e-001 },
  {+6.328e-001,+5.656e-001,-1.661e-002,-7.475e-001,-3.010e-001,+3.526e-002,-1.921e-001,-3.776e-001,+6.377e-001,+3.593e-001,+8.662e-001,+3.285e-001,+6.528e-002,-5.465e-001,+6.600e-002,-1.845e-001,-2.682e-001,-1.579e-001,-5.509e-001,+3.281e-001,+1.262e-001,-8.067e-002,+9.812e-001,-6.408e-001,+1.378e-001,-5.958e-001,+3.529e-001,-3.684e-002,-4.138e-001,-3.398e-001,-4.574e-001,+2.149e-001,+1.299e-001,+1.017e-001,-6.347e-001,+2.302e-001,+4.636e+000,+2.705e-001,-4.076e-001,-2.202e-001,+4.575e-002,-8.134e-001,-6.587e-001,-9.821e-002,-5.576e-001,+5.962e-001,-8.875e-002,-9.233e-002,+3.889e-001,-5.190e-001 },
  {+2.036e-001,+3.929e-001,-7.068e-001,+2.837e-001,+4.885e-001,+3.732e-001,+3.890e-001,+8.629e-001,-7.500e-002,-7.353e-002,+6.347e-002,-2.493e-001,+4.982e-001,-2.415e-001,-3.816e-001,-1.624e-001,+5.609e-001,-2.285e-001,-6.256e-001,-1.930e-001,-7.293e-001,+4.105e-001,+6.887e-001,+1.076e-001,+5.319e-001,-4.554e-001,-2.897e-001,+4.561e-001,-1.710e-001,-1.130e-001,-1.740e-001,-1.379e-001,-1.645e-001,+9.474e-002,+3.598e-001,+4.066e-001,+2.705e-001,+4.188e+000,+2.183e-001,+3.641e-002,+7.844e-002,+1.420e-001,-3.706e-001,+6.811e-002,+5.818e-001,+1.957e-001,-3.678e-001,-6.351e-001,-8.990e-002,+6.708e-001 },
  {-2.122e-001,+2.109e-001,+1.570e-001,+1.067e-001,-2.002e-001,-3.240e-001,-8.776e-001,+4.819e-001,+5.003e-001,+3.285e-001,-3.750e-001,-2.535e-001,-2.512e-001,+5.459e-001,-3.472e-001,-2.717e-001,-3.610e-001,-2.783e-001,-4.005e-001,+2.137e-001,-1.492e-001,-4.519e-001,+2.043e-001,+9.594e-002,+2.856e-001,-5.604e-002,+9.256e-001,-7.759e-001,-4.164e-001,+1.947e-001,-5.183e-001,-3.158e-001,+7.736e-001,+3.546e-001,-7.814e-002,+6.086e-001,-4.076e-001,+2.183e-001,+3.982e+000,-8.423e-001,-9.122e-001,-3.178e-001,+1.620e-001,+6.736e-001,+1.174e-001,+2.278e-001,+3.939e-001,+6.149e-001,-6.110e-002,+4.625e-001 },
  {+4.205e-001,+1.024e-002,-1.254e+000,-6.867e-001,-1.128e+000,+1.753e-001,+1.042e+000,-3.200e-001,+3.111e-001,+5.002e-001,+1.802e-001,+1.215e-001,+1.019e+000,+6.943e-001,+5.397e-002,-7.691e-001,+4.280e-001,-3.772e-001,+2.693e-002,+5.258e-001,-2.224e-001,+1.650e-001,+3.991e-001,-3.233e-001,-5.962e-001,-3.352e-001,-4.651e-002,-2.015e-001,+3.661e-001,+2.998e-001,+2.211e-001,+7.689e-002,-6.907e-001,-5.349e-001,-5.531e-002,+8.097e-001,-2.202e-001,+3.641e-002,-8.423e-001,+4.440e+000,+7.252e-001,-3.039e-003,+1.859e-001,-4.328e-001,-2.711e-001,+6.922e-001,-1.080e-002,+4.313e-001,-4.347e-002,+4.071e-001 },
  {+2.691e-001,-1.149e-001,-6.824e-001,+2.085e-001,+1.301e-001,+2.835e-001,+3.604e-001,+4.611e-001,-2.927e-001,-4.936e-002,-6.059e-001,-4.433e-001,+1.355e-001,+3.557e-001,+4.119e-001,-5.386e-001,+6.220e-001,-1.638e-001,+3.548e-001,+9.333e-002,-1.406e-001,-6.969e-002,+2.369e-001,-4.072e-001,+7.988e-001,-3.766e-001,-9.624e-002,-7.486e-001,+1.283e-001,+5.743e-002,+4.595e-001,-1.806e-001,-2.533e-001,-3.423e-001,-1.523e-001,-6.286e-001,+4.575e-002,+7.844e-002,-9.122e-001,+7.252e-001,+3.728e+000,+3.165e-001,-1.347e-001,+2.921e-001,+8.500e-001,+5.276e-001,-4.167e-001,-1.245e-001,-5.622e-001,+1.109e-001 },
  {-1.115e-001,-7.684e-001,-6.156e-001,-5.000e-001,+3.619e-001,-1.286e+000,-2.607e-001,+4.675e-001,-1.897e-001,+5.509e-001,-1.038e+000,+1.455e-001,+2.342e-002,+7.978e-001,+4.422e-001,+2.970e-001,+9.720e-001,+5.594e-001,+2.280e-002,-4.589e-001,+3.213e-002,-8.401e-001,+5.333e-002,+3.356e-001,+1.445e-001,+7.278e-001,+3.196e-001,+4.363e-001,+4.815e-001,-2.418e-001,+3.302e-001,-1.564e-001,-5.449e-001,+3.008e-001,-1.093e+000,-4.156e-002,-8.134e-001,+1.420e-001,-3.178e-001,-3.039e-003,+3.165e-001,+5.054e+000,+5.083e-002,-1.725e-001,-8.355e-003,+5.411e-001,-3.238e-001,-3.601e-001,-2.479e-001,+6.026e-001 },
  {+4.174e-001,-2.351e-001,+2.296e-001,-3.661e-001,-5.105e-001,+1.950e-001,-2.013e-001,+2.836e-001,+5.891e-002,-5.326e-002,-5.210e-001,+3.229e-001,-1.980e-001,-1.732e-001,-5.732e-001,-9.292e-001,-2.366e-001,-4.966e-002,+6.953e-001,+7.154e-001,+2.311e-002,-4.783e-001,+8.205e-004,+4.486e-001,-2.229e-001,+1.174e-001,-9.492e-001,+2.478e-001,+7.785e-002,+5.679e-001,+1.186e-001,+7.675e-001,-1.214e-001,+3.814e-001,+6.682e-002,+4.726e-001,-6.587e-001,-3.706e-001,+1.620e-001,+1.859e-001,-1.347e-001,+5.083e-002,+4.827e+000,-4.028e-001,-1.036e+000,-2.463e-001,+3.196e-001,+4.394e-001,-6.672e-001,-3.109e-001 },
  {-4.625e-001,+2.980e-001,-2.207e-002,-2.461e-002,+8.508e-002,-4.446e-001,-3.245e-001,-3.114e-001,+4.528e-001,+1.582e-001,-2.199e-001,-4.677e-001,+5.240e-001,+5.274e-001,+5.554e-001,-8.396e-002,-9.957e-002,-4.017e-001,-1.082e-001,-1.075e+000,+8.089e-001,-3.733e-001,-2.106e-002,-2.210e-001,-7.447e-001,+2.758e-001,+4.393e-001,+4.422e-001,-6.038e-001,+5.565e-001,-4.010e-001,-3.781e-002,+3.531e-001,-1.917e-001,+1.532e-001,-1.417e-001,-9.821e-002,+6.811e-002,+6.736e-001,-4.328e-001,+2.921e-001,-1.725e-001,-4.028e-001,+4.331e+000,-9.507e-001,+6.186e-001,+3.322e-002,+1.107e+000,+2.135e-001,-4.202e-001 },
  {+5.627e-001,+5.548e-001,+6.812e-002,+8.058e-001,-5.495e-001,+1.957e-002,-1.061e-001,-5.774e-002,+2.190e-001,-2.051e-001,-1.635e-001,-1.722e-001,-4.658e-001,+1.166e+000,-1.508e-001,-8.743e-001,+6.361e-001,-1.831e-002,-1.494e-001,-2.822e-001,-4.287e-001,+6.444e-001,+6.213e-001,+6.430e-001,+4.872e-001,-1.528e-001,-1.053e+000,-2.270e-001,+1.414e-001,-1.020e-001,-7.762e-002,+2.237e-001,+2.538e-001,-5.893e-002,+1.048e-001,-1.252e+000,-5.576e-001,+5.818e-001,+1.174e-001,-2.711e-001,+8.500e-001,-8.355e-003,-1.036e+000,-9.507e-001,+4.880e+000,+5.288e-001,+1.623e-002,-5.993e-001,-6.553e-002,+1.625e-001 },
  {+4.549e-001,+4.296e-001,+2.313e-001,-1.292e-001,-5.798e-001,-3.292e-001,-5.825e-001,+2.675e-001,+8.925e-004,+4.114e-001,+1.972e-001,-7.812e-001,-2.251e-001,+1.229e+000,-1.993e-001,-3.689e-001,-1.765e-001,-4.525e-001,+4.576e-001,+4.926e-001,-1.619e-001,-1.435e-001,-2.768e-001,+7.662e-001,-6.151e-001,+3.196e-001,+5.987e-001,+2.764e-001,-1.705e-001,-3.008e-001,-2.137e-001,+5.655e-001,-1.174e-002,-2.825e-002,+2.026e-001,-2.833e-001,+5.962e-001,+1.957e-001,+2.278e-001,+6.922e-001,+5.276e-001,+5.411e-001,-2.463e-001,+6.186e-001,+5.288e-001,+5.301e+000,-1.320e-001,+4.961e-001,+1.424e-001,-4.990e-001 },
  {+5.259e-001,+1.842e-001,+4.075e-001,-1.625e-001,-1.268e-001,-2.061e-001,+3.909e-001,-4.790e-001,-1.071e-001,+1.487e-001,+1.352e-003,+3.838e-001,-5.386e-001,-3.061e-001,-5.784e-001,+4.708e-002,-2.823e-002,-1.772e-001,+1.553e-001,+5.993e-001,-9.112e-001,-3.165e-001,+1.646e-001,+3.027e-001,+2.556e-001,-1.286e-001,+7.346e-001,+1.046e-001,-1.721e-001,-6.455e-001,-5.877e-001,+5.729e-001,-7.824e-001,+5.920e-001,+2.132e-001,+3.917e-001,-8.875e-002,-3.678e-001,+3.939e-001,-1.080e-002,-4.167e-001,-3.238e-001,+3.196e-001,+3.322e-002,+1.623e-002,-1.320e-001,+4.108e+000,-1.027e-001,-1.393e-001,-1.747e-001 },
  {+7.254e-002,-2.957e-003,-4.372e-001,-1.936e-001,-4.033e-001,+1.327e-002,+5.099e-001,-2.724e-002,-1.012e+000,+1.817e-001,-2.893e-001,-1.308e+000,-3.478e-001,+3.771e-001,-3.762e-001,+7.106e-001,+1.305e-001,+1.362e-001,+8.027e-003,-1.033e+000,+2.688e-001,+2.442e-001,+8.890e-002,-1.630e-001,-3.415e-001,+4.229e-002,+2.141e-002,+1.129e+000,+1.262e-001,+2.367e-001,-9.486e-001,+7.884e-001,-3.720e-002,-1.031e+000,+3.332e-001,+3.714e-001,-9.233e-002,-6.351e-001,+6.149e-001,+4.313e-001,-1.245e-001,-3.601e-001,+4.394e-001,+1.107e+000,-5.993e-001,+4.961e-001,-1.027e-001,+4.635e+000,-2.877e-001,-1.069e+000 },
  {+8.839e-001,+1.455e-002,-2.380e-001,-5.094e-001,-5.852e-002,+5.293e-003,+4.727e-001,+1.008e-001,-1.110e-001,+4.336e-001,+7.232e-001,+3.776e-001,+8.394e-001,-6.392e-001,+2.955e-001,+2.772e-001,+5.968e-001,-4.610e-001,-5.923e-001,-3.448e-001,+5.297e-002,-5.310e-002,+2.434e-001,-1.276e+000,-1.531e-001,+1.728e-001,+6.292e-001,-8.177e-001,-7.727e-001,+2.770e-001,-7.427e-001,-8.938e-001,-2.634e-001,+5.940e-001,-3.798e-001,+1.012e-001,+3.889e-001,-8.990e-002,-6.110e-002,-4.347e-002,-5.622e-001,-2.479e-001,-6.672e-001,+2.135e-001,-6.553e-002,+1.424e-001,-1.393e-001,-2.877e-001,+5.025e+000,+2.091e-001 },
  {-3.371e-002,+5.671e-001,-1.673e-001,-8.508e-001,-3.277e-002,+5.685e-001,+6.249e-001,-8.924e-002,+2.487e-001,+5.416e-001,+7.158e-002,-9.573e-002,-8.220e-002,-1.326e-001,-7.279e-002,-5.751e-001,+3.573e-002,-2.870e-001,+1.925e-001,-4.803e-001,-2.026e-001,-1.790e-001,-2.584e-001,+1.957e-001,+5.184e-001,-7.375e-002,-4.045e-002,-1.825e-001,-2.002e-001,+5.651e-001,-8.475e-001,-3.263e-001,-5.873e-001,+2.150e-003,-3.707e-001,+4.860e-001,-5.190e-001,+6.708e-001,+4.625e-001,+4.071e-001,+1.109e-001,+6.026e-001,-3.109e-001,-4.202e-001,+1.625e-001,-4.990e-001,-1.747e-001,-1.069e+000,+2.091e-001,+5.389e+000 }   }
}
yMat = 
{
{ {+1.288e-002,-3.206e-002,+2.670e-002,+4.189e-002,+1.448e-002,-1.064e-002,-1.321e-002,+3.611e-002,-2.163e-002,-5.431e-003,-1.957e-002,-3.054e-003,-9.572e-003,+2.415e-002,-7.809e-003,-2.584e-002,-1.748e-002,+1.096e-003,-1.807e-002,-2.342e-002,-9.524e-003,-1.118e-002,+5.886e-003,+2.815e-002,+3.258e-002,+1.954e-002,+9.375e-003,-1.937e-002,+1.308e-003,-5.198e-002,-7.486e-004,+1.316e-002,+5.221e-002,+3.161e-002,-2.073e-002,+5.955e-003,+1.318e-002,-2.103e-003,-3.844e-002,+4.069e-002,-1.811e-002,-1.717e-002,+1.940e-003,+1.923e-002,-7.128e-003,-1.240e-002,-2.278e-003,+1.543e-002,+1.298e-002,+2.449e-002 },
  {-3.206e-002,+7.981e-002,-6.647e-002,-1.043e-001,-3.603e-002,+2.647e-002,+3.288e-002,-8.989e-002,+5.383e-002,+1.352e-002,+4.871e-002,+7.603e-003,+2.383e-002,-6.013e-002,+1.944e-002,+6.432e-002,+4.352e-002,-2.729e-003,+4.498e-002,+5.831e-002,+2.371e-002,+2.784e-002,-1.465e-002,-7.007e-002,-8.110e-002,-4.863e-002,-2.334e-002,+4.822e-002,-3.257e-003,+1.294e-001,+1.864e-003,-3.275e-002,-1.300e-001,-7.869e-002,+5.161e-002,-1.482e-002,-3.281e-002,+5.236e-003,+9.569e-002,-1.013e-001,+4.507e-002,+4.275e-002,-4.829e-003,-4.786e-002,+1.774e-002,+3.086e-002,+5.670e-003,-3.842e-002,-3.230e-002,-6.095e-002 },
  {+2.670e-002,-6.647e-002,+5.535e-002,+8.684e-002,+3.001e-002,-2.205e-002,-2.738e-002,+7.486e-002,-4.483e-002,-1.126e-002,-4.056e-002,-6.331e-003,-1.984e-002,+5.007e-002,-1.619e-002,-5.357e-002,-3.624e-002,+2.273e-003,-3.746e-002,-4.856e-002,-1.974e-002,-2.318e-002,+1.220e-002,+5.836e-002,+6.754e-002,+4.050e-002,+1.943e-002,-4.016e-002,+2.712e-003,-1.078e-001,-1.552e-003,+2.727e-002,+1.082e-001,+6.553e-002,-4.298e-002,+1.234e-002,+2.733e-002,-4.360e-003,-7.969e-002,+8.436e-002,-3.754e-002,-3.560e-002,+4.022e-003,+3.985e-002,-1.478e-002,-2.570e-002,-4.722e-003,+3.199e-002,+2.690e-002,+5.076e-002 },
  {+4.189e-002,-1.043e-001,+8.684e-002,+1.363e-001,+4.708e-002,-3.459e-002,-4.296e-002,+1.174e-001,-7.034e-002,-1.766e-002,-6.364e-002,-9.934e-003,-3.113e-002,+7.856e-002,-2.540e-002,-8.404e-002,-5.687e-002,+3.566e-003,-5.877e-002,-7.618e-002,-3.098e-002,-3.638e-002,+1.914e-002,+9.156e-002,+1.060e-001,+6.355e-002,+3.049e-002,-6.301e-002,+4.255e-003,-1.691e-001,-2.435e-003,+4.279e-002,+1.698e-001,+1.028e-001,-6.743e-002,+1.937e-002,+4.287e-002,-6.841e-003,-1.250e-001,+1.324e-001,-5.889e-002,-5.586e-002,+6.310e-003,+6.253e-002,-2.318e-002,-4.032e-002,-7.409e-003,+5.019e-002,+4.220e-002,+7.964e-002 },
  {+1.448e-002,-3.603e-002,+3.001e-002,+4.708e-002,+1.627e-002,-1.195e-002,-1.485e-002,+4.058e-002,-2.430e-002,-6.104e-003,-2.199e-002,-3.433e-003,-1.076e-002,+2.715e-002,-8.776e-003,-2.904e-002,-1.965e-002,+1.232e-003,-2.031e-002,-2.633e-002,-1.070e-002,-1.257e-002,+6.615e-003,+3.164e-002,+3.662e-002,+2.196e-002,+1.054e-002,-2.177e-002,+1.470e-003,-5.842e-002,-8.414e-004,+1.479e-002,+5.868e-002,+3.553e-002,-2.330e-002,+6.692e-003,+1.482e-002,-2.364e-003,-4.321e-002,+4.574e-002,-2.035e-002,-1.930e-002,+2.180e-003,+2.161e-002,-8.011e-003,-1.393e-002,-2.560e-003,+1.734e-002,+1.458e-002,+2.752e-002 },
  {-1.064e-002,+2.647e-002,-2.205e-002,-3.459e-002,-1.195e-002,+8.782e-003,+1.091e-002,-2.982e-002,+1.786e-002,+4.485e-003,+1.616e-002,+2.522e-003,+7.904e-003,-1.994e-002,+6.448e-003,+2.134e-002,+1.444e-002,-9.054e-004,+1.492e-002,+1.934e-002,+7.865e-003,+9.235e-003,-4.860e-003,-2.325e-002,-2.690e-002,-1.613e-002,-7.741e-003,+1.600e-002,-1.080e-003,+4.292e-002,+6.182e-004,-1.086e-002,-4.311e-002,-2.610e-002,+1.712e-002,-4.917e-003,-1.089e-002,+1.737e-003,+3.174e-002,-3.360e-002,+1.495e-002,+1.418e-002,-1.602e-003,-1.587e-002,+5.886e-003,+1.024e-002,+1.881e-003,-1.274e-002,-1.071e-002,-2.022e-002 },
  {-1.321e-002,+3.288e-002,-2.738e-002,-4.296e-002,-1.485e-002,+1.091e-002,+1.355e-002,-3.703e-002,+2.218e-002,+5.570e-003,+2.007e-002,+3.132e-003,+9.817e-003,-2.477e-002,+8.009e-003,+2.650e-002,+1.793e-002,-1.125e-003,+1.853e-002,+2.402e-002,+9.768e-003,+1.147e-002,-6.036e-003,-2.887e-002,-3.342e-002,-2.004e-002,-9.615e-003,+1.987e-002,-1.342e-003,+5.331e-002,+7.678e-004,-1.349e-002,-5.355e-002,-3.242e-002,+2.126e-002,-6.107e-003,-1.352e-002,+2.157e-003,+3.943e-002,-4.174e-002,+1.857e-002,+1.761e-002,-1.990e-003,-1.972e-002,+7.311e-003,+1.271e-002,+2.336e-003,-1.583e-002,-1.331e-002,-2.511e-002 },
  {+3.611e-002,-8.989e-002,+7.486e-002,+1.174e-001,+4.058e-002,-2.982e-002,-3.703e-002,+1.012e-001,-6.063e-002,-1.523e-002,-5.485e-002,-8.562e-003,-2.683e-002,+6.772e-002,-2.189e-002,-7.244e-002,-4.902e-002,+3.074e-003,-5.066e-002,-6.567e-002,-2.670e-002,-3.135e-002,+1.650e-002,+7.892e-002,+9.134e-002,+5.477e-002,+2.628e-002,-5.431e-002,+3.668e-003,-1.457e-001,-2.099e-003,+3.688e-002,+1.464e-001,+8.862e-002,-5.812e-002,+1.669e-002,+3.696e-002,-5.897e-003,-1.078e-001,+1.141e-001,-5.076e-002,-4.815e-002,+5.439e-003,+5.390e-002,-1.998e-002,-3.475e-002,-6.386e-003,+4.327e-002,+3.638e-002,+6.865e-002 },
  {-2.163e-002,+5.383e-002,-4.483e-002,-7.034e-002,-2.430e-002,+1.786e-002,+2.218e-002,-6.063e-002,+3.631e-002,+9.118e-003,+3.285e-002,+5.128e-003,+1.607e-002,-4.055e-002,+1.311e-002,+4.338e-002,+2.935e-002,-1.841e-003,+3.034e-002,+3.933e-002,+1.599e-002,+1.878e-002,-9.882e-003,-4.726e-002,-5.470e-002,-3.280e-002,-1.574e-002,+3.253e-002,-2.197e-003,+8.728e-002,+1.257e-003,-2.209e-002,-8.766e-002,-5.307e-002,+3.481e-002,-9.998e-003,-2.213e-002,+3.531e-003,+6.454e-002,-6.832e-002,+3.040e-002,+2.883e-002,-3.257e-003,-3.228e-002,+1.197e-002,+2.081e-002,+3.824e-003,-2.591e-002,-2.178e-002,-4.111e-002 },
