SDPA start at [Tue Sep 07 12:29:40 2021]
param  is ./param.sdpa 
data   is G:\Research\PhysarumSDPSolver\SDPA\testSet\large1\large-506.dat-s  : sparse
""Large randomly generated test with n = 50 and at most 10 conditions""
out    is G:\Research\PhysarumSDPSolver\SDPA\testSet\large1\large-506.dat-s.res
NumThreads  is set as 1
Schur computation : DENSE 
   mu      thetaP  thetaD  objP      objD      alphaP  alphaD  beta 
 0 1.0e+004 1.0e+000 1.0e+000 -0.00e+000 -3.00e+004 9.1e-001 1.0e+000 2.00e-001
 1 1.8e+003 9.2e-002 3.3e-016 +1.36e-001 -3.72e+004 9.9e-001 1.6e+000 2.00e-001
 2 2.7e+002 7.5e-004 1.6e-015 +3.68e-002 -1.33e+004 1.0e+000 1.0e+000 2.00e-001
 3 4.5e+001 9.3e-018 7.0e-016 +1.49e-002 -2.26e+003 5.6e+001 9.8e-001 1.00e-001
 4 5.1e+000 9.3e-018 7.4e-017 -2.86e+000 -2.58e+002 9.8e-001 9.8e-001 1.00e-001
 5 6.0e-001 9.3e-018 6.9e-018 -2.79e+000 -3.28e+001 1.0e+000 9.4e-001 1.00e-001
 6 9.3e-002 9.3e-018 3.5e-018 -3.42e+000 -8.08e+000 9.5e-001 8.6e-001 1.00e-001
 7 2.1e-002 9.3e-018 2.2e-018 -3.53e+000 -4.57e+000 1.0e+000 9.4e-001 1.00e-001
 8 3.2e-003 1.9e-017 6.9e-018 -3.56e+000 -3.72e+000 1.0e+000 9.9e-001 1.00e-001
 9 3.6e-004 1.9e-017 5.2e-018 -3.56e+000 -3.58e+000 1.1e+000 1.0e+000 1.00e-001
10 3.7e-005 1.9e-017 3.9e-018 -3.56e+000 -3.56e+000 1.1e+000 1.0e+000 1.00e-001
11 3.7e-006 1.9e-017 1.4e-017 -3.56e+000 -3.56e+000 1.1e+000 1.0e+000 1.00e-001
12 3.7e-007 1.9e-017 1.2e-017 -3.56e+000 -3.56e+000 1.1e+000 1.0e+000 1.00e-001
13 3.7e-008 1.9e-017 6.8e-017 -3.56e+000 -3.56e+000 1.0e+000 1.0e+000 1.00e-001
14 3.7e-009 1.9e-017 1.8e-016 -3.56e+000 -3.56e+000 1.0e+000 1.0e+000 1.00e-001

phase.value  = pdOPT     
   Iteration = 14
          mu = +3.7027633148500881e-009
relative gap = +5.1969369992496101e-008
        gap  = +1.8513822563903659e-007
     digits  = +7.2842525479537601e+000
objValPrimal = -3.5624488204303875e+000
objValDual   = -3.5624490055686131e+000
p.feas.error = +1.7763568394002505e-015
d.feas.error = +2.8990143619012088e-012
total time   = 0.176163
** Paramters **
maxIteration = 100
epsilonStar  = +9.9999999999999995e-008
lambdaStar   = +1.0000000000000000e+002
omegaStar    = +2.0000000000000000e+000
lowerBound   = -1.0000000000000000e+005
upperBound   = +1.0000000000000000e+005
betaStar     = +1.0000000000000001e-001
betaBar      = +2.0000000000000001e-001
gammaStar    = +9.0000000000000002e-001
epsilonDash  = +9.9999999999999995e-008
xPrint       = %+8.3e 
XPrint       = %+8.3e 
YPrint       = %+8.3e 
infPrint     = %+10.16e 

                         Time(sec)  Ratio(% : MainLoop) 
 Predictor time  =       0.031999,  20.475036
 Corrector time  =       0.019505,  12.480564
 Make bMat time  =       0.000000,  0.000000
 Make bDia time  =       0.000000,  0.000000
 Make bF1  time  =       0.000000,  0.000000
 Make bF2  time  =       0.000000,  0.000000
 Make bF3  time  =       0.000000,  0.000000
 Make bPRE time  =       0.000000,  0.000000
 Make rMat time  =       0.000000,  0.000000
 Make gVec Mul   =       0.000000,  0.000000
 Make gVec time  =       0.000000,  0.000000
 Cholesky bMat   =       0.000000,  0.000000
 Ste Pre time    =       0.000000,  0.000000
 Ste Cor time    =       0.088776,  56.804643
 solve           =       0.000000,  0.000000
 sumDz           =       0.000000,  0.000000
 makedX          =       0.007999,  5.118279
 symmetriseDx    =       0.043505,  27.837321
 makedXdZ        =       0.051504,  32.955600
 xMatTime        =       0.000000,  0.000000
 zMatTime        =       0.016003,  10.239757
 invzMatTime     =       0.000000,  0.000000
 xMatzMatTime    =       0.000000,  0.000000
 EigxMatTime     =       0.048136,  30.800535
 EigzMatTime     =       0.040640,  26.004108
 EigxMatzMatTime =       0.000000,  0.000000
 updateRes       =       0.000000,  0.000000
 EigTime         =       0.088776,  56.804643
 sub_total_bMat  =       0.156283,  100.000000
 Main Loop       =       0.156283,  100.000000
 File Check      =       0.000000,  0.000000
 File Change     =       0.000000,  0.000000
 File Read       =       0.019880,  12.720513
 Total           =       0.176163,  112.720513

xVec = 
{+1.057e-002,+3.456e-003,+3.410e-003,-1.959e-003,+1.688e-002}
xMat = 
{
{ {+5.915e+000,+2.979e-002,-1.308e-002,-3.939e-001,-5.671e-001,+9.144e-001,-5.529e-001,-1.388e-001,-2.590e-001,+1.452e-001,-8.881e-001,-5.815e-002,+8.006e-001,-1.302e-001,+1.005e+000,-5.799e-001,+9.221e-002,-5.125e-002,-3.901e-001,-7.278e-001,+5.296e-002,-5.673e-005,-5.669e-001,-8.822e-002,+3.329e-001,-2.483e-001,-5.994e-001,-4.182e-001,-3.580e-001,-3.009e-001,+9.982e-001,+2.813e-001,+3.049e-001,-2.305e-001,-2.007e-001,-7.434e-001,-5.958e-001,+9.289e-002,-4.433e-001,+3.950e-001,-5.290e-001,-5.916e-001,+1.047e-001,+1.017e-003,-4.642e-001,+2.860e-001,+4.742e-002,-4.786e-002,+9.254e-002,-1.303e+000 },
  {+2.979e-002,+6.486e+000,-7.075e-001,+6.056e-002,+7.027e-001,-8.457e-001,+7.437e-002,+7.533e-001,-3.704e-001,+7.929e-001,-1.109e+000,+3.511e-001,-2.826e-001,+1.176e-001,-3.154e-001,+1.031e+000,+5.912e-001,-3.509e-001,+4.746e-001,+3.880e-001,-4.649e-001,-8.042e-002,-1.132e-001,+1.746e-002,-3.181e-001,-7.139e-001,+3.100e-001,-5.704e-001,+2.255e-001,+9.325e-002,-6.665e-001,+4.047e-001,+1.934e-001,-3.937e-001,+1.724e-001,-1.698e-001,+4.453e-001,-1.486e-001,+1.004e-001,+6.228e-001,-3.468e-001,-6.477e-001,-5.184e-001,-1.753e-001,-3.530e-001,+1.182e-001,-6.893e-002,-6.822e-001,+1.985e-001,-8.073e-001 },
  {-1.308e-002,-7.075e-001,+5.386e+000,+6.612e-002,+1.165e+000,-6.349e-001,+6.578e-001,+2.218e-001,+2.069e-001,-5.916e-001,+4.407e-001,+1.125e-001,-5.424e-001,+2.556e-001,+4.646e-001,-9.485e-002,-4.013e-001,+1.051e-001,+2.165e-002,+7.359e-001,+2.211e-001,-4.296e-001,+6.520e-001,+1.211e-001,-7.691e-001,+7.431e-001,-3.175e-001,+2.325e-001,+1.014e+000,+5.586e-002,-3.449e-001,-5.818e-001,+8.017e-001,-5.879e-001,+9.333e-002,+8.270e-001,-3.744e-001,-9.506e-001,-9.162e-001,+7.182e-002,-3.700e-001,-5.658e-001,-2.768e-001,+6.919e-001,-8.081e-001,+1.511e-001,+7.119e-001,-7.411e-001,-8.048e-002,-3.423e-001 },
  {-3.939e-001,+6.056e-002,+6.612e-002,+6.806e+000,-2.589e-001,-2.342e-001,+2.816e-001,-2.579e-001,+2.303e-001,+1.982e-001,+7.733e-002,-1.103e-001,-1.825e-001,+1.082e+000,-8.376e-002,+9.525e-002,-2.973e-001,+4.271e-001,+4.738e-001,-6.348e-001,+1.571e-001,-5.772e-001,+4.914e-001,-5.316e-002,+6.759e-001,+4.602e-001,-1.782e-001,+1.157e-001,-3.648e-001,-5.648e-001,+1.291e-001,-2.771e-001,+2.654e-001,-1.000e+000,-3.695e-001,-6.915e-001,+2.387e-001,+9.427e-002,-6.807e-002,-1.603e-001,+1.830e-001,-2.750e-001,+1.227e-001,-3.927e-001,-7.402e-001,-3.215e-002,-6.916e-001,+4.728e-001,-5.808e-001,+8.116e-002 },
  {-5.671e-001,+7.027e-001,+1.165e+000,-2.589e-001,+6.050e+000,-6.467e-001,+3.834e-001,-3.914e-001,+7.924e-002,-7.799e-001,-7.946e-001,-7.107e-001,-4.990e-001,-5.965e-001,+1.537e-001,-2.665e-001,+7.781e-002,-3.108e-001,+3.026e-002,-3.264e-001,-2.140e-001,+7.182e-001,+2.222e-001,+2.353e-001,-1.144e-001,-1.778e-001,-7.662e-001,-7.105e-001,+3.956e-001,+4.823e-001,+4.874e-001,+6.019e-001,+1.266e-001,-4.442e-001,+6.067e-001,-8.043e-001,-4.420e-001,-2.800e-001,+2.740e-001,-4.618e-001,+1.808e-001,+1.272e-001,-2.856e-002,-4.519e-001,+3.392e-001,+2.212e-001,+6.423e-002,+4.643e-004,-6.848e-001,+6.132e-001 },
  {+9.144e-001,-8.457e-001,-6.349e-001,-2.342e-001,-6.467e-001,+5.298e+000,+8.236e-001,-7.175e-002,-2.332e-001,-9.890e-002,+2.647e-001,+3.370e-001,-5.829e-001,+2.660e-001,+6.099e-002,+3.735e-001,-5.299e-002,+3.556e-001,+7.847e-001,-7.386e-002,+3.406e-001,+9.719e-001,+6.020e-002,+5.080e-001,+1.286e-001,+2.843e-001,+1.542e-001,-8.241e-001,+2.544e-001,+4.385e-001,+5.016e-001,+3.288e-001,-5.787e-001,-6.783e-001,+8.984e-002,-6.992e-002,+7.862e-001,-5.038e-001,-4.114e-001,-4.158e-001,+5.201e-001,+9.444e-002,-3.774e-001,-5.822e-001,-1.349e-001,-5.390e-001,+3.251e-001,-5.826e-001,-1.077e-001,+6.863e-001 },
  {-5.529e-001,+7.437e-002,+6.578e-001,+2.816e-001,+3.834e-001,+8.236e-001,+5.771e+000,+2.621e-001,-4.689e-001,+2.444e-001,+7.359e-001,+3.688e-001,+2.932e-001,+7.351e-001,-3.600e-001,-2.749e-001,-1.051e-001,+4.898e-001,-1.594e-001,-7.535e-001,-4.854e-002,-3.707e-003,-3.109e-001,+2.948e-001,+6.800e-001,+3.801e-003,+5.079e-001,-1.751e-001,+4.292e-001,-7.909e-001,-4.660e-001,-1.231e-002,+4.413e-001,+3.286e-001,+7.008e-001,-5.975e-001,-4.041e-001,-1.246e+000,-6.859e-001,-5.070e-001,-1.311e-001,-4.366e-001,-8.125e-002,+9.462e-002,-3.941e-001,+2.846e-001,-1.323e-001,+5.135e-001,-8.667e-001,-5.363e-001 },
  {-1.388e-001,+7.533e-001,+2.218e-001,-2.579e-001,-3.914e-001,-7.175e-002,+2.621e-001,+5.742e+000,-4.612e-001,-3.270e-001,-5.137e-001,+3.278e-001,-1.373e+000,+4.907e-002,+2.774e-001,+3.409e-001,-1.026e-001,+3.047e-001,-1.932e-001,-9.449e-002,+4.414e-001,+1.104e-001,+4.825e-002,-2.022e-001,-7.767e-001,-2.656e-001,+5.267e-001,-5.391e-001,-4.010e-001,+4.421e-002,-2.593e-001,+3.577e-001,+1.430e-001,+2.750e-001,+3.355e-001,+7.182e-002,+3.229e-001,-8.279e-001,+8.541e-001,+1.962e-001,-5.591e-001,+2.328e-001,+3.108e-001,+3.184e-001,-6.634e-001,-5.533e-001,-1.337e+000,-2.784e-001,+5.619e-001,+1.482e-001 },
  {-2.590e-001,-3.704e-001,+2.069e-001,+2.303e-001,+7.924e-002,-2.332e-001,-4.689e-001,-4.612e-001,+5.854e+000,-1.695e-001,+6.337e-001,+3.904e-001,-1.544e-001,-3.862e-001,+9.320e-001,+1.300e-001,-3.314e-001,+3.383e-001,-4.771e-002,-2.073e-001,-5.145e-001,-2.143e-001,-1.378e-001,+1.111e-001,-2.313e-001,-3.775e-001,-5.402e-002,-5.297e-002,-1.083e+000,+3.719e-001,-3.147e-001,+5.059e-001,+2.821e-002,+3.357e-001,-8.861e-002,-2.580e-001,-6.079e-001,-2.976e-001,-1.859e-001,+5.466e-001,+5.480e-001,+1.435e-001,+1.665e-001,-4.571e-001,-6.824e-001,+1.068e+000,-7.935e-001,+1.124e-001,+3.189e-001,-1.549e+000 },
  {+1.452e-001,+7.929e-001,-5.916e-001,+1.982e-001,-7.799e-001,-9.890e-002,+2.444e-001,-3.270e-001,-1.695e-001,+4.902e+000,-1.079e-001,-5.947e-001,+3.814e-001,-5.468e-001,-3.198e-001,-1.642e-001,-7.629e-001,+9.663e-001,+1.531e-001,-4.022e-001,-6.303e-001,-3.364e-001,+5.547e-001,-2.805e-001,+7.302e-002,-1.666e-001,+4.110e-001,-1.027e+000,-8.884e-002,-5.613e-001,-1.522e-001,+5.501e-002,+1.113e-002,+3.954e-001,-6.347e-001,+1.879e-001,+6.864e-002,+1.275e-001,+1.680e-001,+1.282e-001,-1.210e+000,+2.939e-001,-3.141e-002,+3.889e-001,-6.956e-002,+6.502e-001,+3.320e-001,+6.863e-002,+3.049e-002,+8.090e-001 },
  {-8.881e-001,-1.109e+000,+4.407e-001,+7.733e-002,-7.946e-001,+2.647e-001,+7.359e-001,-5.137e-001,+6.337e-001,-1.079e-001,+7.300e+000,+4.637e-001,-1.283e-001,-3.992e-001,+4.236e-001,+4.223e-001,-2.304e-001,-8.119e-001,-9.624e-001,+2.639e-001,-2.826e-001,+4.865e-001,+6.493e-001,+2.965e-001,-1.141e-001,-6.294e-001,-5.010e-001,-6.126e-001,-2.285e-001,-3.263e-001,-8.226e-001,+1.405e-001,+2.735e-001,-6.874e-001,-5.660e-001,-6.262e-001,-3.247e-001,+2.438e-001,+6.262e-002,+3.154e-001,-1.070e+000,+3.811e-001,-3.403e-001,-5.493e-001,+2.677e-001,+1.406e-002,-8.637e-002,+1.406e-001,+6.634e-001,-5.132e-002 },
  {-5.815e-002,+3.511e-001,+1.125e-001,-1.103e-001,-7.107e-001,+3.370e-001,+3.688e-001,+3.278e-001,+3.904e-001,-5.947e-001,+4.637e-001,+5.373e+000,-9.996e-002,+1.410e-001,-2.430e-001,-3.875e-003,+3.063e-001,-5.266e-002,+3.259e-002,+2.421e-001,-1.332e-001,+1.200e-001,-8.502e-001,-3.382e-001,-5.816e-002,-5.166e-001,-8.202e-001,+4.458e-001,-2.224e-001,-1.805e-001,+8.595e-002,-1.904e-001,+2.982e-001,+5.848e-001,-1.883e-001,-6.914e-001,+6.143e-002,-2.409e-001,-6.846e-001,-6.382e-002,-7.562e-001,+3.930e-001,-8.400e-001,+2.939e-001,+1.461e-001,-1.037e+000,-3.232e-001,-7.939e-001,-4.823e-001,-1.524e-001 },
  {+8.006e-001,-2.826e-001,-5.424e-001,-1.825e-001,-4.990e-001,-5.829e-001,+2.932e-001,-1.373e+000,-1.544e-001,+3.814e-001,-1.283e-001,-9.996e-002,+6.191e+000,-2.368e-001,+1.052e-001,+5.638e-001,+7.565e-002,+2.483e-001,-4.655e-001,-3.567e-001,-3.741e-001,-4.201e-001,-2.733e-003,-5.761e-001,-4.799e-001,+1.024e+000,-2.202e-001,-6.400e-002,+4.230e-001,-2.089e-001,-8.210e-001,-4.791e-002,+3.913e-002,+3.169e-001,-8.932e-001,+1.694e-001,-5.836e-001,-9.059e-001,+4.734e-001,-3.683e-001,+4.409e-001,+2.325e-001,-2.660e-001,-1.295e-001,+8.715e-002,-6.672e-001,+5.444e-002,+3.922e-001,+1.297e-001,-2.829e-001 },
  {-1.302e-001,+1.176e-001,+2.556e-001,+1.082e+000,-5.965e-001,+2.660e-001,+7.351e-001,+4.907e-002,-3.862e-001,-5.468e-001,-3.992e-001,+1.410e-001,-2.368e-001,+6.137e+000,-8.025e-002,+1.141e-001,-4.087e-001,-8.494e-001,-4.635e-001,-5.568e-001,+2.865e-001,-1.747e-001,+5.218e-001,-2.822e-001,-1.784e-001,-4.293e-001,+7.946e-002,-5.565e-003,-3.090e-001,+5.395e-001,-9.931e-003,-2.771e-001,+3.169e-001,+6.973e-001,+1.924e-001,+1.065e+000,+3.389e-001,+2.941e-001,-6.721e-001,-5.869e-001,-9.159e-002,-4.592e-001,+4.301e-002,+5.373e-002,+1.272e+000,-5.017e-002,+2.366e-001,-8.201e-001,-1.622e-001,-4.621e-001 },
  {+1.005e+000,-3.154e-001,+4.646e-001,-8.376e-002,+1.537e-001,+6.099e-002,-3.600e-001,+2.774e-001,+9.320e-001,-3.198e-001,+4.236e-001,-2.430e-001,+1.052e-001,-8.025e-002,+4.905e+000,+2.191e-001,+2.561e-003,+3.566e-001,+5.120e-001,-3.900e-001,-1.488e-001,-3.157e-002,-1.281e+000,-2.113e-001,+3.138e-001,+4.586e-001,+5.304e-001,+8.022e-002,-7.234e-003,-7.287e-001,-3.403e-001,+3.661e-001,-1.876e-001,-3.276e-001,+8.787e-001,+1.846e-001,+2.397e-001,-1.191e-001,+3.043e-001,+7.278e-001,+2.092e-001,+8.189e-001,-4.070e-001,-7.686e-001,-2.052e-001,-3.520e-001,+3.539e-001,-1.591e-002,-3.465e-001,+4.381e-001 },
  {-5.799e-001,+1.031e+000,-9.485e-002,+9.525e-002,-2.665e-001,+3.735e-001,-2.749e-001,+3.409e-001,+1.300e-001,-1.642e-001,+4.223e-001,-3.875e-003,+5.638e-001,+1.141e-001,+2.191e-001,+6.217e+000,+1.717e-001,-2.740e-001,-3.600e-001,-5.577e-001,+1.519e-001,+1.106e-001,+3.756e-001,+1.029e-001,+2.623e-002,-6.304e-002,-3.599e-001,-2.028e-001,+3.934e-001,+7.778e-002,-4.692e-001,-3.277e-001,+9.830e-002,+9.670e-001,+6.902e-001,-3.723e-002,-3.743e-002,-7.344e-002,-3.484e-001,-2.050e-001,+2.415e-001,+1.804e-001,+1.530e-001,+4.667e-001,+1.290e-001,-1.386e-001,-1.971e-001,-7.299e-001,-4.295e-001,+1.526e-001 },
  {+9.221e-002,+5.912e-001,-4.013e-001,-2.973e-001,+7.781e-002,-5.299e-002,-1.051e-001,-1.026e-001,-3.314e-001,-7.629e-001,-2.304e-001,+3.063e-001,+7.565e-002,-4.087e-001,+2.561e-003,+1.717e-001,+6.286e+000,+4.266e-001,-2.766e-001,-6.185e-002,+1.833e-001,-3.153e-001,-8.323e-002,-1.094e-001,-7.526e-004,-3.461e-001,+6.950e-001,-2.748e-001,+2.203e-001,-5.498e-001,-4.712e-001,+2.238e-001,-7.244e-001,+1.463e-001,+1.777e-001,+8.646e-001,+4.042e-001,-3.355e-002,+5.719e-001,-8.823e-001,-2.538e-001,-5.297e-001,-6.731e-001,-6.633e-001,-2.168e-001,-2.572e-001,-6.042e-001,+3.372e-001,-3.779e-001,+7.760e-002 },
  {-5.125e-002,-3.509e-001,+1.051e-001,+4.271e-001,-3.108e-001,+3.556e-001,+4.898e-001,+3.047e-001,+3.383e-001,+9.663e-001,-8.119e-001,-5.266e-002,+2.483e-001,-8.494e-001,+3.566e-001,-2.740e-001,+4.266e-001,+6.280e+000,-4.272e-001,-4.444e-001,-4.548e-002,-3.827e-001,-3.020e-001,-4.808e-001,+5.706e-001,-2.267e-001,-6.255e-001,-7.435e-001,-2.163e-001,+2.811e-001,-4.905e-001,+1.028e-001,+2.227e-001,-4.927e-001,+2.085e-001,-4.940e-002,-5.658e-002,-5.298e-001,-1.389e-001,-5.144e-001,-5.069e-001,+4.286e-001,-1.600e-002,+1.095e-001,+4.540e-001,-6.544e-001,-1.121e+000,-3.531e-001,-9.394e-001,-5.198e-001 },
  {-3.901e-001,+4.746e-001,+2.165e-002,+4.738e-001,+3.026e-002,+7.847e-001,-1.594e-001,-1.932e-001,-4.771e-002,+1.531e-001,-9.624e-001,+3.259e-002,-4.655e-001,-4.635e-001,+5.120e-001,-3.600e-001,-2.766e-001,-4.272e-001,+6.169e+000,-2.405e-001,+4.088e-002,+6.917e-001,-2.992e-002,-1.412e+000,-5.995e-001,+4.758e-001,-8.878e-002,-5.106e-001,-7.198e-002,-3.749e-001,-4.869e-001,+1.054e-001,+1.223e+000,-1.167e-001,-3.535e-001,-1.052e-001,-1.101e+000,+7.666e-001,+4.204e-001,-2.548e-001,+1.956e-001,-2.854e-003,+2.738e-001,-4.413e-001,+4.137e-001,-6.789e-002,-8.954e-002,+3.171e-001,-1.943e-001,-5.292e-001 },
  {-7.278e-001,+3.880e-001,+7.359e-001,-6.348e-001,-3.264e-001,-7.386e-002,-7.535e-001,-9.449e-002,-2.073e-001,-4.022e-001,+2.639e-001,+2.421e-001,-3.567e-001,-5.568e-001,-3.900e-001,-5.577e-001,-6.185e-002,-4.444e-001,-2.405e-001,+5.714e+000,-9.414e-001,-1.802e-001,-2.650e-001,+2.149e-001,-3.737e-001,-1.210e-001,-4.129e-001,-1.247e+000,+8.202e-001,+8.973e-001,+1.105e+000,+2.514e-001,-3.458e-001,+3.816e-001,+5.742e-001,-6.935e-002,+9.714e-002,+4.628e-001,+9.445e-002,-6.324e-001,+5.885e-001,-6.503e-001,-1.923e-001,-1.927e-001,-5.478e-001,-3.047e-001,-4.188e-002,+5.216e-001,-4.778e-001,-2.665e-001 },
  {+5.296e-002,-4.649e-001,+2.211e-001,+1.571e-001,-2.140e-001,+3.406e-001,-4.854e-002,+4.414e-001,-5.145e-001,-6.303e-001,-2.826e-001,-1.332e-001,-3.741e-001,+2.865e-001,-1.488e-001,+1.519e-001,+1.833e-001,-4.548e-002,+4.088e-002,-9.414e-001,+8.020e+000,-1.534e-001,+7.590e-002,-7.518e-001,+2.589e-001,-1.864e-001,-5.821e-001,+6.432e-001,+8.287e-001,+4.926e-001,-5.517e-001,-4.015e-003,-1.336e-002,-5.620e-001,-1.155e-001,-1.374e-001,+2.346e-001,-5.424e-002,-4.733e-001,-2.649e-001,-1.295e-001,+2.832e-001,+4.311e-001,-3.422e-001,-1.344e-001,+4.678e-001,+7.992e-001,+5.698e-001,+2.826e-002,-2.006e-001 },
  {-5.673e-005,-8.042e-002,-4.296e-001,-5.772e-001,+7.182e-001,+9.719e-001,-3.707e-003,+1.104e-001,-2.143e-001,-3.364e-001,+4.865e-001,+1.200e-001,-4.201e-001,-1.747e-001,-3.157e-002,+1.106e-001,-3.153e-001,-3.827e-001,+6.917e-001,-1.802e-001,-1.534e-001,+5.982e+000,-2.580e-001,+8.673e-001,+8.226e-001,-1.934e-001,+4.903e-001,-2.119e-001,-2.232e-001,+3.738e-001,-7.628e-002,-8.620e-002,-3.741e-001,+1.366e-001,-9.713e-001,+2.017e-001,-2.847e-001,-7.865e-001,-4.255e-001,-1.866e-001,-1.969e-001,-1.327e-001,-1.133e+000,+1.138e-001,-5.800e-002,-7.505e-001,-6.645e-001,+1.030e+000,-9.531e-002,-3.444e-001 },
  {-5.669e-001,-1.132e-001,+6.520e-001,+4.914e-001,+2.222e-001,+6.020e-002,-3.109e-001,+4.825e-002,-1.378e-001,+5.547e-001,+6.493e-001,-8.502e-001,-2.733e-003,+5.218e-001,-1.281e+000,+3.756e-001,-8.323e-002,-3.020e-001,-2.992e-002,-2.650e-001,+7.590e-002,-2.580e-001,+5.827e+000,+6.338e-002,-5.324e-001,-6.778e-002,+1.957e-001,-4.496e-001,-2.378e-001,-1.973e-001,+1.840e-001,-2.996e-001,-2.956e-001,+1.002e-001,+9.544e-003,+4.303e-001,-1.801e-001,+1.784e-001,+9.808e-001,+2.073e-002,+5.935e-002,-2.212e-001,+4.669e-001,-4.952e-001,-1.275e+000,+8.237e-001,-1.826e-001,-6.397e-002,+1.985e-001,-2.951e-001 },
  {-8.822e-002,+1.746e-002,+1.211e-001,-5.316e-002,+2.353e-001,+5.080e-001,+2.948e-001,-2.022e-001,+1.111e-001,-2.805e-001,+2.965e-001,-3.382e-001,-5.761e-001,-2.822e-001,-2.113e-001,+1.029e-001,-1.094e-001,-4.808e-001,-1.412e+000,+2.149e-001,-7.518e-001,+8.673e-001,+6.338e-002,+5.878e+000,+1.821e-001,+1.771e-001,-2.129e-001,-1.880e-001,+3.073e-001,-2.149e-001,+7.832e-001,-9.342e-002,-7.630e-001,+5.400e-002,-6.506e-001,-4.025e-001,+3.295e-001,-1.966e-001,-2.657e-001,+1.302e-001,+9.001e-002,-5.312e-001,+1.717e-001,-5.536e-001,+3.763e-001,-6.631e-001,+6.222e-001,-3.623e-001,-6.507e-002,+4.009e-001 },
  {+3.329e-001,-3.181e-001,-7.691e-001,+6.759e-001,-1.144e-001,+1.286e-001,+6.800e-001,-7.767e-001,-2.313e-001,+7.302e-002,-1.141e-001,-5.816e-002,-4.799e-001,-1.784e-001,+3.138e-001,+2.623e-002,-7.526e-004,+5.706e-001,-5.995e-001,-3.737e-001,+2.589e-001,+8.226e-001,-5.324e-001,+1.821e-001,+5.022e+000,+2.111e-001,+2.663e-001,+1.081e+000,+2.926e-001,+7.443e-001,-4.721e-001,+1.287e-001,-4.389e-001,+2.095e-001,+6.734e-001,-4.975e-001,-3.110e-002,+8.038e-002,-6.201e-001,-5.931e-002,+6.736e-001,+1.404e-001,-1.213e-001,+7.991e-001,-4.871e-001,+9.402e-001,-2.382e-001,+3.805e-001,-2.230e-001,-2.924e-001 },
  {-2.483e-001,-7.139e-001,+7.431e-001,+4.602e-001,-1.778e-001,+2.843e-001,+3.801e-003,-2.656e-001,-3.775e-001,-1.666e-001,-6.294e-001,-5.166e-001,+1.024e+000,-4.293e-001,+4.586e-001,-6.304e-002,-3.461e-001,-2.267e-001,+4.758e-001,-1.210e-001,-1.864e-001,-1.934e-001,-6.778e-002,+1.771e-001,+2.111e-001,+6.296e+000,+3.343e-001,-7.123e-001,-2.545e-001,+1.627e-001,-4.760e-001,+4.129e-002,-8.030e-001,-7.743e-001,+2.879e-001,-8.039e-001,+1.124e-001,+2.795e-001,-3.159e-001,+2.346e-001,-9.246e-001,-2.154e-002,+3.553e-001,-1.826e-001,+3.601e-001,+4.463e-001,-1.735e-001,-6.835e-001,+4.625e-001,-1.134e-001 },
  {-5.994e-001,+3.100e-001,-3.175e-001,-1.782e-001,-7.662e-001,+1.542e-001,+5.079e-001,+5.267e-001,-5.402e-002,+4.110e-001,-5.010e-001,-8.202e-001,-2.202e-001,+7.946e-002,+5.304e-001,-3.599e-001,+6.950e-001,-6.255e-001,-8.878e-002,-4.129e-001,-5.821e-001,+4.903e-001,+1.957e-001,-2.129e-001,+2.663e-001,+3.343e-001,+6.095e+000,+3.594e-001,-6.671e-001,-2.852e-002,+7.442e-001,+4.518e-001,-9.609e-001,+1.593e-001,-1.613e-001,+7.651e-001,-1.217e-001,-2.804e-002,-2.278e-002,-1.939e-001,+4.525e-001,+9.225e-001,-5.541e-001,+3.758e-001,-4.868e-001,-2.570e-001,+4.765e-001,-2.495e-001,-8.619e-001,+2.180e-001 },
  {-4.182e-001,-5.704e-001,+2.325e-001,+1.157e-001,-7.105e-001,-8.241e-001,-1.751e-001,-5.391e-001,-5.297e-002,-1.027e+000,-6.126e-001,+4.458e-001,-6.400e-002,-5.565e-003,+8.022e-002,-2.028e-001,-2.748e-001,-7.435e-001,-5.106e-001,-1.247e+000,+6.432e-001,-2.119e-001,-4.496e-001,-1.880e-001,+1.081e+000,-7.123e-001,+3.594e-001,+5.887e+000,-4.104e-001,+7.560e-001,+8.306e-001,+1.489e-001,-6.161e-001,+5.479e-002,+2.184e-001,+1.701e-001,-1.878e-001,-4.005e-001,+5.938e-001,+5.938e-001,-2.929e-001,+5.271e-002,+9.521e-001,-1.466e-001,-4.825e-001,+7.933e-002,-3.802e-002,-3.655e-001,+5.911e-001,+5.148e-001 },
  {-3.580e-001,+2.255e-001,+1.014e+000,-3.648e-001,+3.956e-001,+2.544e-001,+4.292e-001,-4.010e-001,-1.083e+000,-8.884e-002,-2.285e-001,-2.224e-001,+4.230e-001,-3.090e-001,-7.234e-003,+3.934e-001,+2.203e-001,-2.163e-001,-7.198e-002,+8.202e-001,+8.287e-001,-2.232e-001,-2.378e-001,+3.073e-001,+2.926e-001,-2.545e-001,-6.671e-001,-4.104e-001,+5.738e+000,+5.490e-001,-2.040e-001,-4.271e-001,-7.998e-002,+1.293e-001,-5.839e-001,-3.615e-001,+9.125e-001,-2.680e-001,-4.189e-001,-9.612e-001,+1.449e-001,+5.812e-001,-3.009e-001,+3.565e-001,-2.127e-001,+8.779e-001,-1.680e-002,-2.849e-001,-4.064e-002,+6.619e-002 },
  {-3.009e-001,+9.325e-002,+5.586e-002,-5.648e-001,+4.823e-001,+4.385e-001,-7.909e-001,+4.421e-002,+3.719e-001,-5.613e-001,-3.263e-001,-1.805e-001,-2.089e-001,+5.395e-001,-7.287e-001,+7.778e-002,-5.498e-001,+2.811e-001,-3.749e-001,+8.973e-001,+4.926e-001,+3.738e-001,-1.973e-001,-2.149e-001,+7.443e-001,+1.627e-001,-2.852e-002,+7.560e-001,+5.490e-001,+5.632e+000,+5.662e-001,-1.428e-002,+2.100e-001,-7.045e-002,-6.849e-001,+1.678e-001,-4.732e-001,-1.650e-001,-1.538e-001,+8.170e-001,-4.236e-001,-1.569e-001,-5.153e-001,-4.411e-001,+2.864e-001,-3.890e-001,-6.890e-001,-1.341e-001,-1.356e-001,+4.976e-001 },
  {+9.982e-001,-6.665e-001,-3.449e-001,+1.291e-001,+4.874e-001,+5.016e-001,-4.660e-001,-2.593e-001,-3.147e-001,-1.522e-001,-8.226e-001,+8.595e-002,-8.210e-001,-9.931e-003,-3.403e-001,-4.692e-001,-4.712e-001,-4.905e-001,-4.869e-001,+1.105e+000,-5.517e-001,-7.628e-002,+1.840e-001,+7.832e-001,-4.721e-001,-4.760e-001,+7.442e-001,+8.306e-001,-2.040e-001,+5.662e-001,+5.247e+000,-7.888e-001,+2.864e-001,-1.299e-001,-1.014e-001,-6.255e-001,-2.888e-001,+3.872e-001,+1.195e-001,+4.647e-002,-5.810e-001,+5.145e-001,-1.839e-001,-3.030e-001,+9.307e-001,+2.150e-001,+4.719e-001,-1.313e-001,-1.059e-001,-2.124e-001 },
  {+2.813e-001,+4.047e-001,-5.818e-001,-2.771e-001,+6.019e-001,+3.288e-001,-1.231e-002,+3.577e-001,+5.059e-001,+5.501e-002,+1.405e-001,-1.904e-001,-4.791e-002,-2.771e-001,+3.661e-001,-3.277e-001,+2.238e-001,+1.028e-001,+1.054e-001,+2.514e-001,-4.015e-003,-8.620e-002,-2.996e-001,-9.342e-002,+1.287e-001,+4.129e-002,+4.518e-001,+1.489e-001,-4.271e-001,-1.428e-002,-7.888e-001,+5.927e+000,-1.509e-001,-1.546e+000,-3.946e-001,+5.060e-001,-2.739e-001,+4.385e-001,-5.904e-001,-4.196e-001,-3.668e-001,+8.283e-002,-3.168e-001,+9.637e-001,+4.249e-001,-1.851e-001,-9.201e-001,+1.677e-001,-3.027e-001,+4.134e-001 },
  {+3.049e-001,+1.934e-001,+8.017e-001,+2.654e-001,+1.266e-001,-5.787e-001,+4.413e-001,+1.430e-001,+2.821e-002,+1.113e-002,+2.735e-001,+2.982e-001,+3.913e-002,+3.169e-001,-1.876e-001,+9.830e-002,-7.244e-001,+2.227e-001,+1.223e+000,-3.458e-001,-1.336e-002,-3.741e-001,-2.956e-001,-7.630e-001,-4.389e-001,-8.030e-001,-9.609e-001,-6.161e-001,-7.998e-002,+2.100e-001,+2.864e-001,-1.509e-001,+4.595e+000,-3.264e-001,-1.210e+000,-3.821e-001,-2.256e-001,-4.984e-001,-4.411e-001,+6.818e-001,+2.302e-001,-6.653e-001,-2.705e-001,-3.355e-001,+3.330e-001,+4.175e-001,-8.578e-002,+3.271e-002,-4.836e-001,+1.052e+000 },
  {-2.305e-001,-3.937e-001,-5.879e-001,-1.000e+000,-4.442e-001,-6.783e-001,+3.286e-001,+2.750e-001,+3.357e-001,+3.954e-001,-6.874e-001,+5.848e-001,+3.169e-001,+6.973e-001,-3.276e-001,+9.670e-001,+1.463e-001,-4.927e-001,-1.167e-001,+3.816e-001,-5.620e-001,+1.366e-001,+1.002e-001,+5.400e-002,+2.095e-001,-7.743e-001,+1.593e-001,+5.479e-002,+1.293e-001,-7.045e-002,-1.299e-001,-1.546e+000,-3.264e-001,+5.427e+000,+1.256e-001,-2.042e-001,-9.037e-001,+5.280e-001,-2.482e-001,-1.276e-001,-9.844e-001,-5.973e-001,+1.074e-001,-5.787e-001,+3.191e-001,+8.940e-002,-5.175e-001,+4.095e-001,-5.541e-001,+7.348e-001 },
  {-2.007e-001,+1.724e-001,+9.333e-002,-3.695e-001,+6.067e-001,+8.984e-002,+7.008e-001,+3.355e-001,-8.861e-002,-6.347e-001,-5.660e-001,-1.883e-001,-8.932e-001,+1.924e-001,+8.787e-001,+6.902e-001,+1.777e-001,+2.085e-001,-3.535e-001,+5.742e-001,-1.155e-001,-9.713e-001,+9.544e-003,-6.506e-001,+6.734e-001,+2.879e-001,-1.613e-001,+2.184e-001,-5.839e-001,-6.849e-001,-1.014e-001,-3.946e-001,-1.210e+000,+1.256e-001,+6.407e+000,+4.500e-001,-5.186e-001,+1.091e-001,-4.692e-001,-2.846e-001,+1.945e-001,-3.552e-001,-5.095e-001,-2.463e-002,+9.608e-001,+4.922e-001,+1.017e+000,+7.848e-001,+4.864e-001,-3.137e-001 },
  {-7.434e-001,-1.698e-001,+8.270e-001,-6.915e-001,-8.043e-001,-6.992e-002,-5.975e-001,+7.182e-002,-2.580e-001,+1.879e-001,-6.262e-001,-6.914e-001,+1.694e-001,+1.065e+000,+1.846e-001,-3.723e-002,+8.646e-001,-4.940e-002,-1.052e-001,-6.935e-002,-1.374e-001,+2.017e-001,+4.303e-001,-4.025e-001,-4.975e-001,-8.039e-001,+7.651e-001,+1.701e-001,-3.615e-001,+1.678e-001,-6.255e-001,+5.060e-001,-3.821e-001,-2.042e-001,+4.500e-001,+5.308e+000,-2.916e-001,-6.251e-002,+1.895e-002,-1.274e-001,-1.301e-001,+3.650e-001,-2.328e-001,-1.007e-001,+6.980e-003,-5.056e-001,+6.117e-002,+1.523e-002,-6.991e-001,+4.628e-001 },
  {-5.958e-001,+4.453e-001,-3.744e-001,+2.387e-001,-4.420e-001,+7.862e-001,-4.041e-001,+3.229e-001,-6.079e-001,+6.864e-002,-3.247e-001,+6.143e-002,-5.836e-001,+3.389e-001,+2.397e-001,-3.743e-002,+4.042e-001,-5.658e-002,-1.101e+000,+9.714e-002,+2.346e-001,-2.847e-001,-1.801e-001,+3.295e-001,-3.110e-002,+1.124e-001,-1.217e-001,-1.878e-001,+9.125e-001,-4.732e-001,-2.888e-001,-2.739e-001,-2.256e-001,-9.037e-001,-5.186e-001,-2.916e-001,+7.075e+000,+3.529e-002,-2.034e-001,+3.020e-001,-1.123e-002,+5.605e-001,+3.305e-002,-1.177e-001,+1.528e-002,+2.096e-001,-5.275e-001,-2.320e-001,+1.991e-001,-3.196e-001 },
  {+9.289e-002,-1.486e-001,-9.506e-001,+9.427e-002,-2.800e-001,-5.038e-001,-1.246e+000,-8.279e-001,-2.976e-001,+1.275e-001,+2.438e-001,-2.409e-001,-9.059e-001,+2.941e-001,-1.191e-001,-7.344e-002,-3.355e-002,-5.298e-001,+7.666e-001,+4.628e-001,-5.424e-002,-7.865e-001,+1.784e-001,-1.966e-001,+8.038e-002,+2.795e-001,-2.804e-002,-4.005e-001,-2.680e-001,-1.650e-001,+3.872e-001,+4.385e-001,-4.984e-001,+5.280e-001,+1.091e-001,-6.251e-002,+3.529e-002,+6.811e+000,-3.629e-001,-5.224e-001,+3.364e-001,-9.906e-002,-2.672e-001,+6.190e-001,-6.358e-001,-5.773e-001,-8.113e-001,-5.466e-001,+3.007e-001,-6.745e-001 },
  {-4.433e-001,+1.004e-001,-9.162e-001,-6.807e-002,+2.740e-001,-4.114e-001,-6.859e-001,+8.541e-001,-1.859e-001,+1.680e-001,+6.262e-002,-6.846e-001,+4.734e-001,-6.721e-001,+3.043e-001,-3.484e-001,+5.719e-001,-1.389e-001,+4.204e-001,+9.445e-002,-4.733e-001,-4.255e-001,+9.808e-001,-2.657e-001,-6.201e-001,-3.159e-001,-2.278e-002,+5.938e-001,-4.189e-001,-1.538e-001,+1.195e-001,-5.904e-001,-4.411e-001,-2.482e-001,-4.692e-001,+1.895e-002,-2.034e-001,-3.629e-001,+5.617e+000,-2.680e-001,+5.858e-002,+4.797e-001,+9.879e-001,+6.159e-001,+3.657e-001,+2.057e-001,+1.848e-001,-1.096e-001,+2.426e-001,-4.334e-001 },
  {+3.950e-001,+6.228e-001,+7.182e-002,-1.603e-001,-4.618e-001,-4.158e-001,-5.070e-001,+1.962e-001,+5.466e-001,+1.282e-001,+3.154e-001,-6.382e-002,-3.683e-001,-5.869e-001,+7.278e-001,-2.050e-001,-8.823e-001,-5.144e-001,-2.548e-001,-6.324e-001,-2.649e-001,-1.866e-001,+2.073e-002,+1.302e-001,-5.931e-002,+2.346e-001,-1.939e-001,+5.938e-001,-9.612e-001,+8.170e-001,+4.647e-002,-4.196e-001,+6.818e-001,-1.276e-001,-2.846e-001,-1.274e-001,+3.020e-001,-5.224e-001,-2.680e-001,+5.969e+000,+3.393e-001,-3.765e-002,+5.788e-002,+5.569e-001,+6.478e-001,-4.085e-001,-2.391e-001,+3.975e-001,-9.230e-001,+5.237e-001 },
  {-5.290e-001,-3.468e-001,-3.700e-001,+1.830e-001,+1.808e-001,+5.201e-001,-1.311e-001,-5.591e-001,+5.480e-001,-1.210e+000,-1.070e+000,-7.562e-001,+4.409e-001,-9.159e-002,+2.092e-001,+2.415e-001,-2.538e-001,-5.069e-001,+1.956e-001,+5.885e-001,-1.295e-001,-1.969e-001,+5.935e-002,+9.001e-002,+6.736e-001,-9.246e-001,+4.525e-001,-2.929e-001,+1.449e-001,-4.236e-001,-5.810e-001,-3.668e-001,+2.302e-001,-9.844e-001,+1.945e-001,-1.301e-001,-1.123e-002,+3.364e-001,+5.858e-002,+3.393e-001,+6.143e+000,+8.231e-001,-5.507e-002,+2.613e-001,+2.444e-001,-5.346e-001,-6.571e-001,-7.885e-001,+3.074e-001,-1.086e-001 },
  {-5.916e-001,-6.477e-001,-5.658e-001,-2.750e-001,+1.272e-001,+9.444e-002,-4.366e-001,+2.328e-001,+1.435e-001,+2.939e-001,+3.811e-001,+3.930e-001,+2.325e-001,-4.592e-001,+8.189e-001,+1.804e-001,-5.297e-001,+4.286e-001,-2.854e-003,-6.503e-001,+2.832e-001,-1.327e-001,-2.212e-001,-5.312e-001,+1.404e-001,-2.154e-002,+9.225e-001,+5.271e-002,+5.812e-001,-1.569e-001,+5.145e-001,+8.283e-002,-6.653e-001,-5.973e-001,-3.552e-001,+3.650e-001,+5.605e-001,-9.906e-002,+4.797e-001,-3.765e-002,+8.231e-001,+5.334e+000,+1.886e-002,-8.080e-001,-1.537e-001,-1.019e-002,-3.698e-001,-1.609e-001,+7.459e-002,+1.219e-001 },
  {+1.047e-001,-5.184e-001,-2.768e-001,+1.227e-001,-2.856e-002,-3.774e-001,-8.125e-002,+3.108e-001,+1.665e-001,-3.141e-002,-3.403e-001,-8.400e-001,-2.660e-001,+4.301e-002,-4.070e-001,+1.530e-001,-6.731e-001,-1.600e-002,+2.738e-001,-1.923e-001,+4.311e-001,-1.133e+000,+4.669e-001,+1.717e-001,-1.213e-001,+3.553e-001,-5.541e-001,+9.521e-001,-3.009e-001,-5.153e-001,-1.839e-001,-3.168e-001,-2.705e-001,+1.074e-001,-5.095e-001,-2.328e-001,+3.305e-002,-2.672e-001,+9.879e-001,+5.788e-002,-5.507e-002,+1.886e-002,+5.724e+000,-3.763e-001,-3.171e-001,-7.257e-001,-2.197e-001,+3.270e-001,+1.006e+000,-2.797e-003 },
  {+1.017e-003,-1.753e-001,+6.919e-001,-3.927e-001,-4.519e-001,-5.822e-001,+9.462e-002,+3.184e-001,-4.571e-001,+3.889e-001,-5.493e-001,+2.939e-001,-1.295e-001,+5.373e-002,-7.686e-001,+4.667e-001,-6.633e-001,+1.095e-001,-4.413e-001,-1.927e-001,-3.422e-001,+1.138e-001,-4.952e-001,-5.536e-001,+7.991e-001,-1.826e-001,+3.758e-001,-1.466e-001,+3.565e-001,-4.411e-001,-3.030e-001,+9.637e-001,-3.355e-001,-5.787e-001,-2.463e-002,-1.007e-001,-1.177e-001,+6.190e-001,+6.159e-001,+5.569e-001,+2.613e-001,-8.080e-001,-3.763e-001,+5.909e+000,+7.662e-001,+1.595e-001,-1.891e-002,+1.184e+000,+5.644e-001,-1.915e-001 },
  {-4.642e-001,-3.530e-001,-8.081e-001,-7.402e-001,+3.392e-001,-1.349e-001,-3.941e-001,-6.634e-001,-6.824e-001,-6.956e-002,+2.677e-001,+1.461e-001,+8.715e-002,+1.272e+000,-2.052e-001,+1.290e-001,-2.168e-001,+4.540e-001,+4.137e-001,-5.478e-001,-1.344e-001,-5.800e-002,-1.275e+000,+3.763e-001,-4.871e-001,+3.601e-001,-4.868e-001,-4.825e-001,-2.127e-001,+2.864e-001,+9.307e-001,+4.249e-001,+3.330e-001,+3.191e-001,+9.608e-001,+6.980e-003,+1.528e-002,-6.358e-001,+3.657e-001,+6.478e-001,+2.444e-001,-1.537e-001,-3.171e-001,+7.662e-001,+5.953e+000,+2.162e-001,-2.455e-001,+6.499e-002,+8.197e-002,-5.519e-002 },
  {+2.860e-001,+1.182e-001,+1.511e-001,-3.215e-002,+2.212e-001,-5.390e-001,+2.846e-001,-5.533e-001,+1.068e+000,+6.502e-001,+1.406e-002,-1.037e+000,-6.672e-001,-5.017e-002,-3.520e-001,-1.386e-001,-2.572e-001,-6.544e-001,-6.789e-002,-3.047e-001,+4.678e-001,-7.505e-001,+8.237e-001,-6.631e-001,+9.402e-001,+4.463e-001,-2.570e-001,+7.933e-002,+8.779e-001,-3.890e-001,+2.150e-001,-1.851e-001,+4.175e-001,+8.940e-002,+4.922e-001,-5.056e-001,+2.096e-001,-5.773e-001,+2.057e-001,-4.085e-001,-5.346e-001,-1.019e-002,-7.257e-001,+1.595e-001,+2.162e-001,+5.971e+000,-2.661e-001,-1.015e+000,-8.656e-002,+1.212e+000 },
  {+4.742e-002,-6.893e-002,+7.119e-001,-6.916e-001,+6.423e-002,+3.251e-001,-1.323e-001,-1.337e+000,-7.935e-001,+3.320e-001,-8.637e-002,-3.232e-001,+5.444e-002,+2.366e-001,+3.539e-001,-1.971e-001,-6.042e-001,-1.121e+000,-8.954e-002,-4.188e-002,+7.992e-001,-6.645e-001,-1.826e-001,+6.222e-001,-2.382e-001,-1.735e-001,+4.765e-001,-3.802e-002,-1.680e-002,-6.890e-001,+4.719e-001,-9.201e-001,-8.578e-002,-5.175e-001,+1.017e+000,+6.117e-002,-5.275e-001,-8.113e-001,+1.848e-001,-2.391e-001,-6.571e-001,-3.698e-001,-2.197e-001,-1.891e-002,-2.455e-001,-2.661e-001,+5.436e+000,+2.040e-001,-3.613e-001,+4.451e-001 },
  {-4.786e-002,-6.822e-001,-7.411e-001,+4.728e-001,+4.643e-004,-5.826e-001,+5.135e-001,-2.784e-001,+1.124e-001,+6.863e-002,+1.406e-001,-7.939e-001,+3.922e-001,-8.201e-001,-1.591e-002,-7.299e-001,+3.372e-001,-3.531e-001,+3.171e-001,+5.216e-001,+5.698e-001,+1.030e+000,-6.397e-002,-3.623e-001,+3.805e-001,-6.835e-001,-2.495e-001,-3.655e-001,-2.849e-001,-1.341e-001,-1.313e-001,+1.677e-001,+3.271e-002,+4.095e-001,+7.848e-001,+1.523e-002,-2.320e-001,-5.466e-001,-1.096e-001,+3.975e-001,-7.885e-001,-1.609e-001,+3.270e-001,+1.184e+000,+6.499e-002,-1.015e+000,+2.040e-001,+5.713e+000,-4.056e-001,-6.728e-001 },
  {+9.254e-002,+1.985e-001,-8.048e-002,-5.808e-001,-6.848e-001,-1.077e-001,-8.667e-001,+5.619e-001,+3.189e-001,+3.049e-002,+6.634e-001,-4.823e-001,+1.297e-001,-1.622e-001,-3.465e-001,-4.295e-001,-3.779e-001,-9.394e-001,-1.943e-001,-4.778e-001,+2.826e-002,-9.531e-002,+1.985e-001,-6.507e-002,-2.230e-001,+4.625e-001,-8.619e-001,+5.911e-001,-4.064e-002,-1.356e-001,-1.059e-001,-3.027e-001,-4.836e-001,-5.541e-001,+4.864e-001,-6.991e-001,+1.991e-001,+3.007e-001,+2.426e-001,-9.230e-001,+3.074e-001,+7.459e-002,+1.006e+000,+5.644e-001,+8.197e-002,-8.656e-002,-3.613e-001,-4.056e-001,+5.785e+000,+1.004e+000 },
  {-1.303e+000,-8.073e-001,-3.423e-001,+8.116e-002,+6.132e-001,+6.863e-001,-5.363e-001,+1.482e-001,-1.549e+000,+8.090e-001,-5.132e-002,-1.524e-001,-2.829e-001,-4.621e-001,+4.381e-001,+1.526e-001,+7.760e-002,-5.198e-001,-5.292e-001,-2.665e-001,-2.006e-001,-3.444e-001,-2.951e-001,+4.009e-001,-2.924e-001,-1.134e-001,+2.180e-001,+5.148e-001,+6.619e-002,+4.976e-001,-2.124e-001,+4.134e-001,+1.052e+000,+7.348e-001,-3.137e-001,+4.628e-001,-3.196e-001,-6.745e-001,-4.334e-001,+5.237e-001,-1.086e-001,+1.219e-001,-2.797e-003,-1.915e-001,-5.519e-002,+1.212e+000,+4.451e-001,-6.728e-001,+1.004e+000,+6.927e+000 }   }
}
yMat = 
{
{ {+1.556e-002,+5.054e-003,-1.416e-002,+4.986e-003,-7.457e-003,+6.135e-003,+2.643e-002,+1.251e-002,+4.228e-002,-1.138e-002,-2.573e-002,-3.456e-002,+1.229e-003,-2.158e-002,+8.997e-003,-9.092e-003,+7.389e-003,-3.107e-002,-1.071e-002,+3.855e-002,+2.996e-004,+3.684e-003,+3.914e-002,-1.269e-002,+1.575e-002,-1.236e-002,-1.085e-002,+2.129e-002,-3.483e-003,-1.265e-002,-3.663e-002,-3.961e-002,+1.009e-002,-3.064e-002,-1.210e-002,-1.110e-002,-5.412e-003,+1.166e-002,-2.362e-002,-2.011e-002,-4.427e-002,+2.836e-002,-6.272e-003,+2.173e-002,+5.341e-002,-3.888e-002,-3.994e-004,-2.988e-002,-2.136e-002,+2.461e-002 },
  {+5.054e-003,+1.008e-002,+2.060e-002,-1.213e-002,-2.021e-002,-1.321e-002,+3.001e-003,-1.930e-003,+1.991e-002,-7.371e-003,-6.904e-004,-8.880e-003,+1.830e-003,+5.178e-003,-1.635e-002,-5.322e-004,-6.723e-003,-5.429e-003,+6.189e-003,-1.307e-002,+1.415e-003,+1.974e-003,-1.167e-003,-9.685e-003,+1.822e-002,-2.418e-003,-6.534e-003,-1.386e-002,+4.383e-003,-8.208e-003,+1.563e-002,+7.714e-004,-1.933e-002,-1.261e-002,+4.980e-003,-1.106e-002,+5.417e-003,+1.880e-003,+1.330e-002,-6.340e-003,-2.852e-003,-3.194e-003,-3.971e-003,-1.136e-002,+4.053e-003,-2.132e-002,-9.285e-003,+2.056e-003,-1.722e-002,+3.020e-002 },
  {-1.416e-002,+2.060e-002,+8.819e-002,-4.562e-002,-4.636e-002,-5.100e-002,-4.072e-002,-2.930e-002,-2.003e-002,-6.336e-004,+4.632e-002,+3.846e-002,+3.156e-003,+5.604e-002,-6.577e-002,+1.551e-002,-3.398e-002,+4.220e-002,+3.863e-002,-1.115e-001,+3.665e-003,-1.030e-003,-7.709e-002,-5.070e-003,+2.481e-002,+1.602e-002,+8.829e-004,-8.143e-002,+1.964e-002,-7.455e-004,+1.156e-001,+7.678e-002,-7.672e-002,+1.994e-002,+3.764e-002,-1.216e-002,+2.636e-002,-1.631e-002,+8.413e-002,+1.887e-002,+7.472e-002,-6.286e-002,-7.282e-005,-7.478e-002,-8.832e-002,+9.420e-003,-2.699e-002,+6.232e-002,-1.127e-002,+4.396e-002 },
  {+4.986e-003,-1.213e-002,-4.562e-002,+2.401e-002,+2.661e-002,+2.674e-002,+1.756e-002,+1.378e-002,+3.480e-003,+2.349e-003,-2.074e-002,-1.489e-002,-1.938e-003,-2.677e-002,+3.430e-002,-6.858e-003,+1.724e-002,-1.755e-002,-1.919e-002,+5.407e-002,-2.052e-003,-8.682e-005,+3.516e-002,+5.002e-003,-1.631e-002,-6.564e-003,+1.430e-003,+4.068e-002,-1.010e-002,+2.634e-003,-5.661e-002,-3.491e-002,+4.008e-002,-5.482e-003,-1.840e-002,+8.591e-003,-1.343e-002,+6.846e-003,-4.174e-002,-6.754e-003,-3.296e-002,+2.930e-002,+1.144e-003,+3.697e-002,+3.878e-002,+1.709e-003,+1.480e-002,-2.874e-002,+9.912e-003,-2.832e-002 },
  {-7.457e-003,-2.021e-002,-4.636e-002,+2.661e-002,+4.109e-002,+2.911e-002,-8.959e-004,+6.644e-003,-3.328e-002,+1.321e-002,-3.836e-003,+1.162e-002,-3.606e-003,-1.536e-002,+3.633e-002,-7.474e-004,+1.570e-002,+5.059e-003,-1.525e-002,+3.550e-002,-2.923e-003,-3.405e-003,+1.051e-002,+1.781e-002,-3.518e-002,+2.557e-003,+1.155e-002,+3.361e-002,-9.959e-003,+1.471e-002,-4.050e-002,-9.772e-003,+4.283e-002,+2.029e-002,-1.299e-002,+2.104e-002,-1.254e-002,-1.566e-003,-3.289e-002,+9.236e-003,-3.088e-003,+1.257e-002,+7.086e-003,+2.842e-002,+2.436e-003,+3.696e-002,+1.950e-002,-1.048e-002,+3.191e-002,-5.863e-002 },
  {+6.135e-003,-1.321e-002,-5.100e-002,+2.674e-002,+2.911e-002,+2.981e-002,+2.047e-002,+1.573e-002,+5.541e-003,+2.142e-003,-2.396e-002,-1.785e-002,-2.093e-003,-3.046e-002,+3.827e-002,-7.945e-003,+1.935e-002,-2.065e-002,-2.164e-002,+6.131e-002,-2.257e-003,+5.158e-005,+4.044e-002,+5.021e-003,-1.740e-002,-7.751e-003,+1.146e-003,+4.582e-002,-1.131e-002,+2.405e-003,-6.404e-002,-4.018e-002,+4.471e-002,-7.287e-003,-2.083e-002,+9.052e-003,-1.506e-002,+8.035e-003,-4.708e-002,-8.271e-003,-3.821e-002,+3.352e-002,+1.014e-003,+4.174e-002,+4.501e-002,+3.324e-004,+1.634e-002,-3.296e-002,+1.010e-002,-3.032e-002 },
  {+2.643e-002,+3.001e-003,-4.072e-002,+1.756e-002,-8.959e-004,+2.047e-002,+4.856e-002,+2.521e-002,+6.771e-002,-1.688e-002,-4.877e-002,-6.024e-002,+1.141e-003,-4.470e-002,+2.802e-002,-1.704e-002,+1.858e-002,-5.584e-002,-2.458e-002,+8.239e-002,-3.630e-004,+5.742e-003,+7.565e-002,-1.787e-002,+1.808e-002,-2.205e-002,-1.644e-002,+4.988e-002,-9.562e-003,-1.876e-002,-8.041e-002,-7.628e-002,+3.209e-002,-5.026e-002,-2.644e-002,-1.392e-002,-1.394e-002,+2.107e-002,-5.396e-002,-3.428e-002,-8.279e-002,+5.635e-002,-9.370e-003,+4.907e-002,+9.949e-002,-6.027e-002,+5.378e-003,-5.850e-002,-2.947e-002,+2.710e-002 },
  {+1.251e-002,-1.930e-003,-2.930e-002,+1.378e-002,+6.644e-003,+1.573e-002,+2.521e-002,+1.432e-002,+2.961e-002,-6.534e-003,-2.614e-002,-2.946e-002,-2.802e-005,-2.601e-002,+2.093e-002,-9.031e-003,+1.242e-002,-2.829e-002,-1.548e-002,+4.918e-002,-6.956e-004,+2.410e-003,+4.134e-002,-6.253e-003,+3.356e-003,-1.108e-002,-6.587e-003,+3.187e-002,-6.719e-003,-7.254e-003,-4.901e-002,-4.154e-002,+2.418e-002,-2.274e-002,-1.606e-002,-3.631e-003,-9.449e-003,+1.073e-002,-3.388e-002,-1.631e-002,-4.378e-002,+3.161e-002,-3.668e-003,+3.055e-002,+5.239e-002,-2.509e-002,+6.184e-003,-3.238e-002,-9.872e-003,+4.008e-003 },
  {+4.228e-002,+1.991e-002,-2.003e-002,+3.480e-003,-3.328e-002,+5.541e-003,+6.771e-002,+2.961e-002,+1.194e-001,-3.360e-002,-6.430e-002,-9.219e-002,+4.388e-003,-4.970e-002,+1.033e-002,-2.293e-002,+1.340e-002,-8.101e-002,-2.202e-002,+8.601e-002,+1.779e-003,+1.058e-002,+9.619e-002,-3.856e-002,+5.239e-002,-3.242e-002,-3.169e-002,+4.263e-002,-5.427e-003,-3.736e-002,-7.937e-002,-9.764e-002,+1.087e-002,-8.518e-002,-2.636e-002,-3.562e-002,-9.452e-003,+3.029e-002,-4.881e-002,-5.450e-002,-1.118e-001,+6.796e-002,-1.846e-002,+4.555e-002,+1.354e-001,-1.120e-001,-7.788e-003,-7.256e-002,-6.556e-002,+8.312e-002 },
