SDPA start at [Thu Jul 15 21:27:25 2021]
param  is ./param.sdpa 
data   is G:\Research\PhysarumSDPSolver\SDPA\testSet\testset2\negative-definite-dense-1018.dat-s  : sparse
"Dense tests with negative definite C matrices that have dimension of 10 and 1-5 constraints"
out    is G:\Research\PhysarumSDPSolver\SDPA\testSet\testset2\negative-definite-dense-1018.dat-s.res
NumThreads  is set as 1
Schur computation : DENSE 
   mu      thetaP  thetaD  objP      objD      alphaP  alphaD  beta 
 0 1.0e+004 1.0e+000 1.0e+000 -0.00e+000 -5.90e+003 8.5e-001 1.0e+000 2.00e-001
 1 2.5e+003 1.5e-001 1.7e-016 +2.00e+001 -7.25e+003 9.5e-001 2.0e+000 2.00e-001
 2 4.5e+002 8.1e-003 6.8e-016 +5.13e+000 -3.71e+003 1.0e+000 1.1e+000 2.00e-001
 3 7.6e+001 4.6e-018 3.6e-016 +3.05e+000 -7.53e+002 2.6e+001 9.4e-001 1.00e-001
 4 1.1e+001 9.1e-018 8.7e-017 -4.93e+000 -1.10e+002 1.5e+001 9.6e-001 1.00e-001
 5 1.3e+000 9.1e-018 2.3e-018 -5.88e+000 -1.89e+001 2.6e+000 8.9e-001 1.00e-001
 6 2.3e-001 9.1e-018 1.8e-018 -6.37e+000 -8.68e+000 1.2e+000 9.5e-001 1.00e-001
 7 3.1e-002 9.1e-018 3.5e-018 -6.47e+000 -6.78e+000 1.1e+000 9.5e-001 1.00e-001
 8 4.2e-003 9.1e-018 1.8e-018 -6.49e+000 -6.53e+000 1.1e+000 9.7e-001 1.00e-001
 9 5.0e-004 9.1e-018 5.3e-018 -6.50e+000 -6.50e+000 1.1e+000 9.9e-001 1.00e-001
10 5.2e-005 1.8e-017 2.1e-017 -6.50e+000 -6.50e+000 1.0e+000 9.9e-001 1.00e-001
11 5.3e-006 1.8e-017 1.4e-017 -6.50e+000 -6.50e+000 1.0e+000 9.9e-001 1.00e-001
12 5.3e-007 1.8e-017 1.2e-016 -6.50e+000 -6.50e+000 1.0e+000 9.9e-001 1.00e-001
13 5.3e-008 9.1e-018 1.7e-016 -6.50e+000 -6.50e+000 1.0e+000 9.9e-001 1.00e-001

phase.value  = pdOPT     
   Iteration = 13
          mu = +5.3217992601606313e-008
relative gap = +8.1900714875711889e-008
        gap  = +5.3217979356645628e-007
     digits  = +7.0867123074554303e+000
objValPrimal = -6.4978647937458280e+000
objValDual   = -6.4978653259256216e+000
p.feas.error = +8.8817841970012523e-016
d.feas.error = +1.3358203432289883e-012
total time   = 0.024259
** Paramters **
maxIteration = 100
epsilonStar  = +9.9999999999999995e-008
lambdaStar   = +1.0000000000000000e+002
omegaStar    = +2.0000000000000000e+000
lowerBound   = -1.0000000000000000e+005
upperBound   = +1.0000000000000000e+005
betaStar     = +1.0000000000000001e-001
betaBar      = +2.0000000000000001e-001
gammaStar    = +9.0000000000000002e-001
epsilonDash  = +9.9999999999999995e-008
xPrint       = %+8.3e 
XPrint       = %+8.3e 
YPrint       = %+8.3e 
infPrint     = %+10.16e 

                         Time(sec)  Ratio(% : MainLoop) 
 Predictor time  =       0.007997,  34.379433
 Corrector time  =       0.003978,  17.101586
 Make bMat time  =       0.000998,  4.290443
 Make bDia time  =       0.000000,  0.000000
 Make bF1  time  =       0.000000,  0.000000
 Make bF2  time  =       0.000000,  0.000000
 Make bF3  time  =       0.000000,  0.000000
 Make bPRE time  =       0.000000,  0.000000
 Make rMat time  =       0.000000,  0.000000
 Make gVec Mul   =       0.000000,  0.000000
 Make gVec time  =       0.000000,  0.000000
 Cholesky bMat   =       0.001010,  4.342032
 Ste Pre time    =       0.000000,  0.000000
 Ste Cor time    =       0.008293,  35.651950
 solve           =       0.000000,  0.000000
 sumDz           =       0.001995,  8.576587
 makedX          =       0.000000,  0.000000
 symmetriseDx    =       0.007972,  34.271957
 makedXdZ        =       0.009967,  42.848545
 xMatTime        =       0.001996,  8.580886
 zMatTime        =       0.000997,  4.286144
 invzMatTime     =       0.000000,  0.000000
 xMatzMatTime    =       0.000000,  0.000000
 EigxMatTime     =       0.003987,  17.140278
 EigzMatTime     =       0.004306,  18.511672
 EigxMatzMatTime =       0.000000,  0.000000
 updateRes       =       0.000000,  0.000000
 EigTime         =       0.008293,  35.651950
 sub_total_bMat  =       0.022263,  95.709557
 Main Loop       =       0.023261,  100.000000
 File Check      =       0.000000,  0.000000
 File Change     =       0.000000,  0.000000
 File Read       =       0.000998,  4.290443
 Total           =       0.024259,  104.290443

xVec = 
{-5.263e-005,+2.183e-002,-8.097e-003,+3.917e-002,+5.778e-002}
xMat = 
{
{ {+7.093e+000,-2.307e-002,-1.738e+000,+9.027e-002,+1.593e+000,+2.762e-001,-9.460e-001,-1.870e+000,-8.262e-001,+6.658e-001 },
  {-2.307e-002,+4.430e+000,-1.922e+000,-1.020e-001,-1.369e+000,+1.051e+000,+9.755e-001,-4.865e-001,-1.008e+000,-1.635e+000 },
  {-1.738e+000,-1.922e+000,+7.316e+000,-8.447e-001,-5.364e-001,-5.362e-001,-8.067e-001,-2.197e+000,+1.070e+000,-2.895e-003 },
  {+9.027e-002,-1.020e-001,-8.447e-001,+4.237e+000,+3.502e-001,-1.795e-001,+7.326e-001,+1.939e+000,-2.065e+000,+1.009e+000 },
  {+1.593e+000,-1.369e+000,-5.364e-001,+3.502e-001,+6.014e+000,-3.489e+000,-5.158e-001,-1.463e+000,+1.343e+000,-5.711e-001 },
  {+2.762e-001,+1.051e+000,-5.362e-001,-1.795e-001,-3.489e+000,+4.983e+000,-1.183e+000,-6.768e-001,-1.223e+000,-1.811e+000 },
  {-9.460e-001,+9.755e-001,-8.067e-001,+7.326e-001,-5.158e-001,-1.183e+000,+2.023e+000,+1.578e+000,-7.424e-001,-4.771e-001 },
  {-1.870e+000,-4.865e-001,-2.197e+000,+1.939e+000,-1.463e+000,-6.768e-001,+1.578e+000,+4.405e+000,+6.148e-001,+1.880e+000 },
  {-8.262e-001,-1.008e+000,+1.070e+000,-2.065e+000,+1.343e+000,-1.223e+000,-7.424e-001,+6.148e-001,+6.061e+000,-2.163e-001 },
  {+6.658e-001,-1.635e+000,-2.895e-003,+1.009e+000,-5.711e-001,-1.811e+000,-4.771e-001,+1.880e+000,-2.163e-001,+5.941e+000 }   }
}
yMat = 
{
{ {+1.663e-002,+3.973e-002,+4.599e-002,-5.114e-002,+5.294e-002,+1.996e-002,-4.850e-002,+1.048e-001,-4.128e-002,-9.599e-003 },
  {+3.973e-002,+1.019e-001,+1.223e-001,-1.368e-001,+1.581e-001,+8.260e-002,-8.785e-002,+2.631e-001,-1.019e-001,-6.754e-003 },
  {+4.599e-002,+1.223e-001,+1.493e-001,-1.674e-001,+2.025e-001,+1.173e-001,-8.424e-002,+3.124e-001,-1.199e-001,+2.244e-003 },
  {-5.114e-002,-1.368e-001,-1.674e-001,+1.878e-001,-2.287e-001,-1.343e-001,+9.059e-002,-3.488e-001,+1.337e-001,-4.284e-003 },
  {+5.294e-002,+1.581e-001,+2.025e-001,-2.287e-001,+3.112e-001,+2.214e-001,-2.758e-002,+3.911e-001,-1.460e-001,+4.264e-002 },
  {+1.996e-002,+8.260e-002,+1.173e-001,-1.343e-001,+2.214e-001,+1.986e-001,+8.211e-002,+1.894e-001,-6.565e-002,+6.946e-002 },
  {-4.850e-002,-8.785e-002,-8.424e-002,+9.059e-002,-2.758e-002,+8.211e-002,+2.542e-001,-2.545e-001,+1.075e-001,+9.307e-002 },
  {+1.048e-001,+2.631e-001,+3.124e-001,-3.488e-001,+3.911e-001,+1.894e-001,-2.545e-001,+6.834e-001,-2.660e-001,-3.099e-002 },
  {-4.128e-002,-1.019e-001,-1.199e-001,+1.337e-001,-1.460e-001,-6.565e-002,+1.075e-001,-2.660e-001,+1.040e-001,+1.637e-002 },
  {-9.599e-003,-6.754e-003,+2.244e-003,-4.284e-003,+4.264e-002,+6.946e-002,+9.307e-002,-3.099e-002,+1.637e-002,+4.309e-002 }   }
}
    main loop time = 0.023261
        total time = 0.024259
  file  check time = 0.000000
  file change time = 0.000000
  file   read time = 0.000998
SDPA end at [Thu Jul 15 21:27:25 2021]
ALL TIME = 0.026253
