Answer of test tests/testset2-2/negative-definite-dense-1019.dat-s
[General Setting]
Primal solution:
[[ 0.28738848 -0.04791967  0.23751322  0.12446007  0.1096826  -0.08300125
   0.0104542  -0.28456387  0.01887238  0.16696838]
 [-0.04791967  0.00799024 -0.03960336 -0.02075273 -0.01828868  0.01383976
  -0.00174317  0.04744869 -0.00314681 -0.02784058]
 [ 0.23751322 -0.03960336  0.19629365  0.10286044  0.09064756 -0.06859669
   0.00863989 -0.23517881  0.01559715  0.13799163]
 [ 0.12446007 -0.02075273  0.10286044  0.05390029  0.04750053 -0.03594554
   0.00452745 -0.1232368   0.00817311  0.07230939]
 [ 0.1096826  -0.01828868  0.09064756  0.04750053  0.04186066 -0.03167765
   0.00398988 -0.10860457  0.0072027   0.06372393]
 [-0.08300125  0.01383976 -0.06859669 -0.03594554 -0.03167765  0.02397177
  -0.00301928  0.08218547 -0.00545057 -0.0482225 ]
 [ 0.0104542  -0.00174317  0.00863989  0.00452745  0.00398988 -0.00301928
   0.00038031 -0.01035144  0.00068651  0.00607371]
 [-0.28456387  0.04744869 -0.23517881 -0.1232368  -0.10860457  0.08218547
  -0.01035144  0.28176701 -0.0186869  -0.16532732]
 [ 0.01887238 -0.00314681  0.01559715  0.00817311  0.0072027  -0.00545057
   0.00068651 -0.0186869   0.00123932  0.01096457]
 [ 0.16696838 -0.02784058  0.13799163  0.07230939  0.06372393 -0.0482225
   0.00607371 -0.16532732  0.01096457  0.09700615]]
Dual solution:
0
Tr(CX) = 6.60537471363284
Primal and dual gap: 0
Number of iterations: 82407
Max error in symmetry of Q: 0
Maximum h bound: 0.003
Method name is: Physarum SDC modified (v.2)
Restart factor: 1000
Infeasibility: 3.552713678800501e-14
Time spent (seconds): 25.55506420135498
