Answer of test tests/testset2-2/negative-definite-dense-1018.dat-s
[General Setting]
Primal solution:
[[ 0.01662691  0.03973432  0.04598635 -0.05114373  0.05293703  0.01995622
  -0.04849762  0.10477705 -0.04128122 -0.00959893]
 [ 0.03973432  0.10193166  0.1223065  -0.13679374  0.15805575  0.08259616
  -0.08785308  0.26310479 -0.10187046 -0.0067534 ]
 [ 0.04598635  0.1223065   0.14926495 -0.16737578  0.20253565  0.11728925
  -0.08424419  0.31240535 -0.11989979  0.00224486]
 [-0.05114373 -0.13679374 -0.16737578  0.18775657 -0.22873471 -0.13429865
   0.09059463 -0.34884584  0.13370205 -0.00428436]
 [ 0.05293703  0.15805575  0.20253565 -0.22873471  0.31121824  0.22139337
  -0.02757917  0.39108299 -0.14598603  0.04263688]
 [ 0.01995622  0.08259616  0.11728925 -0.13429865  0.22139337  0.19860366
   0.08211363  0.1893661  -0.06564989  0.06946501]
 [-0.04849762 -0.08785308 -0.08424419  0.09059463 -0.02757917  0.08211363
   0.25419933 -0.25450935  0.10747215  0.09306583]
 [ 0.10477705  0.26310479  0.31240535 -0.34884584  0.39108299  0.1893661
  -0.25450935  0.68343561 -0.26600472 -0.0309937 ]
 [-0.04128122 -0.10187046 -0.11989979  0.13370205 -0.14598603 -0.06564989
   0.10747215 -0.26600472  0.1039775   0.01636538]
 [-0.00959893 -0.0067534   0.00224486 -0.00428436  0.04263688  0.06946501
   0.09306583 -0.0309937   0.01636538  0.04309485]]
Dual solution:
0
Tr(CX) = 6.497864872713252
Primal and dual gap: 0
Number of iterations: 98552
Max error in symmetry of Q: 0
Maximum h bound: 0.003
Method name is: Physarum SDC modified (v.2)
Restart factor: 1000
Infeasibility: 3.197442310920451e-14
Time spent (seconds): 37.8632493019104
