Answer of test tests/testset3-2/dense25negative-definite4.dat-s
[General Setting]
Primal solution:
[[ 1.46177350e-01 -1.43267549e-01 -4.45068493e-02 -5.88764098e-02
   9.18345420e-02 -6.96647121e-02  8.61374806e-02 -6.53942525e-02
  -1.00992302e-01 -3.17152551e-02  1.87265281e-02  1.31791910e-02
  -8.47383689e-02  5.58887192e-02 -1.04909378e-01  5.82074002e-02
   1.45237383e-01  1.24761774e-01  7.33880442e-02  3.14751072e-02
  -7.56866108e-02 -3.89436208e-02  2.03481333e-02  4.17678146e-02
  -1.97479701e-01]
 [-1.43267549e-01  1.44073125e-01  5.26109135e-02  4.79669773e-02
  -9.80245596e-02  6.99440257e-02 -9.43627366e-02  6.50777122e-02
   1.06662642e-01  2.64727807e-02 -1.54714541e-02 -1.37946870e-02
   8.96224694e-02 -6.85018636e-02  9.21611997e-02 -5.77180242e-02
  -1.44126766e-01 -1.23519577e-01 -7.24470635e-02 -2.14121909e-02
   6.68985878e-02  4.10180409e-02 -1.06559752e-02 -4.71009225e-02
   2.04703360e-01]
 [-4.45068493e-02  5.26109135e-02  3.56485127e-02 -6.00841716e-03
  -4.76694155e-02  2.53060895e-02 -5.06586838e-02  2.23322995e-02
   4.96284044e-02 -1.67780811e-03  1.38300314e-03 -6.17041937e-03
   4.19516833e-02 -5.07541806e-02  5.74001942e-03 -1.93676334e-02
  -4.85970550e-02 -4.10375430e-02 -2.36224355e-02  1.36113134e-02
   5.14673486e-03  1.88616119e-02  1.66322675e-02 -2.78695315e-02
   8.75451448e-02]
 [-5.88764098e-02  4.79669773e-02 -6.00841716e-03  4.96383979e-02
  -1.56415963e-02  2.36234884e-02 -8.23036833e-03  2.37161541e-02
   2.02283379e-02  2.50505959e-02 -1.52162721e-02 -2.97111047e-03
   1.66363322e-02  1.40320707e-02  7.06350680e-02 -2.16625075e-02
  -5.37575653e-02 -4.69459794e-02 -2.81746810e-02 -3.78003237e-02
   4.98702769e-02  8.09874423e-03 -3.29212734e-02 -4.10799741e-04
   4.98419336e-02]
 [ 9.18345420e-02 -9.80245596e-02 -4.76694155e-02 -1.56415963e-02
   7.52718448e-02 -4.74186199e-02  7.59058674e-02 -4.32431217e-02
  -8.02854899e-02 -9.81598975e-03  5.44601848e-03  1.02041527e-02
  -6.76411682e-02  6.52017143e-02 -4.25392058e-02  3.80355231e-02
   9.51472671e-02  8.11016679e-02  4.72450541e-02 -9.12998360e-04
  -3.15866964e-02 -3.07130790e-02 -7.57618776e-03  3.97544715e-02
  -1.48518668e-01]
 [-6.96647121e-02  6.99440257e-02  2.53060895e-02  2.36234884e-02
  -4.74186199e-02  3.39595035e-02 -4.55789736e-02  3.16141537e-02
   5.16293083e-02  1.30142618e-02 -7.61166844e-03 -6.68077181e-03
   4.33775279e-02 -3.28876220e-02  4.51415444e-02 -2.80451692e-02
  -7.00277932e-02 -6.00239929e-02 -3.52118456e-02 -1.07018104e-02
   3.27536186e-02  1.98576943e-02 -5.46694814e-03 -2.27136571e-02
   9.91954359e-02]
 [ 8.61374806e-02 -9.43627366e-02 -5.06586838e-02 -8.23036833e-03
   7.59058674e-02 -4.55789736e-02  7.77717646e-02 -4.12121477e-02
  -8.03853209e-02 -6.15697199e-03  3.20165239e-03  1.01517787e-02
  -6.77913278e-02  7.02357661e-02 -3.28492172e-02  3.61186567e-02
   9.04224006e-02  7.68915014e-02  4.46580296e-02 -7.09810070e-03
  -2.48108520e-02 -3.06926614e-02 -1.32491993e-02  4.13658236e-02
  -1.46683467e-01]
 [-6.53942525e-02  6.50777122e-02  2.23322995e-02  2.37161541e-02
  -4.32431217e-02  3.16141537e-02 -4.12121477e-02  2.95203093e-02
   4.72490796e-02  1.29461240e-02 -7.60114903e-03 -6.13233546e-03
   3.96787408e-02 -2.86997444e-02  4.40611063e-02 -2.62200897e-02
  -6.54533461e-02 -5.61480949e-02 -3.29710908e-02 -1.15389384e-02
   3.18979788e-02  1.81895069e-02 -6.60135541e-03 -2.03458692e-02
   9.13496926e-02]
 [-1.00992302e-01  1.06662642e-01  4.96284044e-02  2.02283379e-02
  -8.02854899e-02  5.16293083e-02 -8.03853209e-02  4.72490796e-02
   8.59039751e-02  1.22282543e-02 -6.88508307e-03 -1.09488295e-02
   7.23437455e-02 -6.74369155e-02  5.00949225e-02 -4.16203771e-02
  -1.04081899e-01 -8.88032741e-02 -5.17947327e-02 -1.92932652e-03
   3.70000102e-02  3.28899643e-02  5.44471774e-03 -4.18025025e-02
   1.59861463e-01]
 [-3.17152551e-02  2.64727807e-02 -1.67780811e-03  2.50505959e-02
  -9.81598975e-03  1.30142618e-02 -6.15697199e-03  1.29461240e-02
   1.22282543e-02  1.26946055e-02 -7.69686464e-03 -1.75267171e-03
   1.01009042e-02  5.17883769e-03  3.62010416e-02 -1.17851026e-02
  -2.92665768e-02 -2.55038592e-02 -1.52671403e-02 -1.87259222e-02
   2.56013542e-02  4.85668841e-03 -1.61235803e-02 -1.29015495e-03
   2.87827153e-02]
 [ 1.87265281e-02 -1.54714541e-02  1.38300314e-03 -1.52162721e-02
   5.44601848e-03 -7.61166844e-03  3.20165239e-03 -7.60114903e-03
  -6.88508307e-03 -7.69686464e-03  4.67046069e-03  9.96569844e-04
  -5.67740370e-03 -3.65687980e-03 -2.18403972e-02  6.92940040e-03
   1.72029857e-02  1.50047882e-02  8.99191841e-03  1.14686788e-02
  -1.54342895e-02 -2.74331185e-03  9.92559110e-03  4.92759611e-04
  -1.65081916e-02]
 [ 1.31791910e-02 -1.37946870e-02 -6.17041937e-03 -2.97111047e-03
   1.02041527e-02 -6.68077181e-03  1.01517787e-02 -6.13233546e-03
  -1.09488295e-02 -1.75267171e-03  9.96569844e-04  1.39891560e-03
  -9.21702749e-03  8.33321830e-03 -6.90000030e-03  5.40855697e-03
   1.35217832e-02  1.15463169e-02  6.74136459e-03  5.72899074e-04
  -5.07618229e-03 -4.19506588e-03 -3.94471090e-04  5.24531621e-03
  -2.04818358e-02]
 [-8.47383689e-02  8.96224694e-02  4.19516833e-02  1.66363322e-02
  -6.76411682e-02  4.33775279e-02 -6.77913278e-02  3.96787408e-02
   7.23437455e-02  1.01009042e-02 -5.67740370e-03 -9.21702749e-03
   6.09275891e-02 -5.70576595e-02  4.16642523e-02 -3.49450209e-02
  -8.73922312e-02 -7.45539558e-02 -4.34767302e-02 -1.29280707e-03
   3.07935843e-02  2.76950273e-02  4.88928473e-03 -3.52876849e-02
   1.34518365e-01]
 [ 5.58887192e-02 -6.85018636e-02 -5.07541806e-02  1.40320707e-02
   6.52017143e-02 -3.28876220e-02  7.02357661e-02 -2.86997444e-02
  -6.74369155e-02  5.17883769e-03 -3.65687980e-03  8.33321830e-03
  -5.70576595e-02  7.28777642e-02 -1.06314083e-04  2.47664642e-02
   6.22110802e-02  5.23591575e-02  3.00098161e-02 -2.33787069e-02
  -1.61203575e-03 -2.55835780e-02 -2.70727780e-02  3.91035171e-02
  -1.17364599e-01]
 [-1.04909378e-01  9.21611997e-02  5.74001942e-03  7.06350680e-02
  -4.25392058e-02  4.51415444e-02 -3.28492172e-02  4.40611063e-02
   5.00949225e-02  3.62010416e-02 -2.18403972e-02 -6.90000030e-03
   4.16642523e-02 -1.06314083e-04  1.06360696e-01 -3.98239050e-02
  -9.90454888e-02 -8.59218713e-02 -5.11543257e-02 -5.00920716e-02
   7.55412624e-02  1.96438681e-02 -4.16713614e-02 -1.20092718e-02
   1.09217390e-01]
 [ 5.82074002e-02 -5.77180242e-02 -1.93676334e-02 -2.16625075e-02
   3.80355231e-02 -2.80451692e-02  3.61186567e-02 -2.62200897e-02
  -4.16203771e-02 -1.17851026e-02  6.92940040e-03  5.40855697e-03
  -3.49450209e-02  2.47664642e-02 -3.98239050e-02  2.33004981e-02
   5.81589269e-02  4.99069332e-02  2.93180437e-02  1.08064816e-02
  -2.88057246e-02 -1.60287078e-02  6.40306743e-03  1.77599071e-02
  -8.06771076e-02]
 [ 1.45237383e-01 -1.44126766e-01 -4.85970550e-02 -5.37575653e-02
   9.51472671e-02 -7.00277932e-02  9.04224006e-02 -6.54533461e-02
  -1.04081899e-01 -2.92665768e-02  1.72029857e-02  1.35217832e-02
  -8.73922312e-02  6.22110802e-02 -9.90454888e-02  5.81589269e-02
   1.45170206e-01  1.24563792e-01  7.31692161e-02  2.66790232e-02
  -7.16552843e-02 -4.00804197e-02  1.56962625e-02  4.45001712e-02
  -2.01640016e-01]
 [ 1.24761774e-01 -1.23519577e-01 -4.10375430e-02 -4.69459794e-02
   8.11016679e-02 -6.00239929e-02  7.68915014e-02 -5.61480949e-02
  -8.88032741e-02 -2.55038592e-02  1.50047882e-02  1.15463169e-02
  -7.45539558e-02  5.23591575e-02 -8.59218713e-02  4.99069332e-02
   1.24563792e-01  1.06904955e-01  6.28128396e-02  2.36612583e-02
  -6.21269724e-02 -3.42053602e-02  1.42150904e-02  3.77408465e-02
  -1.72333918e-01]
 [ 7.33880442e-02 -7.24470635e-02 -2.36224355e-02 -2.81746810e-02
   4.72450541e-02 -3.52118456e-02  4.46580296e-02 -3.29710908e-02
  -5.17947327e-02 -1.52671403e-02  8.99191841e-03  6.74136459e-03
  -4.34767302e-02  3.00098161e-02 -5.11543257e-02  2.93180437e-02
   7.31692161e-02  6.28128396e-02  3.69182167e-02  1.44607065e-02
  -3.69633147e-02 -1.99566194e-02  8.89564852e-03  2.18456886e-02
  -1.00729838e-01]
 [ 3.14751072e-02 -2.14121909e-02  1.36113134e-02 -3.78003237e-02
  -9.12998360e-04 -1.07018104e-02 -7.09810070e-03 -1.15389384e-02
  -1.92932652e-03 -1.87259222e-02  1.14686788e-02  5.72899074e-04
  -1.29280707e-03 -2.33787069e-02 -5.00920716e-02  1.08064816e-02
   2.66790232e-02  2.36612583e-02  1.44607065e-02  3.11234735e-02
  -3.50832600e-02 -1.03323711e-03  2.83424886e-02 -6.91123976e-03
  -1.37420879e-02]
 [-7.56866108e-02  6.68985878e-02  5.14673486e-03  4.98702769e-02
  -3.15866964e-02  3.27536186e-02 -2.48108520e-02  3.18979788e-02
   3.70000102e-02  2.56013542e-02 -1.54342895e-02 -5.07618229e-03
   3.07935843e-02 -1.61203575e-03  7.55412624e-02 -2.88057246e-02
  -7.16552843e-02 -6.21269724e-02 -3.69633147e-02 -3.50832600e-02
   5.36845675e-02  1.44907762e-02 -2.90248560e-02 -9.35361682e-03
   8.00423646e-02]
 [-3.89436208e-02  4.10180409e-02  1.88616119e-02  8.09874423e-03
  -3.07130790e-02  1.98576943e-02 -3.06926614e-02  1.81895069e-02
   3.28899643e-02  4.85668841e-03 -2.74331185e-03 -4.19506588e-03
   2.76950273e-02 -2.55835780e-02  1.96438681e-02 -1.60287078e-02
  -4.00804197e-02 -3.42053602e-02 -1.99566194e-02 -1.03323711e-03
   1.44907762e-02  1.25953376e-02  1.81484227e-03 -1.59304819e-02
   6.13022014e-02]
 [ 2.03481333e-02 -1.06559752e-02  1.66322675e-02 -3.29212734e-02
  -7.57618776e-03 -5.46694814e-03 -1.32491993e-02 -6.60135541e-03
   5.44471774e-03 -1.61235803e-02  9.92559110e-03 -3.94471090e-04
   4.88928473e-03 -2.70727780e-02 -4.16713614e-02  6.40306743e-03
   1.56962625e-02  1.42150904e-02  8.89564852e-03  2.83424886e-02
  -2.90248560e-02  1.81484227e-03  2.64145771e-02 -9.83901060e-03
   8.34769071e-04]
 [ 4.17678146e-02 -4.71009225e-02 -2.78695315e-02 -4.10799741e-04
   3.97544715e-02 -2.27136571e-02  4.13658236e-02 -2.03458692e-02
  -4.18025025e-02 -1.29015495e-03  4.92759611e-04  5.24531621e-03
  -3.52876849e-02  3.91035171e-02 -1.20092718e-02  1.77599071e-02
   4.45001712e-02  3.77408465e-02  2.18456886e-02 -6.91123976e-03
  -9.35361682e-03 -1.59304819e-02 -9.83901060e-03  2.23246306e-02
  -7.52275351e-02]
 [-1.97479701e-01  2.04703360e-01  8.75451448e-02  4.98419336e-02
  -1.48518668e-01  9.91954359e-02 -1.46683467e-01  9.13496926e-02
   1.59861463e-01  2.87827153e-02 -1.65081916e-02 -2.04818358e-02
   1.34518365e-01 -1.17364599e-01  1.09217390e-01 -8.06771076e-02
  -2.01640016e-01 -1.72333918e-01 -1.00729838e-01 -1.37420879e-02
   8.00423646e-02  6.13022014e-02  8.34769071e-04 -7.52275351e-02
   3.00807199e-01]]
Dual solution:
0
Tr(CX) = 2.2563304878556556
Primal and dual gap: 0
Number of iterations: 99999
Max error in symmetry of Q: 0
Maximum h bound: 0.001
Method name is: Physarum SDC modified (v.2)
Restart factor: 1000
Infeasibility: 6.114884518943259e-13
Time spent (seconds): 102.70481824874878
